	mass C									
t	x	y	r	vx	vy	v	ax	ay	a	
0.000	-1.590E-3	-4.668E-3	4.932E-3						
0.017	-3.755E-4	-4.638E-3	4.653E-3	8.479E-2	4.375E-4	8.479E-2			
0.033	1.239E-3	-4.654E-3	4.816E-3	9.620E-2	5.243E-3	9.634E-2	2.401E-3	1.686	1.686
0.050	2.834E-3	-4.463E-3	5.287E-3	8.457E-2	5.276E-2	9.968E-2	-1.251	2.896	3.155
0.067	4.061E-3	-2.893E-3	4.986E-3	5.414E-2	0.110	0.123	-1.425	2.446	2.831
0.083	4.641E-3	-7.772E-4	4.705E-3	3.327E-2	0.132	0.136	-0.216	0.922	0.947
0.100	5.171E-3	1.523E-3	5.391E-3	4.709E-2	0.140	0.148	-0.226	-0.678	0.714
0.117	6.212E-3	3.899E-3	7.334E-3	3.434E-2	0.114	0.119	0.135	-1.287	1.294
0.133	6.317E-3	5.317E-3	8.257E-3	3.698E-2	8.822E-2	9.566E-2	0.282	-1.112	1.147
0.150	7.446E-3	6.842E-3	1.011E-2	5.792E-2	8.283E-2	0.101	0.836	-0.500	0.974
0.167	8.249E-3	8.081E-3	1.155E-2	5.651E-2	6.934E-2	8.945E-2	-6.032E-2	-1.068	1.070
0.184	9.332E-3	9.156E-3	1.307E-2	6.034E-2	4.919E-2	7.785E-2	0.313	-1.147	1.189
0.200	1.026E-2	9.723E-3	1.414E-2	6.337E-2	2.823E-2	6.937E-2	0.453	-1.000	1.098
0.217	1.145E-2	1.010E-2	1.526E-2	7.734E-2	1.712E-2	7.922E-2	0.575	-1.074	1.218
0.234	1.284E-2	1.029E-2	1.646E-2	8.336E-2	-5.822E-3	8.356E-2	0.557	-1.769	1.855
0.250	1.423E-2	9.903E-3	1.733E-2	9.342E-2	-4.331E-2	0.103	0.316	-1.350	1.387
0.267	1.596E-2	8.849E-3	1.825E-2	9.780E-2	-5.520E-2	0.112	-0.211	-0.692	0.724
0.284	1.749E-2	8.061E-3	1.926E-2	8.423E-2	-5.952E-2	0.103	6.009E-2	0.248	0.255
0.300	1.877E-2	6.863E-3	1.999E-2	9.581E-2	-5.414E-2	0.110	0.133	0.795	0.806
0.317	2.069E-2	6.255E-3	2.161E-2	9.764E-2	-2.746E-2	0.101	0.109	1.228	1.233
0.334	2.203E-2	5.946E-3	2.282E-2	9.036E-2	-1.379E-2	9.141E-2	-0.192	0.429	0.470
0.350	2.370E-2	5.795E-3	2.440E-2	9.702E-2	-1.258E-2	9.783E-2	0.299	-0.185	0.352
0.367	2.527E-2	5.527E-3	2.586E-2	9.743E-2	-2.095E-2	9.966E-2	6.925E-2	-0.386	0.393
0.384	2.695E-2	5.096E-3	2.743E-2	0.101	-2.630E-2	0.104	0.272	0.177	0.325
0.400	2.863E-2	4.649E-3	2.901E-2	0.105	-1.601E-2	0.106	-0.326	0.928	0.983
0.417	3.047E-2	4.561E-3	3.081E-2	9.369E-2	6.160E-3	9.389E-2	-0.324	0.992	1.044
0.434	3.176E-2	4.855E-3	3.213E-2	8.771E-2	1.866E-2	8.967E-2	-0.357	0.496	0.611
0.450	3.339E-2	5.184E-3	3.379E-2	8.837E-2	2.120E-2	9.088E-2	0.180	-0.441	0.476
0.467	3.471E-2	5.562E-3	3.515E-2	8.820E-2	6.507E-3	8.844E-2	3.933E-2	-0.954	0.955
0.484	3.634E-2	5.401E-3	3.673E-2	9.419E-2	-1.473E-2	9.534E-2	0.367	-1.325	1.374
0.501	3.785E-2	5.070E-3	3.819E-2	9.722E-2	-3.471E-2	0.103	0.139	-0.988	0.998
0.517	3.958E-2	4.243E-3	3.981E-2	0.101	-5.103E-2	0.114	0.678	-0.848	1.086
0.534	4.124E-2	3.368E-3	4.137E-2	0.116	-6.017E-2	0.131	0.529	-0.470	0.708
0.551	4.345E-2	2.235E-3	4.350E-2	0.125	-6.862E-2	0.143	0.116	1.079	1.086
0.567	4.541E-2	1.078E-3	4.543E-2	0.116	-2.902E-2	0.119	-0.568	1.988	2.068
0.584	4.731E-2	1.267E-3	4.732E-2	0.108	9.595E-3	0.108	-0.664	1.255	1.420
0.601	4.900E-2	1.398E-3	4.902E-2	9.326E-2	6.757E-3	9.351E-2	8.552E-2	-0.369	0.378
0.617	5.042E-2	1.492E-3	5.044E-2	0.106	-1.729E-3	0.106	0.482	-0.497	0.692
0.634	5.253E-2	1.340E-3	5.255E-2	0.118	-1.142E-2	0.118	0.696	-0.501	0.857
0.651	5.435E-2	1.111E-3	5.436E-2	0.122	-1.752E-2	0.123	0.293	1.238E-2	0.294
0.667	5.659E-2	7.558E-4	5.660E-2	0.133	-1.294E-2	0.133	0.624	0.161	0.644
0.684	5.878E-2	6.791E-4	5.878E-2	0.139	-8.637E-3	0.139	0.101	9.360E-2	0.138
0.701	6.123E-2	4.676E-4	6.123E-2	0.140	-1.223E-2	0.140	7.103E-2	0.183	0.196
0.717	6.344E-2	2.709E-4	6.344E-2	0.137	-3.068E-3	0.138	-0.378	1.547	1.593
0.734	6.582E-2	3.652E-4	6.582E-2	0.131	3.730E-2	0.136	-0.604	2.252	2.331
0.751	6.782E-2	1.515E-3	6.784E-2	0.114	7.850E-2	0.139	-0.537	1.180	1.297
0.767	6.963E-2	2.984E-3	6.969E-2	0.113	7.653E-2	0.136	-0.220	-0.492	0.539
0.784	7.158E-2	4.069E-3	7.169E-2	0.110	5.837E-2	0.124	-0.102	-0.773	0.780
0.801	7.329E-2	4.932E-3	7.346E-2	0.106	5.064E-2	0.118	-4.399E-4	-0.518	0.518
0.817	7.512E-2	5.759E-3	7.534E-2	0.111	4.270E-2	0.119	0.562	-0.560	0.794
0.834	7.701E-2	6.357E-3	7.728E-2	0.124	3.086E-2	0.127	0.505	-0.775	0.925
0.851	7.925E-2	6.788E-3	7.954E-2	0.131	1.759E-2	0.132	0.540	-0.781	0.950
0.868	8.140E-2	6.944E-3	8.169E-2	0.138	3.911E-3	0.138	0.333	-0.897	0.957
0.884	8.386E-2	6.919E-3	8.414E-2	0.146	-1.129E-2	0.146	0.243	-1.668	1.686
0.901	8.626E-2	6.567E-3	8.651E-2	0.144	-4.970E-2	0.153	0.320	-1.886	1.913
0.918	8.867E-2	5.261E-3	8.883E-2	0.155	-8.065E-2	0.175	4.281E-3	-0.419	0.419
0.934	9.144E-2	3.876E-3	9.152E-2	0.150	-6.311E-2	0.162	-8.009E-3	1.268	1.268
0.951	9.367E-2	3.155E-3	9.372E-2	0.147	-3.368E-2	0.151	0.156	1.440	1.448
0.968	9.634E-2	2.752E-3	9.638E-2	0.161	-1.631E-2	0.162	0.424	0.784	0.892
0.984	9.904E-2	2.611E-3	9.907E-2	0.160	-6.862E-3	0.160	0.137	0.458	0.478
1.001	0.102	2.523E-3	0.102	0.164	-2.130E-3	0.164	0.287	0.203	0.351
1.018	0.105	2.539E-3	0.105	0.171	6.064E-4	0.171	0.188	-0.168	0.252
1.034	0.107	2.543E-3	0.107	0.170	-7.225E-3	0.170	0.329	-0.494	0.594
1.051	0.110	2.298E-3	0.110	0.180	-1.755E-2	0.181	-0.362	1.067	1.127
1.068	0.113	1.958E-3	0.113	0.165	2.251E-2	0.167	-0.827	2.584	2.713
1.084	0.116	3.049E-3	0.116	0.142	7.935E-2	0.163	-0.885	1.927	2.121
1.101	0.118	4.606E-3	0.118	0.141	8.573E-2	0.165	-0.220	-4.659E-3	0.221
1.118	0.120	5.910E-3	0.121	0.134	7.544E-2	0.154	-0.461	-0.734	0.867
1.134	0.123	7.123E-3	0.123	0.126	6.294E-2	0.141	-0.203	-1.047	1.067
1.151	0.125	8.010E-3	0.125	0.125	3.999E-2	0.132	0.547	-1.519	1.615
1.168	0.127	8.457E-3	0.127	0.144	1.198E-2	0.145	0.407	-1.526	1.579
1.185	0.129	8.410E-3	0.130	0.145	-1.196E-2	0.145	1.111	-1.105	1.568
1.201	0.132	8.058E-3	0.132	0.170	-2.485E-2	0.171	0.589	-0.725	0.934
1.218	0.135	7.581E-3	0.135	0.181	-3.500E-2	0.185	7.506E-2	-0.700	0.704
1.235	0.138	6.890E-3	0.138	0.158	-4.848E-2	0.165	-0.624	-0.175	0.648
1.251	0.140	5.963E-3	0.140	0.165	-4.366E-2	0.171	0.136	0.839	0.850
1.268	0.143	5.434E-3	0.143	0.164	-1.803E-2	0.165	0.222	1.080	1.103
1.285	0.146	5.361E-3	0.146	0.169	-5.275E-3	0.169	0.136	0.543	0.560
1.301	0.149	5.258E-3	0.149	0.173	-2.658E-3	0.173	0.268	0.187	0.327
1.318	0.152	5.273E-3	0.152	0.174	1.977E-3	0.174	0.264	9.322E-2	0.280
1.335	0.155	5.324E-3	0.155	0.184	6.011E-4	0.184	0.643	-0.259	0.693
1.351	0.158	5.293E-3	0.158	0.194	-6.799E-3	0.194	0.308	-0.355	0.469
1.368	0.161	5.097E-3	0.161	0.197	-1.222E-2	0.197	0.194	-0.209	0.285
1.385	0.164	4.885E-3	0.164	0.198	-1.313E-2	0.198	-6.821E-2	2.308E-2	7.201E-2
1.401	0.168	4.659E-3	0.168	0.197	-1.176E-2	0.198	-0.509	0.739	0.897
1.418	0.171	4.492E-3	0.171	0.180	9.338E-3	0.180	-1.332	1.724	2.178
1.435	0.174	4.970E-3	0.174	0.152	4.822E-2	0.160	-0.822	1.392	1.616
1.451	0.176	6.101E-3	0.176	0.148	5.976E-2	0.160	-0.105	0.124	0.162
1.468	0.179	6.964E-3	0.179	0.155	4.781E-2	0.162	0.182	-0.874	0.893
1.485	0.181	7.697E-3	0.181	0.151	3.228E-2	0.155	0.205	-0.773	0.800
1.502	0.184	8.041E-3	0.184	0.161	1.943E-2	0.163	0.168	-0.821	0.838
1.518	0.187	8.345E-3	0.187	0.161	7.695E-3	0.161	0.378	-0.716	0.810
1.535	0.189	8.298E-3	0.189	0.167	-6.731E-3	0.167	0.491	-0.817	0.953
1.552	0.192	8.120E-3	0.192	0.184	-1.811E-2	0.185	0.311	-1.049	1.094
1.568	0.195	7.694E-3	0.195	0.176	-4.108E-2	0.181	-0.347	-0.744	0.821
1.585	0.198	6.750E-3	0.198	0.170	-4.759E-2	0.177	0.192	0.430	0.471
1.602	0.201	6.106E-3	0.201	0.182	-2.402E-2	0.184	-0.389	1.269	1.328
1.618	0.204	5.948E-3	0.204	0.164	-3.241E-3	0.164	-0.333	1.038	1.090
1.635	0.206	5.998E-3	0.206	0.158	9.382E-3	0.158	0.207	0.453	0.498
1.652	0.209	6.261E-3	0.209	0.182	1.318E-2	0.182	0.749	-6.487E-2	0.751
1.668	0.212	6.437E-3	0.213	0.180	6.181E-3	0.180	0.105	-0.437	0.449
1.685	0.215	6.467E-3	0.215	0.184	-1.758E-3	0.184	0.392	-0.397	0.558
1.702	0.219	6.379E-3	0.219	0.195	-7.173E-3	0.195	0.331	-0.386	0.508
1.718	0.222	6.228E-3	0.222	0.196	-1.395E-2	0.196	-0.264	5.679E-2	0.270
1.735	0.225	5.913E-3	0.225	0.185	-7.972E-3	0.185	-0.686	0.789	1.045
1.752	0.228	5.962E-3	0.228	0.172	1.452E-2	0.173	-0.621	1.037	1.209
1.768	0.231	6.398E-3	0.231	0.164	2.811E-2	0.166	-0.735	0.368	0.822
1.785	0.234	6.900E-3	0.234	0.150	2.625E-2	0.152	-0.431	-7.306E-2	0.437
1.802	0.236	7.274E-3	0.236	0.146	2.406E-2	0.148	8.401E-2	-0.186	0.204
1.818	0.238	7.703E-3	0.238	0.156	2.164E-2	0.157	0.304	-0.315	0.438
1.835	0.241	7.996E-3	0.241	0.156	1.281E-2	0.156	0.445	-0.458	0.639
1.852	0.244	8.130E-3	0.244	0.167	5.901E-3	0.168	9.684E-2	-0.511	0.520
1.869	0.247	8.193E-3	0.247	0.166	-3.192E-3	0.166	0.227	-0.624	0.664
1.885	0.249	8.024E-3	0.249	0.166	-1.580E-2	0.167	-0.178	-0.693	0.715
1.902	0.252	7.666E-3	0.252	0.169	-2.624E-2	0.171	-8.093E-2	0.115	0.140
1.919	0.255	7.148E-3	0.255	0.157	-1.484E-2	0.158	-0.107	0.658	0.666
1.935	0.257	7.170E-3	0.257	0.166	1.048E-3	0.167	0.319	0.677	0.748
1.952	0.260	7.183E-3	0.260	0.170	4.774E-3	0.170	-0.131	0.223	0.259
1.969	0.263	7.330E-3	0.263	0.161	9.577E-3	0.161	0.208	4.528E-2	0.213
1.985	0.266	7.503E-3	0.266	0.174	6.488E-3	0.174	0.410	-0.212	0.461
2.002	0.269	7.546E-3	0.269	0.182	1.458E-3	0.182	9.167E-2	-0.296	0.310
2.019	0.272	7.551E-3	0.272	0.171	-2.731E-3	0.171	2.705E-2	-0.402	0.403
2.035	0.275	7.455E-3	0.275	0.182	-1.179E-2	0.183	0.221	-0.570	0.612
2.052	0.278	7.158E-3	0.278	0.183	-2.239E-2	0.185	-0.362	-0.171	0.401
2.069	0.281	6.708E-3	0.281	0.166	-1.907E-2	0.168	-0.452	0.666	0.805
2.085	0.283	6.521E-3	0.283	0.167	1.005E-3	0.167	-0.228	1.286	1.306
2.102	0.286	6.741E-3	0.286	0.163	2.457E-2	0.165	-0.532	0.793	0.955
2.119	0.289	7.341E-3	0.289	0.146	2.985E-2	0.149	-0.485	5.320E-2	0.488
2.135	0.291	7.737E-3	0.291	0.146	2.307E-2	0.148	-0.222	-0.286	0.363
2.152	0.294	8.111E-3	0.294	0.143	2.115E-2	0.144	0.498	-0.421	0.652
2.169	0.296	8.443E-3	0.296	0.156	1.015E-2	0.156	0.201	-0.676	0.705
2.186	0.299	8.450E-3	0.299	0.160	-3.463E-3	0.160	-8.920E-2	-0.683	0.689
2.202	0.301	8.327E-3	0.301	0.144	-1.173E-2	0.144	0.111	-0.575	0.586
2.219	0.304	8.058E-3	0.304	0.164	-2.245E-2	0.166	0.541	-0.463	0.712
2.236	0.307	7.578E-3	0.307	0.169	-2.841E-2	0.171	0.597	0.373	0.704
2.252	0.309	7.110E-3	0.309	0.175	-1.137E-2	0.175	-0.307	0.817	0.873
2.269	0.313	7.199E-3	0.313	0.170	3.797E-3	0.170	-0.354	0.386	0.524
2.286	0.315	7.237E-3	0.315	0.152	-8.637E-4	0.152	-0.406	-0.274	0.490
2.302	0.318	7.170E-3	0.318	0.162	-5.781E-3	0.162	0.724	-8.021E-2	0.728
2.319	0.320	7.044E-3	0.320	0.174	-4.093E-3	0.174	0.157	-3.266E-2	0.160
2.336	0.323	7.034E-3	0.323	0.172	-5.003E-3	0.172	6.776E-2	-0.139	0.155
2.352	0.326	6.877E-3	0.326	0.169	-1.034E-2	0.170	-5.950E-3	-0.316	0.316
2.369	0.329	6.689E-3	0.329	0.177	-1.471E-2	0.178	0.258	-0.532	0.592
2.386	0.332	6.386E-3	0.332	0.175	-2.759E-2	0.177	-0.348	-0.191	0.397
2.402	0.335	5.768E-3	0.335	0.168	-2.501E-2	0.170	-0.334	0.851	0.914
2.419	0.338	5.552E-3	0.338	0.161	3.277E-3	0.161	-0.680	1.360	1.520
2.436	0.340	5.878E-3	0.340	0.149	2.282E-2	0.151	-0.581	0.618	0.848
2.452	0.343	6.313E-3	0.343	0.137	2.297E-2	0.139	-0.499	-0.268	0.566
2.469	0.345	6.644E-3	0.345	0.135	1.344E-2	0.136	-0.153	-0.161	0.222
2.486	0.347	6.762E-3	0.347	0.131	1.508E-2	0.132	0.109	3.550E-2	0.115
2.503	0.349	7.147E-3	0.349	0.138	1.849E-2	0.139	0.352	-0.173	0.393
2.519	0.352	7.379E-3	0.352	0.145	7.714E-3	0.145	0.227	-0.648	0.687
2.536	0.354	7.405E-3	0.354	0.144	-3.512E-3	0.144	0.196	-0.676	0.704
2.553	0.356	7.262E-3	0.357	0.151	-1.456E-2	0.152	-5.105E-2	-0.257	0.262
2.569	0.359	6.919E-3	0.359	0.146	-1.400E-2	0.147	5.449E-2	0.634	0.636
2.586	0.361	6.795E-3	0.361	0.146	7.221E-3	0.147	-0.427	0.766	0.877
2.603	0.364	7.160E-3	0.364	0.140	1.569E-2	0.141	-4.454E-3	0.165	0.165
2.619	0.366	7.318E-3	0.366	0.137	8.944E-3	0.137	-2.754E-2	-0.362	0.363
2.636	0.369	7.458E-3	0.369	0.147	4.849E-3	0.147	0.273	-0.203	0.340
2.653	0.371	7.480E-3	0.371	0.142	1.247E-3	0.142	5.490E-2	-5.322E-3	5.516E-2
2.669	0.373	7.500E-3	0.373	0.149	4.669E-3	0.149	0.507	0.154	0.530
2.686	0.376	7.636E-3	0.376	0.160	7.468E-3	0.160	0.433	0.165	0.463
2.703	0.379	7.749E-3	0.379	0.164	9.142E-3	0.164	-0.445	-6.504E-2	0.450
2.719	0.381	7.941E-3	0.381	0.147	6.742E-3	0.147	-0.546	-0.116	0.558
2.736	0.383	7.974E-3	0.384	0.139	3.391E-3	0.140	-0.323	0.375	0.495
2.753	0.386	8.054E-3	0.386	0.142	1.840E-2	0.143	-0.302	0.972	1.017
2.769	0.388	8.588E-3	0.388	0.127	3.857E-2	0.133	-0.382	0.649	0.753
2.786	0.390	9.341E-3	0.390	0.127	4.063E-2	0.133	-0.291	0.166	0.335
2.803	0.392	9.944E-3	0.393	0.122	4.118E-2	0.129	-0.174	-0.204	0.268
2.819	0.394	1.071E-2	0.394	0.116	3.720E-2	0.122	8.807E-2	-0.643	0.649
2.836	0.396	1.119E-2	0.396	0.128	1.790E-2	0.129	0.221	-0.979	1.004
2.853	0.399	1.131E-2	0.399	0.125	3.460E-3	0.126	2.213E-2	-0.822	0.822
2.870	0.401	1.130E-2	0.401	0.124	-8.166E-3	0.124	-0.192	-0.711	0.736
2.886	0.403	1.104E-2	0.403	0.124	-2.104E-2	0.125	0.346	-0.602	0.694
2.903	0.405	1.060E-2	0.405	0.130	-2.842E-2	0.133	0.285	-0.582	0.648
2.920	0.407	1.009E-2	0.407	0.139	-3.904E-2	0.144	0.275	-8.009E-3	0.275
2.936	0.409	9.296E-3	0.409	0.135	-3.297E-2	0.139	-0.345	0.574	0.670
2.953	0.412	8.991E-3	0.412	0.130	-1.494E-2	0.131	0.111	0.635	0.645
2.970	0.414	8.797E-3	0.414	0.135	-1.275E-2	0.136	0.178	6.250E-2	0.189
2.986	0.416	8.565E-3	0.416	0.141	-1.369E-2	0.142	0.598	9.110E-2	0.605
3.003	0.418	8.341E-3	0.418	0.149	-9.987E-3	0.150	3.020E-2	0.141	0.145
3.020	0.421	8.232E-3	0.421	0.149	-7.821E-3	0.150	0.132	-5.100E-2	0.141
3.036	0.423	8.080E-3	0.423	0.146	-1.214E-2	0.147	0.399	-0.227	0.459
3.053	0.426	7.827E-3	0.426	0.167	-1.594E-2	0.167	-0.102	5.392E-2	0.115
3.070	0.429	7.548E-3	0.429	0.148	-1.097E-2	0.148	-1.034	0.909	1.376
3.086	0.431	7.461E-3	0.431	0.122	1.348E-2	0.123	-0.723	1.137	1.348
3.103	0.433	7.997E-3	0.433	0.128	3.157E-2	0.132	0.242	0.520	0.574
3.120	0.435	8.515E-3	0.435	0.131	2.838E-2	0.134	-0.353	-0.213	0.412
3.136	0.437	8.944E-3	0.437	0.118	2.406E-2	0.120	-0.445	-0.249	0.510
3.153	0.439	9.317E-3	0.439	0.111	2.024E-2	0.113	-0.177	-0.211	0.276
3.170	0.441	9.620E-3	0.441	0.116	1.684E-2	0.117	0.272	-0.384	0.470
3.187	0.443	9.879E-3	0.443	0.118	8.391E-3	0.118	0.362	-0.661	0.753
3.203	0.445	9.900E-3	0.445	0.129	-6.030E-3	0.129	0.637	-0.554	0.844
3.220	0.447	9.678E-3	0.447	0.140	-1.142E-2	0.140	0.132	-0.528	0.545
3.237	0.450	9.519E-3	0.450	0.135	-2.051E-2	0.137	-0.215	-0.584	0.622
3.253	0.452	8.994E-3	0.452	0.129	-3.394E-2	0.133	-0.416	8.358E-2	0.425
3.270	0.454	8.386E-3	0.454	0.124	-1.930E-2	0.126	0.164	0.826	0.842
3.287	0.456	8.349E-3	0.456	0.130	-1.288E-3	0.130	0.103	0.743	0.750
3.303	0.458	8.343E-3	0.458	0.134	2.853E-3	0.134	0.351	0.111	0.369
3.320	0.460	8.445E-3	0.460	0.136	3.577E-3	0.136	-3.256E-2	-1.953E-2	3.797E-2
3.337	0.463	8.463E-3	0.463	0.138	1.031E-3	0.138	0.148	-0.131	0.197
3.353	0.465	8.479E-3	0.465	0.136	-2.688E-4	0.136	-0.214	-0.209	0.299
3.370	0.467	8.454E-3	0.467	0.135	-5.693E-3	0.135	0.427	-0.304	0.524
3.387	0.469	8.289E-3	0.470	0.145	-1.124E-2	0.145	2.694E-2	0.286	0.288
3.403	0.472	8.079E-3	0.472	0.144	1.978E-3	0.144	-0.231	1.444	1.463
3.420	0.474	8.355E-3	0.474	0.129	3.823E-2	0.135	-0.616	1.649	1.761
3.437	0.476	9.354E-3	0.477	0.128	6.097E-2	0.141	-0.152	0.801	0.815
3.453	0.479	1.039E-2	0.479	0.123	6.214E-2	0.137	-0.421	-0.477	0.636
3.470	0.481	1.143E-2	0.481	0.115	4.708E-2	0.124	-0.251	-0.637	0.685
3.487	0.482	1.196E-2	0.483	0.112	3.595E-2	0.117	-0.236	-0.681	0.721
3.504	0.484	1.263E-2	0.484	0.110	2.920E-2	0.114	0.525	-0.789	0.947
3.520	0.486	1.293E-2	0.486	0.124	7.531E-3	0.125	0.441	-0.895	0.998
3.537	0.488	1.288E-2	0.489	0.133	-2.378E-3	0.133	0.388	-0.626	0.736
3.554	0.490	1.286E-2	0.491	0.130	-1.025E-2	0.131	-1.738E-2	-0.374	0.375
3.570	0.493	1.254E-2	0.493	0.137	-1.773E-2	0.138	0.128	-0.810	0.820
3.587	0.495	1.226E-2	0.495	0.133	-3.321E-2	0.137	-0.211	-0.541	0.581
3.604	0.497	1.143E-2	0.497	0.130	-4.196E-2	0.136	0.243	8.204E-2	0.257
3.620	0.499	1.086E-2	0.499	0.139	-2.676E-2	0.142	-0.216	0.900	0.926
3.637	0.502	1.054E-2	0.502	0.129	-1.214E-2	0.129	4.991E-3	0.597	0.597
3.654	0.504	1.046E-2	0.504	0.129	-5.578E-3	0.129	-7.944E-2	0.199	0.214
3.670	0.506	1.035E-2	0.506	0.137	-6.815E-3	0.137	0.647	-0.125	0.659
3.687	0.508	1.023E-2	0.508	0.141	-9.370E-3	0.141	0.298	-0.182	0.349
3.704	0.511	1.004E-2	0.511	0.154	-1.326E-2	0.155			
3.720	0.513	9.789E-3	0.513						
