	mass B									
t	x	y	r	vx	vy	v	ax	ay	a	
0.000	-1.211E-3	3.266E-3	3.484E-3						
0.017	5.678E-4	2.814E-3	2.871E-3	0.105	-2.713E-2	0.109			
0.033	2.302E-3	2.361E-3	3.298E-3	0.119	1.133E-2	0.120	0.325	2.604	2.624
0.050	4.543E-3	3.192E-3	5.553E-3	0.122	6.813E-2	0.140	0.172	1.789	1.797
0.067	6.385E-3	4.634E-3	7.890E-3	0.118	7.271E-2	0.139	-0.292	-0.649	0.712
0.083	8.487E-3	5.618E-3	1.018E-2	0.118	4.230E-2	0.125	-0.118	-1.374	1.379
0.100	1.031E-2	6.046E-3	1.195E-2	0.111	2.426E-2	0.113	-0.101	-0.658	0.666
0.117	1.218E-2	6.427E-3	1.377E-2	0.115	2.240E-2	0.118	0.341	-0.524	0.625
0.133	1.416E-2	6.793E-3	1.571E-2	0.122	8.715E-3	0.123	0.594	-1.068	1.222
0.150	1.626E-2	6.718E-3	1.760E-2	0.134	-1.538E-2	0.135	0.400	-1.004	1.081
0.167	1.865E-2	6.280E-3	1.968E-2	0.138	-2.605E-2	0.141	-0.198	-0.563	0.597
0.184	2.088E-2	5.849E-3	2.168E-2	0.126	-3.170E-2	0.130	-0.210	-1.158	1.177
0.200	2.286E-2	5.222E-3	2.345E-2	0.129	-6.279E-2	0.143	-0.394	-1.338	1.395
0.217	2.517E-2	3.754E-3	2.545E-2	0.120	-8.338E-2	0.146	-0.264	-0.238	0.355
0.234	2.685E-2	2.440E-3	2.696E-2	0.112	-6.741E-2	0.130	8.101E-2	1.199	1.202
0.250	2.889E-2	1.505E-3	2.893E-2	0.127	-4.271E-2	0.134	0.955	1.537	1.810
0.267	3.110E-2	1.015E-3	3.111E-2	0.142	-1.584E-2	0.143	0.124	1.262	1.268
0.284	3.363E-2	9.759E-4	3.364E-2	0.136	8.744E-4	0.136	9.054E-2	0.614	0.620
0.300	3.562E-2	1.044E-3	3.564E-2	0.137	3.682E-3	0.137	0.363	-0.263	0.449
0.317	3.819E-2	1.099E-3	3.821E-2	0.155	-7.028E-3	0.155	0.370	-0.568	0.678
0.334	4.079E-2	8.099E-4	4.080E-2	0.148	-1.805E-2	0.149	0.426	-0.539	0.687
0.350	4.313E-2	4.964E-4	4.313E-2	0.163	-2.314E-2	0.165	0.707	-5.707E-2	0.709
0.367	4.624E-2	3.784E-5	4.624E-2	0.180	-2.189E-2	0.182	0.724	3.792E-2	0.725
0.384	4.914E-2	-2.342E-4	4.914E-2	0.181	-1.924E-2	0.182	-0.419	6.748E-2	0.425
0.400	5.229E-2	-6.040E-4	5.229E-2	0.172	-2.139E-2	0.173	-0.212	-0.506	0.548
0.417	5.487E-2	-9.479E-4	5.488E-2	0.167	-3.361E-2	0.170	8.338E-2	-6.112E-2	0.103
0.434	5.785E-2	-1.725E-3	5.788E-2	0.180	-2.967E-2	0.183	8.979E-3	3.607E-2	3.717E-2
0.450	6.088E-2	-1.938E-3	6.091E-2	0.168	-2.409E-2	0.169	-0.267	0.760	0.806
0.467	6.344E-2	-2.529E-3	6.349E-2	0.165	-1.315E-2	0.166	-0.846	2.231	2.386
0.484	6.640E-2	-2.377E-3	6.644E-2	0.149	5.219E-2	0.158	-1.092	3.374	3.546
0.501	6.841E-2	-7.878E-4	6.841E-2	0.119	0.107	0.160	-0.642	1.614	1.737
0.517	7.038E-2	1.189E-3	7.039E-2	0.129	0.105	0.167	-0.555	-0.637	0.845
0.534	7.273E-2	2.720E-3	7.278E-2	0.109	8.158E-2	0.136	-0.549	-1.496	1.594
0.551	7.401E-2	3.911E-3	7.411E-2	9.744E-2	5.635E-2	0.113	-0.396	-0.693	0.798
0.567	7.598E-2	4.600E-3	7.612E-2	0.107	5.383E-2	0.120	0.394	-0.644	0.755
0.584	7.759E-2	5.707E-3	7.780E-2	0.104	4.381E-2	0.113	0.216	-0.469	0.517
0.601	7.944E-2	6.062E-3	7.967E-2	0.117	2.885E-2	0.121	0.516	-0.612	0.800
0.617	8.150E-2	6.670E-3	8.178E-2	0.122	2.974E-2	0.126	0.662	-0.651	0.928
0.634	8.351E-2	7.054E-3	8.381E-2	0.136	6.503E-3	0.136	-7.057E-2	-0.920	0.923
0.651	8.603E-2	6.887E-3	8.630E-2	0.128	-5.408E-3	0.128	0.468	-0.761	0.893
0.667	8.777E-2	6.874E-3	8.804E-2	0.138	-1.338E-2	0.138	0.650	-0.296	0.714
0.684	9.062E-2	6.440E-3	9.085E-2	0.163	-2.036E-2	0.165	0.443	0.312	0.542
0.701	9.322E-2	6.195E-3	9.342E-2	0.147	-1.446E-3	0.147	-0.112	0.970	0.977
0.717	9.552E-2	6.392E-3	9.573E-2	0.156	1.461E-2	0.156	-0.274	0.685	0.737
0.734	9.841E-2	6.682E-3	9.864E-2	0.148	1.994E-2	0.149	0.146	0.324	0.355
0.751	0.100	7.057E-3	0.101	0.147	2.533E-2	0.149	0.210	-9.261E-2	0.230
0.767	0.103	7.527E-3	0.104	0.166	1.866E-2	0.167	0.521	-0.382	0.646
0.784	0.106	7.680E-3	0.106	0.159	9.405E-3	0.160	0.186	-0.375	0.419
0.801	0.109	7.841E-3	0.109	0.171	7.844E-3	0.171	0.332	-0.492	0.593
0.817	0.112	7.941E-3	0.112	0.175	-5.881E-3	0.176	0.147	-0.835	0.848
0.834	0.114	7.645E-3	0.115	0.171	-2.248E-2	0.173	4.140E-2	-0.851	0.852
0.851	0.117	7.191E-3	0.118	0.179	-3.308E-2	0.182	-2.814E-3	-0.853	0.853
0.868	0.120	6.541E-3	0.121	0.173	-5.034E-2	0.180	-0.938	-0.135	0.948
0.884	0.123	5.512E-3	0.123	0.147	-4.271E-2	0.153	-0.494	0.877	1.006
0.901	0.125	5.116E-3	0.125	0.150	-1.524E-2	0.151	0.160	0.760	0.777
0.918	0.128	5.003E-3	0.128	0.161	-1.629E-2	0.162	9.269E-2	-2.779E-2	9.676E-2
0.934	0.131	4.573E-3	0.131	0.148	-2.081E-2	0.150	3.043E-2	0.264	0.266
0.951	0.133	4.309E-3	0.133	0.160	-6.089E-3	0.160	0.262	0.219	0.341
0.968	0.136	4.369E-3	0.136	0.164	-9.549E-3	0.164	0.511	-0.656	0.832
0.984	0.139	3.990E-3	0.139	0.169	-3.185E-2	0.172	0.219	-0.808	0.837
1.001	0.142	3.307E-3	0.142	0.179	-3.768E-2	0.183	0.362	-0.522	0.636
1.018	0.145	2.733E-3	0.145	0.176	-4.546E-2	0.182	0.390	-0.618	0.731
1.034	0.148	1.790E-3	0.148	0.192	-6.124E-2	0.202	0.628	-0.225	0.667
1.051	0.151	6.894E-4	0.151	0.201	-5.440E-2	0.208	0.290	0.729	0.785
1.068	0.154	-2.544E-5	0.154	0.199	-3.417E-2	0.202	-0.158	0.578	0.599
1.084	0.158	-4.506E-4	0.158	0.197	-3.319E-2	0.200	-0.111	-0.302	0.322
1.101	0.161	-1.133E-3	0.161	0.193	-4.684E-2	0.199	-2.866E-2	-0.519	0.520
1.118	0.164	-2.014E-3	0.164	0.197	-5.131E-2	0.203	0.144	0.146	0.205
1.134	0.167	-2.845E-3	0.167	0.199	-4.182E-2	0.203	-1.117	1.313	1.724
1.151	0.171	-3.409E-3	0.171	0.164	-8.973E-3	0.164	-1.747	2.103	2.734
1.168	0.173	-3.144E-3	0.173	0.130	3.201E-2	0.134	-1.112	1.796	2.112
1.185	0.175	-2.341E-3	0.175	0.132	5.153E-2	0.142	-4.542E-2	0.908	0.909
1.201	0.177	-1.425E-3	0.177	0.129	6.022E-2	0.143	-0.598	0.112	0.608
1.218	0.179	-3.317E-4	0.179	0.113	5.745E-2	0.127	-8.814E-2	-0.222	0.239
1.235	0.181	4.919E-4	0.181	0.120	4.969E-2	0.130	0.952	-0.545	1.097
1.251	0.183	1.326E-3	0.183	0.151	4.171E-2	0.157	-5.089E-2	-0.714	0.715
1.268	0.186	1.884E-3	0.186	0.124	2.470E-2	0.127	-0.188	-0.685	0.710
1.285	0.188	2.151E-3	0.188	0.127	1.736E-2	0.128	0.302	0.335	0.451
1.301	0.190	2.463E-3	0.190	0.153	3.517E-2	0.157	0.591	1.227	1.362
1.318	0.193	3.324E-3	0.193	0.137	6.142E-2	0.150	-0.534	1.058	1.186
1.335	0.195	4.512E-3	0.195	0.136	7.097E-2	0.154	-2.272E-2	-3.811E-2	4.437E-2
1.351	0.197	5.692E-3	0.197	0.137	6.018E-2	0.150	-0.216	-0.132	0.253
1.368	0.199	6.520E-3	0.200	0.130	6.185E-2	0.144	0.624	2.307E-2	0.624
1.385	0.202	7.756E-3	0.202	0.152	6.696E-2	0.166	0.609	-0.730	0.951
1.401	0.205	8.755E-3	0.205	0.162	3.698E-2	0.166	0.563	-0.990	1.139
1.418	0.207	8.990E-3	0.207	0.159	2.661E-2	0.161	-0.293	-0.388	0.487
1.435	0.210	9.642E-3	0.210	0.161	3.190E-2	0.164	7.058E-2	-0.343	0.350
1.451	0.212	1.005E-2	0.213	0.154	1.298E-2	0.155	-0.396	-1.006	1.081
1.468	0.215	1.008E-2	0.215	0.153	-3.329E-3	0.153	-0.299	-0.938	0.984
1.485	0.217	9.943E-3	0.218	0.142	-1.670E-2	0.143	-0.487	-0.975	1.090
1.502	0.220	9.518E-3	0.220	0.137	-3.618E-2	0.142	-0.220	-1.222	1.241
1.518	0.222	8.736E-3	0.222	0.135	-5.773E-2	0.147	-0.173	-0.796	0.815
1.535	0.224	7.592E-3	0.224	0.131	-6.485E-2	0.146	0.241	-0.353	0.428
1.552	0.226	6.572E-3	0.226	0.141	-6.618E-2	0.155	0.261	-0.368	0.451
1.568	0.229	5.384E-3	0.229	0.145	-7.811E-2	0.164	-2.524E-2	-0.293	0.294
1.585	0.231	3.966E-3	0.231	0.136	-7.816E-2	0.157	-6.085E-2	1.188	1.189
1.602	0.233	2.776E-3	0.233	0.142	-4.002E-2	0.148	0.257	2.562	2.574
1.618	0.236	2.631E-3	0.236	0.147	1.229E-2	0.148	-0.932	1.943	2.155
1.635	0.238	3.186E-3	0.238	0.114	2.721E-2	0.117	-0.268	1.829E-2	0.269
1.652	0.240	3.539E-3	0.240	0.124	9.795E-3	0.124	0.552	-0.908	1.062
1.668	0.242	3.512E-3	0.243	0.150	-4.969E-3	0.151	0.899	-0.461	1.011
1.685	0.245	3.373E-3	0.245	0.143	-5.377E-3	0.143	1.002E-2	-0.404	0.404
1.702	0.247	3.333E-3	0.247	0.154	-1.527E-2	0.155	0.304	-0.222	0.376
1.718	0.250	2.863E-3	0.250	0.154	-1.829E-2	0.155	-0.579	1.219	1.349
1.735	0.252	2.723E-3	0.252	0.135	2.525E-2	0.138	-1.005	2.515	2.708
1.752	0.254	3.706E-3	0.254	0.117	7.198E-2	0.138	-0.830	1.868	2.044
1.768	0.256	5.124E-3	0.256	0.109	8.632E-2	0.139	-0.475	0.474	0.671
1.785	0.258	6.586E-3	0.258	0.101	8.646E-2	0.133	-0.230	0.181	0.293
1.802	0.260	8.009E-3	0.260	0.101	9.103E-2	0.136	-0.799	1.593	1.782
1.818	0.261	9.623E-3	0.262	7.933E-2	0.136	0.157	-0.416	-8.084E-2	0.424
1.835	0.262	1.254E-2	0.263	7.648E-2	0.108	0.133	0.614	-2.489	2.563
1.852	0.264	1.323E-2	0.264	0.108	2.982E-2	0.112	1.976	-3.037	3.623
1.869	0.266	1.354E-2	0.266	0.139	1.369E-2	0.140	0.455	-1.886	1.940
1.885	0.269	1.369E-2	0.269	0.132	-2.747E-2	0.135	-0.510	-2.349	2.404
1.902	0.270	1.262E-2	0.271	0.110	-7.325E-2	0.132	-0.767	-1.910	2.059
1.919	0.272	1.125E-2	0.273	0.113	-8.778E-2	0.143	0.378	-1.116	1.178
1.935	0.274	9.691E-3	0.274	0.119	-0.109	0.161	0.454	0.555	0.717
1.952	0.276	7.624E-3	0.276	0.131	-7.922E-2	0.153	0.487	2.055	2.112
1.969	0.278	7.047E-3	0.279	0.134	-2.623E-2	0.137	0.335	1.610	1.645
1.985	0.281	6.749E-3	0.281	0.142	-2.805E-2	0.144	0.349	8.984E-3	0.349
2.002	0.283	6.111E-3	0.283	0.147	-3.105E-2	0.151	0.214	-0.165	0.270
2.019	0.286	5.713E-3	0.286	0.148	-2.928E-2	0.151	-0.505	-0.772	0.922
2.035	0.288	5.134E-3	0.288	0.133	-5.627E-2	0.144	-0.368	-1.246	1.299
2.052	0.290	3.835E-3	0.290	0.129	-7.646E-2	0.150	-0.210	-0.453	0.500
2.069	0.292	2.583E-3	0.292	0.133	-6.880E-2	0.150	0.440	0.662	0.795
2.085	0.295	1.540E-3	0.295	0.138	-5.402E-2	0.148	-9.452E-2	0.806	0.812
2.102	0.297	7.807E-4	0.297	0.137	-4.100E-2	0.143	0.186	0.414	0.454
2.119	0.299	1.718E-4	0.299	0.136	-3.968E-2	0.142	-3.462E-2	0.157	0.161
2.135	0.302	-5.432E-4	0.302	0.143	-3.801E-2	0.148	0.276	-0.286	0.398
2.152	0.304	-1.096E-3	0.304	0.140	-4.561E-2	0.148	-0.294	1.059	1.099
2.169	0.306	-2.065E-3	0.306	0.137	-1.331E-2	0.137	3.368E-2	2.912	2.912
2.186	0.308	-1.540E-3	0.308	0.137	6.178E-2	0.150	-0.411	3.674	3.697
2.202	0.311	-3.834E-6	0.311	0.129	0.109	0.169	-0.495	1.810	1.876
2.219	0.313	2.100E-3	0.313	0.114	0.123	0.168	-0.407	0.681	0.794
2.236	0.315	4.104E-3	0.315	0.118	0.127	0.174	0.128	-0.872	0.882
2.252	0.317	6.354E-3	0.317	0.119	0.101	0.156	-0.271	-1.477	1.502
2.269	0.319	7.485E-3	0.319	0.110	6.760E-2	0.129	-0.379	-1.691	1.733
2.286	0.320	8.610E-3	0.320	0.104	5.186E-2	0.116	0.425	-0.600	0.735
2.302	0.322	9.216E-3	0.322	0.123	4.232E-2	0.130	0.415	-0.687	0.803
2.319	0.324	1.002E-2	0.325	0.125	3.481E-2	0.129	0.123	-0.622	0.634
2.336	0.326	1.038E-2	0.326	0.119	1.741E-2	0.120	-0.469	-0.265	0.539
2.352	0.328	1.060E-2	0.329	0.116	2.514E-2	0.119	-0.495	0.532	0.727
2.369	0.330	1.122E-2	0.330	9.802E-2	3.875E-2	0.105	0.188	0.442	0.481
2.386	0.332	1.190E-2	0.332	0.119	3.905E-2	0.125	0.411	6.009E-2	0.415
2.402	0.334	1.252E-2	0.334	0.123	3.966E-2	0.129	-0.324	-0.135	0.351
2.419	0.336	1.322E-2	0.336	9.856E-2	3.626E-2	0.105	-0.516	-0.442	0.679
2.436	0.337	1.373E-2	0.338	0.107	2.392E-2	0.109	0.302	-0.320	0.439
2.452	0.339	1.402E-2	0.340	0.113	2.361E-2	0.115	-7.087E-2	-0.294	0.303
2.469	0.341	1.452E-2	0.341	0.102	1.851E-2	0.104	0.478	-0.842	0.969
2.486	0.343	1.463E-2	0.343	0.124	-6.705E-3	0.124	-8.294E-2	-1.821	1.823
2.503	0.345	1.429E-2	0.346	0.113	-4.154E-2	0.121	-0.759	-1.992	2.132
2.519	0.347	1.325E-2	0.347	8.274E-2	-7.540E-2	0.112	-0.236	-1.475	1.494
2.536	0.348	1.178E-2	0.348	0.110	-9.101E-2	0.143	0.999	-1.204	1.565
2.553	0.350	1.021E-2	0.350	0.122	-0.112	0.166	0.344	0.180	0.388
2.569	0.352	8.042E-3	0.352	0.116	-9.482E-2	0.150	0.167	1.258	1.269
2.586	0.354	7.048E-3	0.354	0.128	-5.759E-2	0.140	-6.503E-2	1.855	1.857
2.603	0.356	6.120E-3	0.356	0.119	-3.967E-2	0.125	-0.566	0.982	1.133
2.619	0.358	5.724E-3	0.358	0.102	-2.094E-2	0.104	0.317	0.580	0.661
2.636	0.360	5.421E-3	0.360	0.129	-2.135E-2	0.131	0.847	-0.464	0.965
2.653	0.362	5.012E-3	0.362	0.139	-3.608E-2	0.144	0.839	0.140	0.850
2.669	0.364	4.218E-3	0.364	0.146	-2.303E-2	0.148	5.282E-3	1.184	1.184
2.686	0.367	4.244E-3	0.367	0.151	1.080E-2	0.151	-0.622	1.435	1.564
2.703	0.369	4.578E-3	0.369	0.119	2.347E-2	0.121	-0.660	0.292	0.721
2.719	0.371	5.027E-3	0.371	0.124	2.103E-2	0.126	-6.127E-2	-0.301	0.308
2.736	0.374	5.280E-3	0.374	0.127	1.173E-2	0.127	0.379	-0.515	0.640
2.753	0.375	5.418E-3	0.375	0.127	4.276E-3	0.127	0.123	-0.899	0.908
2.769	0.378	5.422E-3	0.378	0.139	-1.654E-2	0.140	0.499	-0.977	1.097
2.786	0.380	4.866E-3	0.380	0.139	-3.265E-2	0.143	-0.298	-0.904	0.952
2.803	0.383	4.333E-3	0.383	0.133	-4.259E-2	0.140	-4.655E-2	1.425E-2	4.868E-2
2.819	0.385	3.445E-3	0.385	0.132	-3.754E-2	0.137	5.791E-2	0.624	0.627
2.836	0.387	3.080E-3	0.387	0.140	-1.654E-2	0.141	-0.103	1.058	1.063
2.853	0.389	2.893E-3	0.389	0.128	-3.978E-3	0.128	-1.026	0.919	1.378
2.870	0.391	2.948E-3	0.391	0.105	1.391E-2	0.106	-0.162	0.788	0.804
2.886	0.393	3.358E-3	0.393	0.117	2.436E-2	0.119	0.623	7.399E-2	0.627
2.903	0.395	3.760E-3	0.395	0.135	1.596E-2	0.136	1.117	-6.057E-2	1.119
2.920	0.397	3.890E-3	0.397	0.147	1.850E-2	0.148	0.500	0.315	0.591
2.936	0.400	4.378E-3	0.400	0.158	3.051E-2	0.161	-7.846E-2	0.240	0.253
2.953	0.403	4.908E-3	0.403	0.142	2.616E-2	0.144	-8.658E-2	-0.615	0.621
2.970	0.405	5.251E-3	0.405	0.150	9.728E-3	0.150	0.655	0.182	0.680
2.986	0.408	5.233E-3	0.408	0.171	2.608E-2	0.173	-0.203	1.156	1.174
3.003	0.410	6.121E-3	0.410	0.145	5.705E-2	0.155	-1.185	0.960	1.526
3.020	0.412	7.136E-3	0.412	0.122	5.603E-2	0.135	-0.419	-9.365E-2	0.430
3.036	0.414	7.990E-3	0.415	0.135	5.190E-2	0.145	-0.315	-0.277	0.420
3.053	0.417	8.868E-3	0.417	0.117	4.829E-2	0.126	-3.501E-2	-0.437	0.439
3.070	0.418	9.602E-3	0.418	0.121	3.697E-2	0.127	-0.428	-1.072	1.154
3.086	0.421	1.010E-2	0.421	0.119	1.350E-2	0.120	1.095	-1.019	1.495
3.103	0.422	1.005E-2	0.422	0.137	-1.003E-3	0.137	0.803	-0.563	0.981
3.120	0.425	1.007E-2	0.426	0.168	-1.954E-3	0.168	1.638	-0.501	1.713
3.136	0.428	9.987E-3	0.428	0.175	-1.707E-2	0.176	-1.014	-1.596	1.891
3.153	0.431	9.498E-3	0.431	0.152	-5.466E-2	0.161	-0.930	-1.467	1.737
3.170	0.433	8.163E-3	0.433	0.123	-7.258E-2	0.143	0.132	-0.389	0.411
3.187	0.435	7.077E-3	0.435	0.167	-6.230E-2	0.178	1.258	0.685	1.433
3.203	0.439	6.084E-3	0.439	0.170	-5.116E-2	0.178	0.174	0.454	0.486
3.220	0.441	5.370E-3	0.441	0.163	-4.487E-2	0.169	-1.274	-0.164	1.285
3.237	0.444	4.587E-3	0.444	0.138	-5.697E-2	0.150	0.889	-1.263	1.544
3.253	0.446	3.469E-3	0.446	0.171	-8.677E-2	0.192	9.730E-2	0.145	0.174
3.270	0.450	1.692E-3	0.450	0.175	-6.262E-2	0.186	-0.900	2.224	2.399
3.287	0.452	1.379E-3	0.452	0.113	9.642E-5	0.113	-2.359	2.406	3.369
3.303	0.453	1.695E-3	0.453	0.107	1.703E-2	0.109	0.199	0.400	0.446
3.320	0.455	1.947E-3	0.455	0.115	1.081E-2	0.115			
3.337	0.457	2.056E-3	0.457						
