	mass C									
t	x	y	r	vx	vy	v	ax	ay	a	
0.000	5.855E-4	-4.475E-4	7.369E-4						
0.017	1.907E-3	-1.171E-3	2.238E-3	9.468E-2	-4.887E-2	0.107			
0.033	3.745E-3	-2.078E-3	4.283E-3	0.105	-5.238E-2	0.117	0.498	9.992E-2	0.508
0.050	5.403E-3	-2.919E-3	6.141E-3	0.107	-4.496E-2	0.116	-7.294E-2	1.561	1.562
0.067	7.299E-3	-3.578E-3	8.129E-3	0.106	-4.105E-3	0.106	-0.588	2.243	2.319
0.083	8.947E-3	-3.056E-3	9.454E-3	8.565E-2	3.825E-2	9.381E-2	-0.612	1.262	1.402
0.100	1.016E-2	-2.302E-3	1.042E-2	8.179E-2	3.620E-2	8.945E-2	-0.131	-0.383	0.405
0.117	1.168E-2	-1.848E-3	1.182E-2	8.646E-2	2.257E-2	8.936E-2	0.555	-0.893	1.052
0.133	1.304E-2	-1.549E-3	1.313E-2	9.571E-2	7.791E-3	9.603E-2	0.636	-0.683	0.933
0.150	1.487E-2	-1.588E-3	1.495E-2	0.112	-2.423E-3	0.112	0.541	-0.367	0.654
0.167	1.678E-2	-1.630E-3	1.686E-2	0.113	-2.985E-3	0.113	0.201	3.294E-2	0.204
0.184	1.863E-2	-1.687E-3	1.871E-2	0.117	-1.690E-3	0.117	-8.474E-2	2.794E-2	8.922E-2
0.200	2.068E-2	-1.686E-3	2.075E-2	0.113	-1.293E-3	0.113	0.157	0.454	0.480
0.217	2.241E-2	-1.730E-3	2.247E-2	0.117	1.088E-2	0.117	-5.198E-2	1.544	1.545
0.234	2.458E-2	-1.323E-3	2.461E-2	0.118	5.054E-2	0.129	-0.374	1.587	1.631
0.250	2.636E-2	-4.405E-5	2.636E-2	9.999E-2	7.029E-2	0.122	-1.135	0.752	1.362
0.267	2.791E-2	1.022E-3	2.793E-2	8.185E-2	6.929E-2	0.107	-0.429	-0.159	0.458
0.284	2.909E-2	2.268E-3	2.918E-2	8.172E-2	6.834E-2	0.107	0.270	-0.598	0.656
0.300	3.064E-2	3.302E-3	3.082E-2	9.542E-2	4.867E-2	0.107	0.854	-0.988	1.306
0.317	3.227E-2	3.892E-3	3.250E-2	0.108	3.283E-2	0.113	0.676	-1.049	1.248
0.334	3.424E-2	4.398E-3	3.452E-2	0.120	1.678E-2	0.121	0.487	-0.886	1.011
0.350	3.628E-2	4.452E-3	3.655E-2	0.123	2.154E-4	0.123	9.230E-2	-1.797	1.800
0.367	3.835E-2	4.405E-3	3.860E-2	0.123	-3.722E-2	0.129	-0.279	-2.161	2.179
0.384	4.039E-2	3.210E-3	4.052E-2	0.115	-8.009E-2	0.140	-7.405E-2	-0.789	0.792
0.400	4.218E-2	1.733E-3	4.221E-2	0.117	-6.449E-2	0.134	0.536	1.254	1.364
0.417	4.430E-2	1.058E-3	4.431E-2	0.136	-3.144E-2	0.139	0.382	1.455	1.504
0.434	4.670E-2	6.835E-4	4.670E-2	0.132	-1.753E-2	0.134	2.682E-2	0.559	0.560
0.450	4.872E-2	4.735E-4	4.872E-2	0.131	-1.264E-2	0.131	0.122	0.397	0.415
0.467	5.106E-2	2.617E-4	5.106E-2	0.141	-5.958E-3	0.141	0.201	5.289E-3	0.201
0.484	5.341E-2	2.747E-4	5.341E-2	0.137	-9.118E-3	0.137	-0.306	-0.708	0.771
0.500	5.562E-2	-4.252E-5	5.562E-2	0.130	-3.156E-2	0.133	0.132	-0.773	0.784
0.517	5.773E-2	-7.785E-4	5.774E-2	0.139	-3.796E-2	0.144	-0.214	0.412	0.464
0.534	6.027E-2	-1.309E-3	6.028E-2	0.130	-1.646E-2	0.131	-0.958	1.059	1.428
0.551	6.206E-2	-1.328E-3	6.207E-2	0.100	6.321E-4	0.100	-0.631	0.530	0.824
0.567	6.361E-2	-1.288E-3	6.362E-2	0.107	-1.228E-4	0.107	0.285	-2.692E-2	0.287
0.584	6.564E-2	-1.332E-3	6.566E-2	0.116	-1.404E-3	0.116	0.510	-3.859E-2	0.511
0.601	6.747E-2	-1.335E-3	6.748E-2	0.119	-6.401E-4	0.119	0.184	-0.143	0.233
0.617	6.962E-2	-1.353E-3	6.964E-2	0.126	-5.806E-3	0.126	0.482	-0.608	0.776
0.634	7.168E-2	-1.529E-3	7.169E-2	0.132	-2.076E-2	0.133	0.162	0.459	0.487
0.651	7.402E-2	-2.046E-3	7.405E-2	0.135	2.480E-3	0.135	-0.393	2.172	2.207
0.667	7.618E-2	-1.446E-3	7.620E-2	0.118	5.939E-2	0.132	-0.692	2.167	2.275
0.684	7.795E-2	-6.404E-5	7.795E-2	0.109	7.748E-2	0.134	-0.357	0.269	0.447
0.701	7.982E-2	1.139E-3	7.983E-2	0.109	6.456E-2	0.127	0.628	-1.007	1.187
0.717	8.158E-2	2.090E-3	8.161E-2	0.126	4.429E-2	0.133	0.754	-0.777	1.083
0.734	8.401E-2	2.617E-3	8.405E-2	0.141	3.551E-2	0.145	0.606	-0.545	0.815
0.751	8.628E-2	3.275E-3	8.634E-2	0.141	3.034E-2	0.144	0.127	-0.357	0.379
0.767	8.871E-2	3.629E-3	8.879E-2	0.147	2.053E-2	0.148	0.163	-0.802	0.818
0.784	9.119E-2	3.960E-3	9.127E-2	0.146	6.573E-3	0.146	-1.287E-2	-1.323	1.323
0.801	9.359E-2	3.849E-3	9.367E-2	0.146	-2.471E-2	0.148	-0.376	-0.913	0.987
0.817	9.604E-2	3.136E-3	9.610E-2	0.136	-2.909E-2	0.139	-0.922	0.477	1.038
0.834	9.813E-2	2.878E-3	9.817E-2	0.113	-3.968E-3	0.113	-0.829	1.220	1.475
0.851	9.982E-2	3.003E-3	9.987E-2	0.106	1.225E-2	0.107	-4.777E-2	0.761	0.763
0.868	0.102	3.287E-3	0.102	0.114	2.064E-2	0.116	0.322	0.305	0.443
0.884	0.104	3.692E-3	0.104	0.117	2.297E-2	0.119	-0.474	-0.154	0.498
0.901	0.106	4.053E-3	0.106	9.991E-2	1.551E-2	0.101	-2.088E-2	-0.520	0.520
0.918	0.107	4.209E-3	0.107	0.108	4.717E-3	0.108	0.575	-0.699	0.905
0.934	0.109	4.211E-3	0.109	0.129	-7.214E-3	0.129	0.667	-1.020	1.219
0.951	0.111	3.969E-3	0.111	0.126	-2.870E-2	0.129	5.068E-2	-0.731	0.733
0.968	0.113	3.253E-3	0.113	0.131	-3.566E-2	0.136	0.414	0.177	0.450
0.984	0.116	2.779E-3	0.116	0.140	-1.992E-2	0.142	0.518	0.720	0.888
1.001	0.118	2.588E-3	0.118	0.148	-1.037E-2	0.149	0.195	-6.238E-3	0.195
1.018	0.121	2.433E-3	0.121	0.148	-1.959E-2	0.149	7.019E-2	-0.556	0.561
1.034	0.123	1.935E-3	0.123	0.148	-3.174E-2	0.152	0.156	-0.357	0.389
1.051	0.126	1.374E-3	0.126	0.155	-3.096E-2	0.158	0.450	-0.429	0.622
1.068	0.128	9.020E-4	0.128	0.162	-4.292E-2	0.168	-5.004E-2	-0.153	0.161
1.084	0.131	-5.842E-5	0.131	0.156	-4.273E-2	0.162	-0.611	0.841	1.040
1.101	0.133	-5.239E-4	0.133	0.138	-1.093E-2	0.139	-0.837	1.338	1.578
1.118	0.136	-4.233E-4	0.136	0.129	4.809E-3	0.129	-0.386	0.524	0.651
1.134	0.138	-3.635E-4	0.138	0.125	3.738E-3	0.125	-0.501	-0.137	0.519
1.151	0.140	-2.985E-4	0.140	0.114	8.968E-4	0.114	7.973E-2	-0.115	0.140
1.168	0.141	-3.335E-4	0.141	0.122	-1.117E-3	0.122	0.297	-2.411E-2	0.298
1.185	0.144	-3.358E-4	0.144	0.132	6.830E-4	0.132	0.574	-0.270	0.635
1.201	0.146	-3.108E-4	0.146	0.134	-8.591E-3	0.135	-1.360E-2	-0.277	0.277
1.218	0.148	-6.225E-4	0.148	0.137	-1.245E-2	0.138	0.112	0.823	0.831
1.235	0.150	-7.261E-4	0.150	0.134	1.857E-2	0.135	-0.223	1.402	1.420
1.251	0.153	-2.940E-6	0.153	0.133	4.089E-2	0.139	-0.483	0.391	0.622
1.268	0.155	6.382E-4	0.155	0.117	2.875E-2	0.121	-0.108	-0.534	0.545
1.285	0.157	9.562E-4	0.157	0.124	2.044E-2	0.126	0.516	-0.120	0.529
1.301	0.159	1.320E-3	0.159	0.141	2.595E-2	0.144	0.496	-0.104	0.507
1.318	0.161	1.822E-3	0.161	0.138	1.947E-2	0.140	0.111	-0.590	0.600
1.335	0.164	1.970E-3	0.164	0.144	3.428E-3	0.144	0.177	-0.619	0.644
1.351	0.166	1.936E-3	0.166	0.147	-1.330E-3	0.147	0.108	-0.558	0.568
1.368	0.169	1.926E-3	0.169	0.145	-1.252E-2	0.146	-0.292	-6.873E-2	0.300
1.385	0.171	1.518E-3	0.171	0.139	-9.276E-3	0.140	-0.952	0.493	1.072
1.401	0.173	1.616E-3	0.173	0.113	9.422E-3	0.114	-0.408	0.762	0.864
1.418	0.175	1.833E-3	0.175	0.118	1.475E-2	0.119	0.261	0.314	0.408
1.435	0.177	2.108E-3	0.177	0.133	1.947E-2	0.134	0.224	0.134	0.261
1.451	0.179	2.483E-3	0.179	0.120	2.013E-2	0.122	-0.348	-0.124	0.370
1.468	0.181	2.780E-3	0.181	0.121	1.470E-2	0.122	0.168	-0.590	0.613
1.485	0.183	2.973E-3	0.183	0.127	1.349E-3	0.127	0.172	-0.666	0.688
1.502	0.185	2.825E-3	0.185	0.127	-9.858E-3	0.127	0.323	-0.169	0.365
1.518	0.187	2.644E-3	0.188	0.135	-4.071E-3	0.135	0.245	0.597	0.645
1.535	0.190	2.689E-3	0.190	0.140	1.096E-2	0.140	6.718E-2	0.413	0.419
1.552	0.192	3.010E-3	0.192	0.134	1.213E-2	0.134	7.329E-2	-0.244	0.254
1.568	0.194	3.094E-3	0.194	0.142	3.049E-4	0.142	0.366	-0.440	0.573
1.585	0.197	3.020E-3	0.197	0.148	-3.096E-3	0.148	0.250	-9.146E-2	0.266
1.602	0.199	2.990E-3	0.199	0.149	-1.698E-3	0.149	0.586	-0.153	0.606
1.618	0.202	2.963E-3	0.202	0.166	-7.546E-3	0.167	0.275	-0.374	0.464
1.635	0.205	2.739E-3	0.205	0.165	-1.556E-2	0.165	0.342	-0.638	0.724
1.652	0.207	2.444E-3	0.207	0.168	-2.722E-2	0.170	-0.417	-0.661	0.782
1.668	0.211	1.830E-3	0.211	0.163	-3.964E-2	0.168	-0.615	0.195	0.646
1.685	0.213	1.121E-3	0.213	0.137	-2.296E-2	0.139	-0.842	1.223	1.484
1.702	0.215	1.064E-3	0.215	0.138	5.824E-3	0.138	-6.148E-3	1.291	1.291
1.718	0.217	1.316E-3	0.217	0.138	1.936E-2	0.139	1.298E-2	0.376	0.376
1.735	0.220	1.710E-3	0.220	0.137	1.894E-2	0.139	0.186	-0.105	0.214
1.752	0.222	1.948E-3	0.222	0.144	1.392E-2	0.145	0.278	-0.383	0.473
1.768	0.224	2.175E-3	0.224	0.148	7.596E-3	0.148	-7.683E-2	-0.717	0.721
1.785	0.227	2.201E-3	0.227	0.141	-1.002E-2	0.142	0.410	-0.935	1.021
1.802	0.229	1.840E-3	0.229	0.157	-2.552E-2	0.159	0.187	-0.157	0.244
1.818	0.232	1.350E-3	0.232	0.158	-1.655E-2	0.158	0.173	0.349	0.389
1.835	0.234	1.288E-3	0.234	0.151	-8.914E-3	0.152	-0.371	0.194	0.419
1.852	0.237	1.052E-3	0.237	0.154	-1.351E-2	0.155	4.163E-2	-1.247E-2	4.346E-2
1.869	0.240	8.373E-4	0.240	0.147	-8.966E-3	0.147	0.258	0.149	0.298
1.885	0.242	7.531E-4	0.242	0.164	-7.191E-3	0.164	0.323	-0.169	0.365
1.902	0.245	5.974E-4	0.245	0.162	-1.499E-2	0.163	-0.267	-0.410	0.490
1.919	0.248	2.531E-4	0.248	0.149	-2.200E-2	0.151	7.490E-3	-0.351	0.351
1.935	0.250	-1.365E-4	0.250	0.163	-2.590E-2	0.165	9.191E-2	0.647	0.654
1.952	0.253	-6.112E-4	0.253	0.158	-4.379E-3	0.158	-0.788	1.071	1.329
1.969	0.255	-2.827E-4	0.255	0.131	1.740E-2	0.132	-1.259	0.476	1.346
1.985	0.257	-3.070E-5	0.257	0.117	8.369E-3	0.117	-0.464	-0.183	0.498
2.002	0.259	-3.413E-6	0.259	0.115	8.696E-3	0.115	0.371	0.345	0.507
2.019	0.261	2.595E-4	0.261	0.129	2.198E-2	0.131	0.596	0.356	0.694
2.035	0.264	7.299E-4	0.264	0.138	2.221E-2	0.140	-3.108E-2	-0.411	0.413
2.052	0.266	1.001E-3	0.266	0.127	6.976E-3	0.127	-2.256E-2	-0.622	0.623
2.069	0.268	9.627E-4	0.268	0.133	-5.751E-4	0.133	0.212	-0.384	0.439
2.085	0.270	9.815E-4	0.270	0.141	-3.390E-3	0.141	0.158	0.692	0.710
2.102	0.272	8.496E-4	0.272	0.134	1.737E-2	0.135	-0.526	1.362	1.460
2.119	0.275	1.561E-3	0.275	0.126	4.902E-2	0.135	-2.684E-2	0.935	0.936
2.135	0.277	2.485E-3	0.277	0.129	4.786E-2	0.137	0.193	-0.538	0.571
2.152	0.279	3.158E-3	0.279	0.137	2.954E-2	0.141	0.450	-0.647	0.788
2.169	0.281	3.471E-3	0.281	0.140	2.359E-2	0.142	0.133	-0.242	0.276
2.186	0.284	3.945E-3	0.284	0.145	2.489E-2	0.147	0.193	-0.328	0.381
2.202	0.286	4.302E-3	0.286	0.145	1.225E-2	0.145	-0.186	-0.605	0.633
2.219	0.289	4.354E-3	0.289	0.140	2.674E-3	0.140	0.511	-0.735	0.895
2.236	0.291	4.391E-3	0.291	0.156	-9.436E-3	0.157	0.114	-0.594	0.605
2.252	0.294	4.039E-3	0.294	0.155	-2.050E-2	0.156	-0.620	0.156	0.640
2.269	0.296	3.707E-3	0.296	0.126	-4.593E-3	0.126	-1.256	1.065	1.647
2.286	0.298	3.886E-3	0.298	0.116	1.825E-2	0.117	-0.383	0.914	0.991
2.302	0.300	4.316E-3	0.300	0.112	2.586E-2	0.115	0.115	0.271	0.295
2.319	0.302	4.748E-3	0.302	0.120	2.622E-2	0.123	5.119E-2	-4.176E-2	6.606E-2
2.336	0.304	5.190E-3	0.304	0.117	2.478E-2	0.119	0.510	-0.218	0.555
2.352	0.306	5.575E-3	0.306	0.130	1.899E-2	0.132	0.328	-0.501	0.598
2.369	0.308	5.824E-3	0.308	0.138	8.126E-3	0.138	3.978E-2	-0.590	0.591
2.386	0.310	5.846E-3	0.310	0.124	-1.638E-3	0.124	-6.690E-2	-0.701	0.704
2.402	0.312	5.769E-3	0.312	0.137	-1.383E-2	0.137	0.654	-0.445	0.791
2.419	0.315	5.385E-3	0.315	0.149	-1.925E-2	0.150	4.080E-3	0.152	0.152
2.436	0.317	5.127E-3	0.317	0.137	-7.486E-3	0.137	-0.198	0.263	0.329
2.452	0.319	5.135E-3	0.319	0.137	-7.589E-3	0.137	0.208	0.124	0.242
2.469	0.322	4.874E-3	0.322	0.149	-7.885E-3	0.149	0.391	-0.255	0.466
2.486	0.324	4.872E-3	0.324	0.148	-1.115E-2	0.149	-2.069E-2	-0.327	0.327
2.502	0.327	4.502E-3	0.327	0.148	-2.294E-2	0.150	-0.307	-0.789	0.846
2.519	0.329	4.106E-3	0.329	0.139	-3.456E-2	0.144	-0.339	-0.752	0.825
2.536	0.331	3.349E-3	0.331	0.134	-5.033E-2	0.143	-0.269	-8.557E-2	0.282
2.553	0.334	2.427E-3	0.334	0.133	-3.951E-2	0.139	-0.289	1.053	1.092
2.569	0.336	2.030E-3	0.336	0.123	-1.171E-2	0.124	-0.379	1.091	1.155
2.586	0.338	2.036E-3	0.338	0.119	-1.615E-3	0.119	-0.686	0.228	0.723
2.603	0.340	1.976E-3	0.340	0.104	-6.043E-3	0.104	0.145	-7.063E-2	0.162
2.619	0.341	1.835E-3	0.341	0.115	-4.901E-3	0.115	0.932	-6.308E-2	0.934
2.636	0.344	1.813E-3	0.344	0.145	-6.089E-3	0.145	0.476	-0.268	0.546
2.653	0.346	1.632E-3	0.346	0.130	-1.511E-2	0.131	-0.383	1.942E-2	0.384
2.669	0.348	1.309E-3	0.348	0.125	-7.644E-3	0.125	-0.357	1.075	1.133
2.686	0.350	1.377E-3	0.350	0.126	2.213E-2	0.128	-0.449	0.896	1.002
2.703	0.352	2.047E-3	0.352	0.106	2.755E-2	0.110	-0.653	-6.962E-2	0.657
2.719	0.354	2.296E-3	0.354	0.103	1.378E-2	0.104	0.336	-0.527	0.625
2.736	0.356	2.507E-3	0.356	0.119	1.160E-2	0.119	0.843	-0.161	0.858
2.753	0.358	2.683E-3	0.358	0.133	8.551E-3	0.133	0.552	-0.239	0.601
2.769	0.360	2.792E-3	0.360	0.136	3.623E-3	0.136	5.011E-2	-0.346	0.350
2.786	0.362	2.804E-3	0.362	0.134	-3.023E-3	0.134	8.748E-2	-0.507	0.514
2.803	0.365	2.691E-3	0.365	0.138	-1.303E-2	0.138	-0.351	-0.251	0.431
2.819	0.367	2.369E-3	0.367	0.127	-1.350E-2	0.128	-0.907	0.673	1.130
2.836	0.369	2.241E-3	0.369	0.103	9.529E-3	0.104	-0.521	1.004	1.131
2.853	0.370	2.687E-3	0.370	0.108	2.442E-2	0.111	-0.514	0.466	0.694
2.870	0.372	3.056E-3	0.372	9.426E-2	2.198E-2	9.679E-2	-0.484	4.765E-2	0.486
2.886	0.373	3.421E-3	0.373	8.078E-2	2.575E-2	8.479E-2	0.267	-5.502E-2	0.273
2.903	0.375	3.915E-3	0.375	0.108	2.232E-2	0.111	0.755	-0.103	0.762
2.920	0.377	4.165E-3	0.377	0.110	1.908E-2	0.112	-0.101	-0.450	0.461
2.936	0.379	4.552E-3	0.379	9.892E-2	1.122E-2	9.956E-2	-4.079E-2	-0.458	0.460
2.953	0.380	4.539E-3	0.380	0.110	-2.518E-4	0.110	0.298	-1.274E-2	0.298
2.970	0.382	4.543E-3	0.382	0.112	1.108E-2	0.113	0.124	1.093	1.100
2.986	0.384	4.909E-3	0.384	0.110	3.708E-2	0.116	-0.563	0.452	0.722
3.003	0.386	5.780E-3	0.386	9.824E-2	3.183E-2	0.103	0.171	-0.221	0.279
3.020	0.387	5.971E-3	0.387	0.107	2.043E-2	0.109	0.423	-0.362	0.557
3.036	0.390	6.462E-3	0.390	0.123	2.574E-2	0.126	0.311	-4.467E-2	0.315
3.053	0.392	6.830E-3	0.392	0.111	1.730E-2	0.113	-9.378E-3	-0.656	0.656
3.070	0.393	7.039E-3	0.393	0.121	4.188E-3	0.121	0.251	-0.554	0.608
3.086	0.396	6.970E-3	0.396	0.125	-3.027E-3	0.125	8.398E-2	-0.375	0.384
3.103	0.398	6.938E-3	0.398	0.119	-6.213E-3	0.120	-8.739E-2	-0.529	0.536
3.120	0.400	6.763E-3	0.400	0.124	-2.062E-2	0.126	-0.126	-0.356	0.377
3.136	0.402	6.250E-3	0.402	0.117	-2.166E-2	0.119	-0.261	0.543	0.603
3.153	0.403	6.040E-3	0.403	0.112	-2.108E-4	0.112	3.763E-2	0.737	0.738
3.170	0.405	6.243E-3	0.405	0.120	6.055E-3	0.120	-9.263E-2	-9.663E-2	0.134
3.187	0.407	6.242E-3	0.408	0.111	-6.084E-3	0.111	-0.477	-0.488	0.682
3.203	0.409	6.040E-3	0.409	9.986E-2	-1.120E-2	0.100	1.353E-2	-0.325	0.325
3.220	0.411	5.869E-3	0.411	0.112	-1.510E-2	0.113	0.710	-0.631	0.950
3.237	0.413	5.536E-3	0.413	0.126	-3.203E-2	0.130	0.277	-0.778	0.826
3.253	0.415	4.800E-3	0.415	0.122	-4.386E-2	0.129	-0.473	-0.510	0.696
3.270	0.417	4.073E-3	0.417	0.108	-4.679E-2	0.118	-0.834	-0.153	0.848
3.287	0.419	3.239E-3	0.419	9.442E-2	-4.993E-2	0.107	-0.319	0.502	0.594
3.303	0.420	2.407E-3	0.420	9.508E-2	-3.211E-2	0.100	0.346	0.743	0.820
3.320	0.422	2.167E-3	0.422	0.109	-1.935E-2	0.111	0.840	0.675	1.078
3.337	0.424	1.761E-3	0.424	0.122	-1.490E-2	0.123	0.668	0.397	0.777
3.353	0.426	1.670E-3	0.426	0.132	-3.042E-3	0.132	0.407	0.341	0.531
3.370	0.428	1.659E-3	0.428	0.135	-3.733E-3	0.135	-0.118	0.105	0.158
3.387	0.430	1.546E-3	0.430	0.129	-1.520E-3	0.129	-0.907	0.899	1.277
3.403	0.432	1.609E-3	0.432	0.105	2.517E-2	0.108	-0.918	1.517	1.773
3.420	0.434	2.386E-3	0.434	9.373E-2	5.346E-2	0.108	-0.415	0.964	1.050
3.437	0.436	3.393E-3	0.436	9.621E-2	5.678E-2	0.112	-0.182	2.778E-2	0.184
3.453	0.437	4.280E-3	0.437	8.677E-2	5.248E-2	0.101	5.001E-2	-7.262E-2	8.818E-2
3.470	0.438	5.144E-3	0.438	9.461E-2	5.430E-2	0.109	0.119	-0.291	0.315
3.487	0.440	6.092E-3	0.440	9.723E-2	4.524E-2	0.107			
3.503	0.442	6.653E-3	0.442						
