	mass B									
t	x	y	r	vx	vy	v	ax	ay	a	
0.000	2.504E-3	2.719E-3	3.697E-3						
0.017	3.346E-3	4.448E-3	5.567E-3	7.589E-2	9.955E-2	0.125			
0.033	5.037E-3	6.041E-3	7.865E-3	8.793E-2	7.322E-2	0.114	-9.404E-2	-1.549	1.551
0.050	6.280E-3	6.891E-3	9.324E-3	6.645E-2	4.321E-2	7.926E-2	-0.366	-1.456	1.501
0.067	7.254E-3	7.483E-3	1.042E-2	7.321E-2	2.684E-2	7.797E-2	0.728	-0.742	1.040
0.083	8.723E-3	7.787E-3	1.169E-2	9.514E-2	1.724E-2	9.669E-2	0.731	-0.625	0.961
0.100	1.043E-2	8.058E-3	1.318E-2	9.808E-2	8.101E-3	9.842E-2	0.207	-1.098	1.118
0.117	1.200E-2	8.057E-3	1.445E-2	9.912E-2	-1.890E-2	0.101	-3.132E-2	-1.883	1.883
0.133	1.374E-2	7.427E-3	1.562E-2	9.976E-2	-5.630E-2	0.115	0.149	-1.767	1.773
0.150	1.532E-2	6.179E-3	1.652E-2	0.101	-7.977E-2	0.129	-0.206	-1.195	1.213
0.167	1.711E-2	4.766E-3	1.776E-2	9.674E-2	-9.366E-2	0.135	-0.228	-0.513	0.562
0.184	1.855E-2	3.054E-3	1.880E-2	8.933E-2	-9.923E-2	0.134	-0.192	0.230	0.300
0.200	2.009E-2	1.455E-3	2.015E-2	9.266E-2	-8.524E-2	0.126	0.158	0.740	0.757
0.217	2.164E-2	2.096E-4	2.164E-2	9.410E-2	-7.231E-2	0.119	0.699	1.188	1.378
0.234	2.323E-2	-9.581E-4	2.325E-2	0.114	-4.939E-2	0.124	0.604	1.034	1.197
0.250	2.544E-2	-1.438E-3	2.548E-2	0.121	-3.183E-2	0.125	0.496	0.530	0.726
0.267	2.727E-2	-2.020E-3	2.734E-2	0.123	-3.543E-2	0.128	-0.494	1.479	1.559
0.284	2.953E-2	-2.621E-3	2.964E-2	0.113	1.107E-2	0.113	-0.646	2.858	2.930
0.300	3.103E-2	-1.651E-3	3.108E-2	9.251E-2	7.155E-2	0.117	-0.823	1.995	2.158
0.317	3.261E-2	-2.332E-4	3.261E-2	8.987E-2	7.603E-2	0.118	-0.127	0.189	0.227
0.334	3.403E-2	8.858E-4	3.404E-2	8.646E-2	7.258E-2	0.113	3.349E-2	0.229	0.232
0.350	3.550E-2	2.189E-3	3.556E-2	9.148E-2	8.548E-2	0.125	-0.205	0.115	0.235
0.367	3.709E-2	3.738E-3	3.727E-2	8.236E-2	7.963E-2	0.115	0.698	-0.480	0.847
0.384	3.824E-2	4.846E-3	3.855E-2	0.105	6.484E-2	0.124	0.848	-1.036	1.338
0.400	4.060E-2	5.901E-3	4.103E-2	0.125	4.862E-2	0.134	6.076E-2	-1.401	1.402
0.417	4.242E-2	6.468E-3	4.291E-2	9.905E-2	1.661E-2	0.100	-3.434E-2	-1.519	1.519
0.434	4.391E-2	6.455E-3	4.438E-2	0.119	-4.404E-3	0.119	0.175	-0.672	0.694
0.450	4.640E-2	6.321E-3	4.682E-2	0.119	-4.825E-3	0.119	0.448	0.800	0.917
0.467	4.788E-2	6.294E-3	4.829E-2	0.117	2.056E-2	0.119	-0.277	1.181	1.213
0.484	5.031E-2	7.007E-3	5.079E-2	0.125	4.073E-2	0.132	-9.273E-2	0.422	0.432
0.501	5.206E-2	7.653E-3	5.262E-2	0.104	3.187E-2	0.109	-0.275	-0.537	0.603
0.517	5.379E-2	8.071E-3	5.439E-2	0.117	2.163E-2	0.119	0.737	-0.517	0.901
0.534	5.596E-2	8.375E-3	5.658E-2	0.132	1.509E-2	0.133	0.371	-0.528	0.645
0.551	5.821E-2	8.574E-3	5.884E-2	0.129	4.649E-3	0.129	-2.296E-2	-0.507	0.507
0.567	6.026E-2	8.530E-3	6.086E-2	0.129	-3.339E-3	0.129	0.305	-0.398	0.501
0.584	6.250E-2	8.463E-3	6.307E-2	0.141	-7.323E-3	0.141	0.256	-0.422	0.493
0.601	6.496E-2	8.286E-3	6.548E-2	0.139	-1.729E-2	0.140	-0.248	-0.806	0.843
0.617	6.715E-2	7.886E-3	6.762E-2	0.130	-3.421E-2	0.134	-0.559	-1.605	1.700
0.634	6.928E-2	7.145E-3	6.965E-2	0.122	-6.927E-2	0.140	-0.416	-1.819	1.866
0.651	7.123E-2	5.575E-3	7.144E-2	0.115	-9.974E-2	0.152	-0.513	-0.980	1.106
0.667	7.311E-2	3.817E-3	7.321E-2	0.106	-0.101	0.146	-0.185	1.095	1.110
0.684	7.477E-2	2.214E-3	7.480E-2	0.106	-6.545E-2	0.125	8.149E-2	2.242	2.244
0.701	7.664E-2	1.633E-3	7.666E-2	0.112	-1.994E-2	0.114	0.314	2.015	2.039
0.717	7.850E-2	1.549E-3	7.851E-2	0.115	8.336E-4	0.115	-2.299E-2	0.771	0.772
0.734	8.047E-2	1.661E-3	8.049E-2	0.113	5.502E-3	0.113	0.369	0.115	0.387
0.751	8.227E-2	1.733E-3	8.229E-2	0.123	3.603E-3	0.123	0.452	-0.565	0.724
0.767	8.457E-2	1.781E-3	8.459E-2	0.134	-1.135E-2	0.134	-7.064E-2	-0.529	0.534
0.784	8.673E-2	1.354E-3	8.674E-2	0.119	-1.896E-2	0.120	-0.252	-0.368	0.446
0.801	8.853E-2	1.148E-3	8.854E-2	0.121	-1.878E-2	0.122	0.458	0.173	0.489
0.817	9.077E-2	7.275E-4	9.077E-2	0.139	-1.714E-2	0.140	0.479	7.229E-2	0.484
0.834	9.316E-2	5.764E-4	9.316E-2	0.137	-1.263E-2	0.138	-0.244	0.289	0.378
0.851	9.535E-2	3.062E-4	9.535E-2	0.129	-1.050E-2	0.129	-0.310	9.225E-2	0.323
0.868	9.745E-2	2.261E-4	9.745E-2	0.127	-7.083E-3	0.127	5.150E-2	0.324	0.328
0.884	9.958E-2	6.987E-5	9.958E-2	0.131	-2.177E-3	0.131	0.230	0.290	0.370
0.901	0.102	1.535E-4	0.102	0.135	4.971E-3	0.135	0.276	8.977E-2	0.291
0.918	0.104	2.357E-4	0.104	0.139	4.241E-4	0.139	0.650	-0.129	0.662
0.934	0.106	1.676E-4	0.106	0.155	-1.042E-3	0.155	-0.615	0.316	0.692
0.951	0.109	2.009E-4	0.109	0.128	1.116E-2	0.128	-0.292	1.388	1.418
0.968	0.111	5.399E-4	0.111	0.127	4.405E-2	0.134	-0.640	2.011	2.110
0.984	0.113	1.671E-3	0.113	0.129	8.173E-2	0.153	-0.232	1.511	1.529
1.001	0.115	3.267E-3	0.115	0.101	9.514E-2	0.139	-1.074	1.646E-2	1.074
1.018	0.117	4.845E-3	0.117	0.102	8.195E-2	0.131	-0.435	-1.188	1.265
1.034	0.118	6.001E-3	0.119	8.435E-2	5.414E-2	0.100	0.254	-1.343	1.367
1.051	0.120	6.652E-3	0.120	0.105	3.515E-2	0.111	0.842	-1.332	1.576
1.068	0.122	7.174E-3	0.122	0.124	1.332E-2	0.125	0.300	-1.123	1.162
1.084	0.124	7.096E-3	0.124	0.108	-6.635E-3	0.108	-0.294	-0.734	0.791
1.101	0.126	6.953E-3	0.126	0.113	-9.085E-3	0.113	0.461	-0.428	0.629
1.118	0.128	6.793E-3	0.128	0.126	-1.937E-2	0.128	1.095	-1.251	1.662
1.134	0.130	6.307E-3	0.130	0.147	-5.050E-2	0.155	-0.289	-1.474	1.502
1.151	0.132	5.108E-3	0.133	0.126	-7.307E-2	0.146	-0.609	3.018E-2	0.609
1.168	0.134	3.868E-3	0.134	0.111	-5.024E-2	0.121	-0.581	1.460	1.572
1.185	0.136	3.432E-3	0.136	0.120	-1.840E-2	0.121	0.242	1.505	1.525
1.201	0.138	3.255E-3	0.138	0.112	-2.417E-3	0.112	0.135	0.533	0.550
1.218	0.140	3.351E-3	0.140	0.126	1.265E-3	0.126	0.449	0.164	0.478
1.235	0.142	3.297E-3	0.142	0.130	9.229E-5	0.130	0.453	-0.146	0.476
1.251	0.144	3.354E-3	0.144	0.136	-1.321E-3	0.136	0.164	-0.133	0.211
1.268	0.147	3.253E-3	0.147	0.141	-6.172E-3	0.141	7.047E-2	-0.361	0.368
1.285	0.149	3.148E-3	0.149	0.134	-1.191E-2	0.135	-0.305	0.205	0.368
1.301	0.151	2.855E-3	0.151	0.132	-3.024E-3	0.132	-0.308	1.172	1.212
1.318	0.153	3.048E-3	0.153	0.124	2.960E-2	0.128	-0.547	1.397	1.500
1.335	0.155	3.843E-3	0.155	0.113	4.679E-2	0.123	-0.949	0.386	1.024
1.351	0.157	4.609E-3	0.157	9.390E-2	4.042E-2	0.102	-0.386	-0.378	0.541
1.368	0.158	5.192E-3	0.159	9.487E-2	3.300E-2	0.100	0.510	-0.823	0.968
1.385	0.160	5.710E-3	0.160	0.117	1.542E-2	0.118	0.775	-1.027	1.287
1.401	0.162	5.706E-3	0.162	0.121	-4.819E-3	0.121	-0.132	-0.853	0.863
1.418	0.164	5.549E-3	0.164	0.112	-1.178E-2	0.112	-0.538	-0.664	0.855
1.435	0.166	5.313E-3	0.166	0.101	-2.540E-2	0.105	0.466	-0.372	0.596
1.451	0.168	4.701E-3	0.168	0.124	-2.827E-2	0.127	0.722	-0.377	0.815
1.468	0.170	4.370E-3	0.170	0.135	-3.222E-2	0.139	-0.101	-1.674E-2	0.102
1.485	0.172	3.626E-3	0.172	0.114	-3.493E-2	0.119	-0.788	0.395	0.881
1.502	0.174	3.204E-3	0.174	0.108	-1.587E-2	0.110	-0.126	1.042	1.049
1.518	0.176	3.097E-3	0.176	0.111	1.996E-4	0.111	0.501	0.546	0.741
1.535	0.178	3.211E-3	0.178	0.123	3.389E-3	0.123	0.108	0.220	0.246
1.552	0.180	3.210E-3	0.180	0.120	4.907E-3	0.120	0.304	8.419E-2	0.316
1.568	0.182	3.375E-3	0.182	0.125	8.335E-3	0.125	0.404	6.565E-2	0.409
1.585	0.184	3.488E-3	0.184	0.142	6.050E-3	0.142	0.578	-0.222	0.619
1.602	0.186	3.577E-3	0.186	0.141	1.488E-3	0.141	-0.117	-0.261	0.286
1.618	0.189	3.538E-3	0.189	0.139	-3.470E-3	0.139	-0.533	-0.126	0.547
1.635	0.191	3.461E-3	0.191	0.123	-2.765E-3	0.124	-1.013	0.611	1.183
1.652	0.193	3.445E-3	0.193	0.103	1.530E-2	0.104	3.365E-2	0.983	0.984
1.668	0.195	3.971E-3	0.195	0.120	3.405E-2	0.125	0.189	0.647	0.675
1.685	0.197	4.581E-3	0.197	0.121	3.546E-2	0.126	-0.443	-0.139	0.464
1.702	0.199	5.154E-3	0.199	9.523E-2	2.942E-2	9.967E-2	-0.332	-0.345	0.479
1.718	0.200	5.563E-3	0.200	0.111	2.292E-2	0.113	0.838	-6.760E-2	0.841
1.735	0.202	5.919E-3	0.202	0.128	2.666E-2	0.131	0.591	-0.256	0.644
1.752	0.204	6.453E-3	0.205	0.128	1.809E-2	0.129	-0.281	-0.704	0.759
1.768	0.207	6.523E-3	0.207	0.120	-8.514E-4	0.120	-0.141	-0.645	0.660
1.785	0.208	6.424E-3	0.209	0.120	-3.274E-3	0.120	-7.358E-2	-0.699	0.703
1.802	0.211	6.413E-3	0.211	0.122	-1.994E-2	0.123	-2.776E-2	-1.148	1.148
1.818	0.212	5.759E-3	0.213	0.116	-4.643E-2	0.125	-0.356	4.399E-3	0.356
1.835	0.214	4.864E-3	0.214	0.112	-2.341E-2	0.114	0.403	1.321	1.382
1.852	0.216	4.978E-3	0.216	0.125	7.257E-3	0.126	7.899E-2	0.893	0.897
1.869	0.219	5.106E-3	0.219	0.123	2.899E-3	0.123	0.401	-3.459E-2	0.403
1.885	0.220	5.075E-3	0.220	0.127	3.841E-3	0.127	0.310	-6.507E-2	0.317
1.902	0.223	5.235E-3	0.223	0.144	3.876E-3	0.144	0.336	-8.929E-2	0.347
1.919	0.225	5.204E-3	0.225	0.133	-1.625E-3	0.133	-0.105	-0.318	0.335
1.935	0.227	5.180E-3	0.227	0.139	-5.300E-3	0.139	0.574	-0.409	0.705
1.952	0.230	5.027E-3	0.230	0.155	-1.551E-2	0.156	-6.463E-3	-3.653E-2	3.710E-2
1.969	0.232	4.663E-3	0.233	0.142	-9.526E-3	0.142	-0.905	0.699	1.144
1.985	0.235	4.709E-3	0.235	0.119	1.106E-2	0.120	-0.478	0.868	0.991
2.002	0.236	5.032E-3	0.237	0.126	1.996E-2	0.128	-0.113	0.403	0.418
2.019	0.239	5.375E-3	0.239	0.121	2.313E-2	0.123	-0.211	0.149	0.258
2.035	0.240	5.804E-3	0.241	0.112	2.557E-2	0.115	0.162	1.109E-2	0.163
2.052	0.242	6.229E-3	0.243	0.129	2.340E-2	0.131	0.397	-0.815	0.906
2.069	0.245	6.584E-3	0.245	0.129	7.594E-4	0.129	-0.362	-1.186	1.240
2.085	0.247	6.254E-3	0.247	0.113	-2.152E-2	0.116	0.132	-1.018	1.027
2.102	0.249	5.866E-3	0.249	0.130	-2.982E-2	0.134	0.460	-0.688	0.828
2.119	0.251	5.259E-3	0.251	0.138	-4.491E-2	0.145	0.225	-0.184	0.291
2.135	0.253	4.368E-3	0.253	0.130	-3.944E-2	0.136	6.761E-2	0.366	0.373
2.152	0.255	3.943E-3	0.255	0.143	-2.724E-2	0.145	0.112	0.757	0.765
2.169	0.258	3.459E-3	0.258	0.137	-1.823E-2	0.138	-0.455	0.582	0.739
2.186	0.260	3.335E-3	0.260	0.123	-4.855E-3	0.123	-0.268	0.618	0.674
2.202	0.262	3.297E-3	0.262	0.129	1.119E-3	0.129	0.491	0.603	0.777
2.219	0.264	3.372E-3	0.264	0.140	1.443E-2	0.141	0.515	0.126	0.530
2.236	0.267	3.779E-3	0.267	0.146	9.761E-3	0.147	0.142	-0.455	0.476
2.252	0.269	3.698E-3	0.269	0.145	-6.150E-3	0.145	-0.205	-0.358	0.413
2.269	0.272	3.573E-3	0.272	0.139	-1.332E-3	0.139	0.200	9.802E-2	0.223
2.286	0.274	3.653E-3	0.274	0.149	-2.348E-4	0.149	0.471	0.703	0.846
2.302	0.277	3.566E-3	0.277	0.159	1.668E-2	0.160	-0.367	1.303	1.353
2.319	0.279	4.210E-3	0.279	0.137	4.876E-2	0.145	-0.416	1.329	1.393
2.336	0.281	5.192E-3	0.281	0.137	6.056E-2	0.150	-0.823	0.607	1.023
2.352	0.284	6.230E-3	0.284	0.123	6.730E-2	0.140	-0.485	-8.781E-2	0.493
2.369	0.285	7.438E-3	0.285	0.106	6.054E-2	0.122	-0.651	-0.809	1.038
2.386	0.287	8.250E-3	0.287	0.113	3.777E-2	0.119	0.869	-1.226	1.503
2.402	0.289	8.698E-3	0.289	0.126	1.928E-2	0.128	0.606	-0.792	0.998
2.419	0.291	8.894E-3	0.292	0.142	1.085E-2	0.143	0.448	-0.687	0.820
2.436	0.294	9.060E-3	0.294	0.135	-1.204E-3	0.135	-0.456	-0.764	0.890
2.452	0.296	8.854E-3	0.296	0.129	-1.705E-2	0.131	0.261	-1.315	1.340
2.469	0.298	8.492E-3	0.298	0.140	-4.191E-2	0.146	0.573	-1.109	1.248
2.486	0.301	7.455E-3	0.301	0.155	-5.952E-2	0.166	-0.255	1.725E-2	0.256
2.503	0.303	6.506E-3	0.303	0.131	-4.011E-2	0.137	-0.614	1.262	1.404
2.519	0.305	6.117E-3	0.305	0.126	-1.426E-2	0.127	-0.536	1.168	1.285
2.536	0.307	6.030E-3	0.307	0.124	-1.495E-3	0.124	1.106	0.591	1.255
2.553	0.309	6.067E-3	0.309	0.149	4.873E-3	0.149	1.177	0.170	1.189
2.569	0.312	6.192E-3	0.312	0.180	4.790E-3	0.180	0.374	-0.129	0.396
2.586	0.315	6.227E-3	0.315	0.153	-2.459E-4	0.153	-0.276	-0.530	0.597
2.603	0.317	6.184E-3	0.318	0.165	-1.184E-2	0.165	2.899E-2	-0.443	0.444
2.619	0.321	5.832E-3	0.321	0.167	-1.782E-2	0.168	-0.141	-4.588E-2	0.148
2.636	0.323	5.589E-3	0.323	0.149	-1.153E-2	0.150	-0.650	0.789	1.022
2.653	0.326	5.447E-3	0.326	0.151	6.718E-3	0.151	-0.295	1.022	1.063
2.669	0.328	5.814E-3	0.328	0.139	2.593E-2	0.141	-0.823	0.428	0.927
2.686	0.330	6.312E-3	0.330	0.123	2.119E-2	0.125	-0.445	-7.476E-2	0.451
2.703	0.332	6.521E-3	0.332	0.122	1.940E-2	0.123	0.984	-0.301	1.029
2.719	0.334	6.959E-3	0.334	0.155	1.584E-2	0.156	0.629	-0.544	0.832
2.736	0.337	7.049E-3	0.337	0.153	-1.719E-3	0.153	-1.068	-1.106	1.537
2.753	0.339	6.902E-3	0.339	0.110	-1.999E-2	0.111	-0.231	-0.981	1.008
2.769	0.341	6.382E-3	0.341	0.139	-3.595E-2	0.143	1.244	-0.344	1.291
2.786	0.344	5.702E-3	0.344	0.168	-3.242E-2	0.171	0.513	0.213	0.555
2.803	0.347	5.301E-3	0.347	0.146	-2.556E-2	0.148	-1.302	0.573	1.423
2.819	0.349	4.850E-3	0.349	0.127	-1.644E-2	0.128	0.504	0.515	0.721
2.836	0.351	4.752E-3	0.351	0.155	-5.222E-3	0.155	0.277	0.672	0.727
2.853	0.354	4.675E-3	0.354	0.155	3.494E-3	0.155	-0.395	0.473	0.616
2.870	0.356	4.869E-3	0.356	0.123	1.262E-2	0.124	-0.772	4.416E-4	0.772
2.886	0.358	5.096E-3	0.358	0.137	4.024E-3	0.137	1.107	-9.288E-2	1.111
2.903	0.361	5.003E-3	0.361	0.158	5.094E-3	0.158	0.457	0.290	0.541
2.920	0.363	5.266E-3	0.364	0.158	1.783E-2	0.159	6.364E-2	0.378	0.383
2.936	0.366	5.598E-3	0.366	0.152	1.715E-2	0.153	0.485	-0.204	0.526
2.953	0.369	5.839E-3	0.369	0.177	1.053E-2	0.178	0.148	-0.116	0.188
2.970	0.372	5.949E-3	0.372	0.164	1.182E-2	0.164	-0.423	0.838	0.939
2.986	0.374	6.233E-3	0.374	0.150	3.761E-2	0.155	-1.177	1.202	1.682
3.003	0.377	7.204E-3	0.377	0.137	5.721E-2	0.149	-1.233	9.070E-3	1.233
3.020	0.379	8.142E-3	0.379	0.100	3.737E-2	0.107	-0.425	-0.688	0.808
3.036	0.380	8.451E-3	0.380	0.121	2.771E-2	0.124	9.289E-2	-0.312	0.326
3.053	0.383	9.066E-3	0.383	0.117	3.284E-2	0.122	0.766	-0.189	0.789
3.070	0.384	9.547E-3	0.384	0.127	2.017E-2	0.128	1.100	-0.794	1.356
3.086	0.387	9.739E-3	0.387	0.170	5.343E-3	0.170	0.639	-0.570	0.856
3.103	0.390	9.725E-3	0.390	0.146	4.286E-4	0.146	-0.328	-0.445	0.553
3.120	0.392	9.754E-3	0.392	0.148	-7.017E-3	0.148	-0.874	-0.477	0.996
3.136	0.395	9.491E-3	0.395	0.134	-1.787E-2	0.135	0.219	-1.084	1.105
3.153	0.396	9.158E-3	0.396	0.134	-3.972E-2	0.140	8.087E-3	-1.115	1.115
3.170	0.399	8.166E-3	0.399	0.155	-6.029E-2	0.166	0.741	-0.128	0.752
3.187	0.401	7.146E-3	0.401	0.146	-4.389E-2	0.152	-0.496	1.107	1.213
3.203	0.404	6.701E-3	0.404	0.146	-1.935E-2	0.147	0.767	1.192	1.417
3.220	0.406	6.500E-3	0.406	0.163	-5.454E-3	0.163	0.176	0.188	0.257
3.237	0.409	6.519E-3	0.409	0.165	-1.057E-2	0.165	0.268	-0.387	0.470
3.253	0.412	6.147E-3	0.412	0.158	-2.261E-2	0.159	0.123	-0.136	0.183
3.270	0.415	5.765E-3	0.415	0.178	-1.470E-2	0.178	0.442	0.244	0.505
3.287	0.418	5.657E-3	0.418	0.171	-1.137E-2	0.171	-0.344	0.327	0.474
3.303	0.420	5.386E-3	0.420	0.164	-7.602E-3	0.164	-0.144	0.891	0.903
3.320	0.423	5.403E-3	0.423	0.167	1.898E-2	0.168	-1.452	1.398	2.015
3.337	0.426	6.019E-3	0.426	0.123	4.217E-2	0.130	-1.372	0.639	1.514
3.353	0.427	6.810E-3	0.427	0.103	4.027E-2	0.111	-0.702	-0.180	0.725
3.370	0.429	7.363E-3	0.429	0.116	3.332E-2	0.121	0.623	-0.329	0.704
3.387	0.431	7.922E-3	0.431	0.114	3.078E-2	0.118	0.267	-9.397E-2	0.283
3.403	0.433	8.390E-3	0.433	0.131	2.920E-2	0.134	0.438	-0.124	0.455
3.420	0.435	8.896E-3	0.436	0.129	2.775E-2	0.132	4.507E-2	-0.306	0.309
3.437	0.437	9.315E-3	0.438	0.129	1.896E-2	0.131	0.105	-0.849	0.855
3.453	0.440	9.529E-3	0.440	0.135	-1.148E-4	0.135	-0.165	-0.852	0.868
3.470	0.442	9.312E-3	0.442	0.124	-1.237E-2	0.125	-0.653	-0.486	0.814
3.487	0.444	9.116E-3	0.444	0.111	-1.398E-2	0.111	-0.542	0.268	0.604
3.504	0.446	8.845E-3	0.446	0.107	-5.690E-3	0.107	0.681	0.375	0.777
3.520	0.447	8.926E-3	0.448	0.130	2.239E-3	0.130	0.622	0.395	0.737
3.537	0.450	8.920E-3	0.450	0.137	4.540E-3	0.137	1.177	-1.138E-2	1.177
3.554	0.452	9.078E-3	0.452	0.156	4.365E-3	0.156	0.897	-2.098E-3	0.897
3.570	0.455	9.066E-3	0.455	0.181	1.933E-3	0.181	-0.142	-0.173	0.224
3.587	0.458	9.142E-3	0.458	0.146	6.445E-4	0.146	-2.064	-0.182	2.072
3.604	0.460	9.087E-3	0.460	0.109	-5.346E-3	0.109	-0.824	-0.426	0.928
3.620	0.462	8.964E-3	0.462	0.115	-1.281E-2	0.116	1.363	-0.479	1.445
3.637	0.464	8.659E-3	0.464	0.159	-2.206E-2	0.160			
3.654	0.467	8.228E-3	0.467						
