	mass A									
t	x	y	r	vx	vy	v	ax	ay	a	
0.000	3.412E-3	2.071E-3	3.992E-3						
0.017	6.275E-3	7.488E-4	6.320E-3	0.172	-9.213E-2	0.196			
0.033	9.167E-3	-1.003E-3	9.221E-3	0.169	-0.107	0.201	0.165	-0.520	0.545
0.050	1.193E-2	-2.830E-3	1.226E-2	0.175	-0.108	0.206	0.146	0.345	0.374
0.067	1.502E-2	-4.621E-3	1.571E-2	0.179	-9.666E-2	0.203	-0.451	2.124	2.172
0.083	1.789E-2	-6.056E-3	1.889E-2	0.159	-4.106E-2	0.164	-0.898	3.603	3.713
0.100	2.032E-2	-5.991E-3	2.119E-2	0.146	3.099E-2	0.149	-0.457	3.058	3.092
0.117	2.275E-2	-5.022E-3	2.330E-2	0.146	6.178E-2	0.158	-0.279	0.349	0.447
0.133	2.518E-2	-3.930E-3	2.548E-2	0.138	4.301E-2	0.144	-0.473	-1.545	1.616
0.150	2.734E-2	-3.587E-3	2.758E-2	0.128	5.450E-3	0.128	0.378	-2.091	2.125
0.167	2.945E-2	-3.748E-3	2.968E-2	0.148	-2.561E-2	0.150	0.577	-1.480	1.589
0.184	3.227E-2	-4.441E-3	3.258E-2	0.156	-4.573E-2	0.162	0.278	-0.670	0.725
0.200	3.464E-2	-5.274E-3	3.504E-2	0.149	-4.726E-2	0.156	0.580	0.117	0.592
0.217	3.724E-2	-6.018E-3	3.772E-2	0.176	-4.098E-2	0.181	0.752	0.451	0.876
0.234	4.051E-2	-6.641E-3	4.105E-2	0.181	-3.230E-2	0.184	7.618E-2	0.695	0.699
0.250	4.328E-2	-7.096E-3	4.385E-2	0.171	-1.816E-2	0.172	0.214	1.127	1.147
0.267	4.621E-2	-7.247E-3	4.677E-2	0.190	5.135E-3	0.190	0.770	0.686	1.031
0.284	4.960E-2	-6.924E-3	5.008E-2	0.200	8.998E-3	0.200	4.703E-2	-0.239	0.244
0.300	5.288E-2	-6.947E-3	5.334E-2	0.189	-7.038E-3	0.189	-7.827E-2	-0.505	0.511
0.317	5.592E-2	-7.159E-3	5.637E-2	0.194	-8.582E-3	0.194	0.450	-0.446	0.633
0.334	5.936E-2	-7.233E-3	5.980E-2	0.209	-1.800E-2	0.209	-8.065E-2	-0.113	0.138
0.350	6.288E-2	-7.760E-3	6.335E-2	0.193	-1.864E-2	0.194	-1.513	1.705	2.279
0.367	6.580E-2	-7.855E-3	6.626E-2	0.155	3.822E-2	0.160	-1.732	3.156	3.600
0.384	6.806E-2	-6.484E-3	6.837E-2	0.133	9.549E-2	0.163	-0.588	2.768	2.830
0.400	7.022E-2	-4.669E-3	7.037E-2	0.137	0.126	0.186	-0.322	1.561	1.594
0.417	7.262E-2	-2.290E-3	7.266E-2	0.127	0.150	0.196	6.430E-2	0.320	0.326
0.434	7.445E-2	3.198E-4	7.445E-2	0.130	0.138	0.190	0.246	-0.970	1.001
0.450	7.695E-2	2.330E-3	7.699E-2	0.144	0.112	0.183	0.258	-2.085	2.101
0.467	7.926E-2	4.064E-3	7.936E-2	0.134	7.345E-2	0.153	-0.463	-2.772	2.810
0.484	8.144E-2	4.781E-3	8.158E-2	0.129	1.606E-2	0.130	-4.234E-2	-3.230	3.230
0.501	8.356E-2	4.599E-3	8.368E-2	0.132	-3.432E-2	0.137	0.246	-2.505	2.517
0.517	8.585E-2	3.636E-3	8.593E-2	0.139	-6.879E-2	0.155	0.146	-1.394	1.401
0.534	8.818E-2	2.304E-3	8.821E-2	0.137	-8.054E-2	0.159	0.350	0.314	0.470
0.551	9.042E-2	9.487E-4	9.043E-2	0.148	-5.997E-2	0.159	0.558	1.527	1.625
0.567	9.310E-2	3.031E-4	9.311E-2	0.160	-2.533E-2	0.162	0.918	1.460	1.724
0.584	9.576E-2	1.034E-4	9.576E-2	0.174	-1.067E-2	0.174	0.416	0.479	0.634
0.601	9.891E-2	-5.306E-5	9.891E-2	0.179	-1.071E-2	0.180	0.262	-0.341	0.430
0.617	0.102	-2.540E-4	0.102	0.177	-2.129E-2	0.178	-9.277E-2	-0.729	0.735
0.634	0.105	-7.633E-4	0.105	0.180	-3.663E-2	0.184	-0.247	-1.908	1.924
0.651	0.108	-1.476E-3	0.108	0.168	-8.004E-2	0.186	-0.300	-2.498	2.516
0.667	0.110	-3.434E-3	0.110	0.167	-0.128	0.211	7.663E-2	-2.246	2.247
0.684	0.113	-5.754E-3	0.113	0.174	-0.151	0.230	6.185E-2	0.296	0.302
0.701	0.116	-8.474E-3	0.117	0.168	-0.126	0.210	-0.769	2.760	2.865
0.717	0.119	-9.944E-3	0.119	0.149	-5.173E-2	0.158	-0.890	3.793	3.896
0.734	0.121	-1.020E-2	0.122	0.135	3.342E-3	0.135	-0.360	2.953	2.974
0.751	0.123	-9.832E-3	0.124	0.139	4.382E-2	0.146	-8.378E-2	1.693	1.695
0.767	0.126	-8.738E-3	0.126	0.134	6.365E-2	0.149	0.429	0.657	0.784
0.784	0.128	-7.709E-3	0.128	0.148	6.202E-2	0.160	0.469	-0.768	0.900
0.801	0.131	-6.669E-3	0.131	0.159	4.138E-2	0.164	0.565	-0.812	0.989
0.817	0.133	-6.328E-3	0.133	0.159	2.783E-2	0.162	2.402E-2	-0.844	0.845
0.834	0.136	-5.740E-3	0.136	0.164	2.043E-2	0.166	0.300	-0.911	0.960
0.851	0.139	-5.646E-3	0.139	0.165	-6.185E-3	0.165	8.051E-2	-1.290	1.293
0.868	0.142	-5.946E-3	0.142	0.170	-2.314E-2	0.171	0.288	-0.856	0.904
0.884	0.144	-6.418E-3	0.145	0.173	-3.376E-2	0.176	-5.783E-2	-0.579	0.582
0.901	0.147	-7.073E-3	0.148	0.170	-4.279E-2	0.176	9.906E-2	-0.698	0.705
0.918	0.150	-7.846E-3	0.150	0.172	-5.592E-2	0.181	-0.212	0.413	0.464
0.934	0.153	-8.939E-3	0.153	0.169	-3.551E-2	0.172	-0.575	2.423	2.490
0.951	0.156	-9.031E-3	0.156	0.149	2.982E-2	0.152	-1.283	2.944	3.211
0.968	0.158	-7.944E-3	0.158	0.128	6.811E-2	0.145	-0.814	1.506	1.712
0.984	0.160	-6.758E-3	0.160	0.118	7.527E-2	0.140	-2.267E-2	0.655	0.656
1.001	0.162	-5.432E-3	0.162	0.130	8.935E-2	0.157	0.535	0.122	0.549
1.018	0.164	-3.777E-3	0.164	0.137	8.376E-2	0.161	0.236	-1.202	1.224
1.034	0.167	-2.637E-3	0.167	0.137	4.654E-2	0.145	-0.439	-2.461	2.500
1.051	0.169	-2.224E-3	0.169	0.124	1.034E-3	0.124	-0.277	-2.729	2.743
1.068	0.171	-2.603E-3	0.171	0.123	-4.500E-2	0.131	0.175	-2.697	2.703
1.084	0.173	-3.725E-3	0.173	0.134	-8.886E-2	0.161	0.528	-1.982	2.051
1.101	0.175	-5.568E-3	0.175	0.138	-0.114	0.179	0.112	-0.355	0.372
1.118	0.178	-7.518E-3	0.178	0.140	-0.101	0.172	0.128	1.584	1.589
1.134	0.180	-8.932E-3	0.180	0.141	-5.937E-2	0.153	0.665	1.785	1.905
1.151	0.182	-9.499E-3	0.183	0.161	-3.602E-2	0.165	0.686	0.590	0.905
1.168	0.185	-1.013E-2	0.186	0.169	-4.317E-2	0.174	0.374	-0.655	0.754
1.185	0.188	-1.094E-2	0.188	0.168	-5.769E-2	0.177	0.113	-0.463	0.476
1.201	0.191	-1.206E-2	0.191	0.176	-6.139E-2	0.186	-6.809E-2	1.535	1.537
1.218	0.194	-1.299E-2	0.194	0.166	-1.001E-2	0.167	-0.528	3.512	3.551
1.235	0.196	-1.239E-2	0.197	0.155	6.396E-2	0.168	-0.600	3.180	3.236
1.251	0.199	-1.085E-2	0.199	0.148	9.699E-2	0.177	-0.716	0.714	1.011
1.268	0.201	-9.157E-3	0.202	0.131	8.717E-2	0.158	-0.243	-1.197	1.222
1.285	0.203	-7.945E-3	0.204	0.136	5.476E-2	0.146	3.298E-2	-1.811	1.812
1.301	0.206	-7.329E-3	0.206	0.140	2.535E-2	0.142	8.225E-2	-1.375	1.377
1.318	0.208	-7.099E-3	0.208	0.133	8.852E-3	0.133	-5.439E-2	-0.754	0.756
1.335	0.210	-7.034E-3	0.210	0.140	8.693E-4	0.140	0.633	-0.401	0.749
1.351	0.213	-7.070E-3	0.213	0.153	-4.360E-3	0.153	0.876	-0.252	0.911
1.368	0.215	-7.180E-3	0.216	0.170	-7.590E-3	0.170	0.757	0.230	0.791
1.385	0.218	-7.323E-3	0.219	0.179	1.845E-3	0.179	0.248	0.618	0.666
1.401	0.221	-7.118E-3	0.222	0.178	1.569E-2	0.178	0.204	0.457	0.501
1.418	0.224	-6.800E-3	0.224	0.184	1.689E-2	0.185	0.373	-0.166	0.408
1.435	0.228	-6.554E-3	0.228	0.193	9.762E-3	0.193	3.679E-3	-0.349	0.349
1.451	0.231	-6.474E-3	0.231	0.184	4.222E-3	0.184	-0.351	-0.481	0.595
1.468	0.234	-6.414E-3	0.234	0.178	-4.572E-3	0.179	3.814E-3	-0.422	0.422
1.485	0.237	-6.627E-3	0.237	0.186	-1.221E-2	0.186	-0.176	-2.549E-2	0.177
1.502	0.240	-6.821E-3	0.240	0.176	-5.036E-3	0.176	-0.756	1.677	1.840
1.518	0.243	-6.795E-3	0.243	0.156	4.007E-2	0.161	-1.009	2.791	2.968
1.535	0.245	-5.484E-3	0.245	0.144	9.570E-2	0.173	-0.695	2.611	2.702
1.552	0.247	-3.602E-3	0.247	0.132	0.125	0.182	-0.396	1.002	1.077
1.568	0.250	-1.318E-3	0.250	0.131	0.131	0.185	-4.527E-2	0.175	0.181
1.585	0.252	7.683E-4	0.252	0.132	0.127	0.183	-5.998E-2	-0.505	0.509
1.602	0.254	2.920E-3	0.254	0.128	0.117	0.174	0.176	-0.827	0.846
1.618	0.256	4.679E-3	0.256	0.136	9.698E-2	0.167	0.200	-1.527	1.540
1.635	0.258	6.156E-3	0.259	0.139	6.838E-2	0.155	-0.124	-2.137	2.141
1.652	0.261	6.961E-3	0.261	0.129	2.451E-2	0.131	0.106	-2.531	2.534
1.668	0.263	6.974E-3	0.263	0.140	-1.738E-2	0.141	0.412	-2.224	2.262
1.685	0.265	6.380E-3	0.265	0.149	-4.952E-2	0.157	0.125	-1.911	1.916
1.702	0.268	5.321E-3	0.268	0.140	-8.017E-2	0.162	0.154	-1.300	1.309
1.718	0.270	3.705E-3	0.270	0.153	-9.581E-2	0.180	0.395	-0.742	0.841
1.735	0.273	2.124E-3	0.273	0.158	-0.101	0.188	0.469	-0.466	0.661
1.752	0.275	3.244E-4	0.275	0.163	-0.113	0.198	-6.132E-3	-0.328	0.328
1.768	0.278	-1.636E-3	0.278	0.164	-0.113	0.199	0.150	-0.258	0.298
1.785	0.281	-3.457E-3	0.281	0.162	-0.118	0.200	0.127	-0.925	0.934
1.802	0.284	-5.578E-3	0.284	0.172	-0.145	0.225	0.152	-2.179	2.184
1.818	0.287	-8.289E-3	0.287	0.167	-0.191	0.254	-0.538	-1.197	1.312
1.835	0.289	-1.194E-2	0.289	0.153	-0.194	0.247	-0.796	1.768	1.939
1.852	0.292	-1.476E-2	0.292	0.140	-0.127	0.189	-0.752	3.893	3.965
1.869	0.294	-1.616E-2	0.294	0.129	-5.893E-2	0.141	-0.461	3.409	3.440
1.885	0.296	-1.672E-2	0.296	0.123	-1.441E-2	0.124	-0.248	2.359	2.372
1.902	0.298	-1.664E-2	0.298	0.122	1.962E-2	0.123	0.458	1.262	1.342
1.919	0.300	-1.607E-2	0.300	0.135	2.978E-2	0.139	0.347	0.386	0.519
1.935	0.303	-1.565E-2	0.303	0.140	2.863E-2	0.143	6.793E-2	-0.177	0.190
1.952	0.305	-1.511E-2	0.305	0.132	2.630E-2	0.134	4.279E-2	-0.400	0.403
1.969	0.307	-1.477E-2	0.307	0.143	1.408E-2	0.143	0.816	-0.579	1.000
1.985	0.309	-1.464E-2	0.310	0.160	6.138E-3	0.160	0.635	-0.883	1.087
2.002	0.312	-1.456E-2	0.313	0.166	-1.241E-2	0.166	0.411	-0.932	1.019
2.019	0.315	-1.506E-2	0.315	0.170	-2.963E-2	0.173	2.382E-2	-0.655	0.656
2.035	0.318	-1.555E-2	0.318	0.170	-3.159E-2	0.173	-0.636	1.645	1.764
2.052	0.321	-1.611E-2	0.321	0.148	1.748E-2	0.149	-1.260	2.986	3.241
2.069	0.323	-1.497E-2	0.323	0.126	8.106E-2	0.150	-1.130	3.052	3.254
2.085	0.325	-1.341E-2	0.325	0.111	0.113	0.158	-0.862	2.264	2.423
2.102	0.327	-1.120E-2	0.327	9.710E-2	0.157	0.184	-0.372	1.838	1.875
2.119	0.328	-8.176E-3	0.328	9.691E-2	0.179	0.203	-0.197	0.832	0.856
2.135	0.330	-5.233E-3	0.330	9.466E-2	0.180	0.203	-2.809E-2	-0.269	0.270
2.152	0.331	-2.177E-3	0.331	9.165E-2	0.173	0.196	0.230	-0.646	0.686
2.169	0.333	5.310E-4	0.333	0.104	0.156	0.187	0.351	-1.421	1.464
2.186	0.335	3.018E-3	0.335	0.105	0.128	0.166	-2.041E-2	-2.177	2.177
2.202	0.336	4.801E-3	0.336	0.101	8.157E-2	0.130	-0.259	-3.058	3.069
2.219	0.338	5.740E-3	0.338	9.838E-2	2.604E-2	0.102	6.642E-2	-3.015	3.016
2.236	0.340	5.670E-3	0.340	0.101	-2.158E-2	0.103	0.365	-2.253	2.282
2.252	0.341	5.020E-3	0.341	0.112	-4.841E-2	0.122	0.454	-1.298	1.375
2.269	0.343	4.054E-3	0.343	0.117	-6.419E-2	0.133	0.453	-0.903	1.010
2.286	0.345	2.878E-3	0.345	0.125	-7.792E-2	0.147	0.393	-0.866	0.951
2.302	0.348	1.454E-3	0.348	0.133	-9.318E-2	0.162	0.304	-0.743	0.802
2.319	0.350	-2.314E-4	0.350	0.133	-0.104	0.169	0.520	-0.309	0.605
2.336	0.352	-2.000E-3	0.352	0.149	-0.103	0.181	0.201	-0.150	0.251
2.352	0.355	-3.683E-3	0.355	0.146	-0.107	0.181	-0.147	-1.076E-2	0.147
2.369	0.357	-5.558E-3	0.357	0.136	-0.107	0.173	-0.353	1.512	1.552
2.386	0.359	-7.241E-3	0.359	0.139	-5.962E-2	0.151	-0.166	3.228	3.232
2.402	0.362	-7.547E-3	0.362	0.129	8.242E-3	0.130	-0.327	3.169	3.186
2.419	0.364	-6.966E-3	0.364	0.127	4.620E-2	0.135	-0.183	1.725	1.735
2.436	0.366	-6.005E-3	0.366	0.125	6.430E-2	0.141	0.143	-0.286	0.319
2.452	0.368	-4.820E-3	0.368	0.129	4.123E-2	0.135	0.176	-1.991	1.999
2.469	0.370	-4.630E-3	0.370	0.134	-8.719E-3	0.135	0.155	-2.647	2.651
2.486	0.372	-5.111E-3	0.372	0.132	-4.612E-2	0.140	0.286	-1.595	1.621
2.503	0.374	-6.169E-3	0.375	0.143	-6.392E-2	0.156	0.284	-0.331	0.437
2.519	0.377	-7.244E-3	0.377	0.146	-5.606E-2	0.156	0.118	0.550	0.563
2.536	0.379	-8.039E-3	0.379	0.143	-4.366E-2	0.149	1.860E-2	0.416	0.416
2.553	0.382	-8.701E-3	0.382	0.148	-4.192E-2	0.154	9.538E-2	8.022E-2	0.125
2.569	0.384	-9.438E-3	0.384	0.146	-4.246E-2	0.152	0.124	-0.193	0.229
2.586	0.387	-1.012E-2	0.387	0.150	-4.668E-2	0.157	0.249	-0.507	0.565
2.603	0.389	-1.100E-2	0.389	0.157	-6.024E-2	0.169	0.102	-0.557	0.567
2.619	0.392	-1.213E-2	0.392	0.153	-6.675E-2	0.167	-0.577	0.935	1.098
2.636	0.394	-1.322E-2	0.395	0.138	-3.241E-2	0.142	-0.989	3.132	3.284
2.653	0.397	-1.321E-2	0.397	0.119	4.132E-2	0.126	-0.959	3.562	3.689
2.669	0.398	-1.184E-2	0.399	0.106	9.181E-2	0.140	-0.530	2.654	2.706
2.686	0.400	-1.015E-2	0.400	0.102	0.124	0.160	-0.270	1.226	1.256
2.703	0.402	-7.713E-3	0.402	9.762E-2	0.139	0.170	6.703E-2	0.342	0.348
2.719	0.403	-5.521E-3	0.403	0.102	0.130	0.165	0.239	-0.635	0.678
2.736	0.405	-3.369E-3	0.405	0.108	0.119	0.161	-7.680E-3	-1.185	1.185
2.753	0.407	-1.535E-3	0.407	0.101	9.085E-2	0.136	6.027E-2	-2.433	2.434
2.769	0.409	-3.377E-4	0.409	0.107	3.886E-2	0.114	0.149	-3.140	3.144
2.786	0.410	-2.380E-4	0.410	0.112	-1.728E-2	0.113	0.250	-3.052	3.063
2.803	0.412	-9.143E-4	0.412	0.110	-6.188E-2	0.127	0.320	-2.188	2.211
2.819	0.414	-2.303E-3	0.414	0.124	-9.183E-2	0.154	0.674	-0.392	0.780
2.836	0.416	-3.978E-3	0.416	0.134	-7.763E-2	0.155	0.411	1.140	1.212
2.853	0.419	-4.893E-3	0.419	0.137	-4.714E-2	0.145	0.571	1.494	1.599
2.870	0.421	-5.551E-3	0.421	0.151	-3.018E-2	0.154	0.591	0.807	1.000
2.886	0.424	-5.900E-3	0.424	0.161	-1.894E-2	0.162	0.448	0.148	0.472
2.903	0.426	-6.183E-3	0.426	0.163	-2.487E-2	0.165	-9.160E-2	-0.416	0.426
2.920	0.429	-6.730E-3	0.429	0.160	-3.503E-2	0.164	0.260	-0.441	0.512
2.936	0.432	-7.352E-3	0.432	0.167	-3.888E-2	0.171	0.121	-1.194	1.200
2.953	0.435	-8.027E-3	0.435	0.171	-7.068E-2	0.185	-0.194	-1.187	1.203
2.970	0.437	-9.710E-3	0.437	0.156	-8.865E-2	0.180	-0.500	0.593	0.776
2.986	0.440	-1.098E-2	0.440	0.154	-4.723E-2	0.161	-0.575	2.277	2.348
3.003	0.443	-1.129E-2	0.443	0.141	-7.600E-3	0.141	-0.300	2.088	2.110
3.020	0.445	-1.124E-2	0.445	0.137	1.897E-2	0.139	-0.340	1.571	1.607
3.036	0.447	-1.065E-2	0.447	0.137	4.630E-2	0.144	-9.320E-2	0.996	1.001
3.053	0.449	-9.694E-3	0.449	0.128	5.367E-2	0.139	-6.967E-3	-0.124	0.124
3.070	0.451	-8.862E-3	0.451	0.139	4.074E-2	0.145	0.440	-0.461	0.637
3.086	0.454	-8.334E-3	0.454	0.144	3.569E-2	0.149	0.362	-0.309	0.475
3.103	0.456	-7.672E-3	0.456	0.149	3.374E-2	0.153	0.440	-0.343	0.558
3.120	0.459	-7.208E-3	0.459	0.160	2.268E-2	0.161	0.588	-0.937	1.106
3.136	0.462	-6.915E-3	0.462	0.169	3.838E-3	0.169	0.250	-0.833	0.869
3.153	0.464	-7.080E-3	0.464	0.169	-8.502E-3	0.169	-0.136	-0.677	0.691
3.170	0.467	-7.199E-3	0.467	0.163	-1.522E-2	0.164	-6.590E-2	-0.533	0.537
3.187	0.470	-7.588E-3	0.470	0.166	-2.812E-2	0.168	0.166	-0.935	0.950
3.203	0.473	-8.137E-3	0.473	0.170	-4.489E-2	0.176	4.041E-2	-0.132	0.138
3.220	0.476	-9.086E-3	0.476	0.167	-3.798E-2	0.171	-0.506	1.326	1.419
3.237	0.478	-9.404E-3	0.478	0.154	3.265E-3	0.154	-0.701	2.382	2.483
3.253	0.481	-8.977E-3	0.481	0.141	4.273E-2	0.148	-0.461	1.999	2.051
3.270	0.483	-7.978E-3	0.483	0.139	7.020E-2	0.156	-5.293E-2	0.884	0.886
3.287	0.485	-6.635E-3	0.485	0.140	7.370E-2	0.158	-0.150	-0.137	0.203
3.303	0.488	-5.519E-3	0.488	0.135	6.277E-2	0.149	4.441E-2	-0.854	0.856
3.320	0.490	-4.540E-3	0.490	0.139	4.670E-2	0.146	1.309E-2	-1.279	1.279
3.337	0.492	-3.961E-3	0.492	0.140	1.944E-2	0.141	0.204	-2.120	2.130
3.353	0.494	-3.892E-3	0.495	0.141	-2.285E-2	0.143	-0.145	-2.589	2.593
3.370	0.497	-4.723E-3	0.497	0.140	-6.965E-2	0.157	-0.114	-2.130	2.133
3.387	0.499	-6.216E-3	0.499	0.133	-9.493E-2	0.163	-0.303	-1.292	1.327
3.403	0.501	-7.891E-3	0.501	0.132	-0.110	0.172	0.549	-0.201	0.585
3.420	0.504	-9.889E-3	0.504	0.148	-0.106	0.182	0.622	0.922	1.113
3.437	0.506	-1.142E-2	0.506	0.159	-7.609E-2	0.177	0.590	1.082	1.232
3.453	0.509	-1.243E-2	0.509	0.162	-6.637E-2	0.175	0.148	0.353	0.383
3.470	0.512	-1.363E-2	0.512	0.168	-6.862E-2	0.181	0.243	0.119	0.270
3.487	0.514	-1.472E-2	0.515	0.168	-6.120E-2	0.178	-0.123	1.897	1.901
3.504	0.517	-1.567E-2	0.518	0.165	-1.123E-2	0.166	-0.305	3.125	3.140
3.520	0.520	-1.509E-2	0.520	0.157	5.302E-2	0.165	-0.600	2.896	2.958
3.537	0.523	-1.390E-2	0.523	0.146	8.247E-2	0.167	-0.485	1.350	1.434
3.554	0.525	-1.234E-2	0.525	0.139	9.802E-2	0.170	-0.331	-0.143	0.361
3.570	0.527	-1.063E-2	0.527	0.136	8.048E-2	0.158	-0.240	-1.384	1.405
3.587	0.529	-9.656E-3	0.529	0.131	4.665E-2	0.139	-0.307	-1.834	1.860
3.604	0.532	-9.076E-3	0.532	0.126	2.096E-2	0.128	1.440E-2	-1.154	1.154
3.620	0.534	-8.956E-3	0.534	0.130	6.082E-3	0.130	0.518	-0.807	0.959
3.637	0.536	-8.873E-3	0.536	0.144	-3.143E-3	0.144	0.881	-0.375	0.957
3.654	0.538	-9.061E-3	0.539	0.159	-8.938E-3	0.160	0.262	3.771E-2	0.265
3.670	0.541	-9.171E-3	0.541	0.156	-8.776E-4	0.156	0.116	0.546	0.558
3.687	0.544	-9.090E-3	0.544	0.157	9.861E-3	0.158	0.378	0.583	0.694
3.704	0.546	-8.842E-3	0.547	0.173	1.864E-2	0.174	0.632	0.222	0.669
3.720	0.549	-8.469E-3	0.549	0.177	1.822E-2	0.178	0.147	-9.005E-2	0.173
3.737	0.552	-8.234E-3	0.552	0.178	1.392E-2	0.179	0.133	-0.376	0.398
3.754	0.555	-8.004E-3	0.555	0.181	7.193E-3	0.181	-5.035E-2	-0.557	0.559
3.770	0.558	-7.994E-3	0.558	0.178	-5.648E-3	0.178	-0.118	-0.450	0.465
3.787	0.561	-8.193E-3	0.561	0.174	-9.055E-3	0.175	-0.673	1.091	1.282
3.804	0.564	-8.297E-3	0.564	0.160	2.763E-2	0.162	-0.901	2.416	2.579
3.820	0.567	-7.271E-3	0.567	0.140	7.841E-2	0.160	-0.653	2.309	2.399
3.837	0.569	-5.680E-3	0.569	0.139	0.104	0.173	-0.322	1.029	1.078
3.854	0.571	-3.818E-3	0.571	0.131	0.113	0.173	0.133	-8.914E-3	0.133
3.871	0.573	-1.926E-3	0.573	0.138	0.104	0.172	-0.267	-4.469E-2	0.270
3.887	0.576	-3.583E-4	0.576	0.132	0.106	0.169	-8.183E-2	-2.871E-2	8.672E-2
3.904	0.578	1.623E-3	0.578	0.124	0.109	0.165	-9.556E-2	-1.115	1.119
3.921	0.580	3.280E-3	0.580	0.136	6.894E-2	0.153	0.418	-1.996	2.039
3.937	0.582	3.923E-3	0.582	0.135	3.557E-2	0.140	-2.756E-2	-1.819	1.820
3.954	0.584	4.467E-3	0.584	0.136	1.433E-2	0.137	8.890E-2	-1.698	1.701
3.971	0.587	4.401E-3	0.587	0.138	-2.319E-2	0.140	6.512E-2	-1.957	1.958
3.987	0.589	3.695E-3	0.589	0.139	-5.242E-2	0.148	0.463	-1.634	1.698
4.004	0.591	2.652E-3	0.591	0.152	-7.617E-2	0.170	0.616	-0.841	1.042
4.021	0.594	1.154E-3	0.594	0.164	-8.405E-2	0.184	0.433	-0.290	0.521
4.037	0.597	-1.526E-4	0.597	0.164	-8.208E-2	0.184	-0.251	-0.169	0.302
4.054	0.600	-1.580E-3	0.600	0.156	-9.080E-2	0.181	5.556E-2	-0.656	0.658
4.071	0.602	-3.182E-3	0.602	0.162	-0.104	0.192	0.393	-0.687	0.791
4.087	0.605	-5.040E-3	0.605	0.175	-0.115	0.209	0.292	-0.807	0.858
4.104	0.608	-7.009E-3	0.608	0.170	-0.129	0.213	-0.272	-0.699	0.750
4.121	0.611	-9.342E-3	0.611	0.164	-0.141	0.216	-0.590	0.681	0.901
4.137	0.613	-1.170E-2	0.613	0.152	-0.109	0.187	-0.671	2.441	2.532
4.154	0.616	-1.299E-2	0.616	0.139	-5.334E-2	0.149	-0.819	2.855	2.971
4.171	0.618	-1.348E-2	0.618	0.127	-1.392E-2	0.128	-0.383	2.051	2.087
4.188	0.620	-1.346E-2	0.620	0.123	1.415E-2	0.124	7.843E-2	1.244	1.246
4.204	0.622	-1.301E-2	0.622	0.133	2.883E-2	0.136	0.413	0.568	0.703
4.221	0.624	-1.249E-2	0.625	0.137	3.164E-2	0.141	0.337	-8.507E-2	0.347
4.238	0.627	-1.195E-2	0.627	0.143	2.685E-2	0.145	0.452	-0.147	0.475
4.254	0.629	-1.160E-2	0.629	0.153	2.446E-2	0.155	0.116	-0.389	0.406
4.271	0.632	-1.113E-2	0.632	0.149	1.719E-2	0.150	0.214	-0.754	0.783
4.288	0.634	-1.102E-2	0.634	0.154	-2.881E-3	0.155	0.328	-0.975	1.029
4.304	0.637	-1.123E-2	0.637	0.166	-1.598E-2	0.166	0.586	-0.763	0.962
4.321	0.640	-1.156E-2	0.640	0.170	-2.700E-2	0.172	-0.144	-0.516	0.535
4.338	0.643	-1.213E-2	0.643	0.165	-3.470E-2	0.169	-0.685	1.024	1.232
4.354	0.645	-1.272E-2	0.645	0.144	2.696E-3	0.144	-0.927	2.600	2.761
4.371	0.647	-1.204E-2	0.648	0.134	6.011E-2	0.146	-0.538	2.635	2.689
4.388	0.650	-1.071E-2	0.650	0.128	8.943E-2	0.156	-0.307	1.808	1.834
4.404	0.652	-9.057E-3	0.652	0.122	0.118	0.169	-0.402	0.895	0.981
4.421	0.654	-6.782E-3	0.654	0.116	0.125	0.170	-0.234	-0.109	0.259
4.438	0.656	-4.890E-3	0.656	0.112	0.109	0.156	0.201	-0.709	0.737
4.454	0.657	-3.152E-3	0.657	0.123	0.102	0.159	0.120	-0.756	0.766
4.471	0.660	-1.491E-3	0.660	0.120	8.556E-2	0.147	-6.340E-2	-1.077	1.079
4.488	0.661	-2.968E-4	0.661	0.115	6.344E-2	0.132	-0.425	-1.939	1.985
4.505	0.663	6.258E-4	0.663	0.111	2.489E-2	0.113	6.966E-2	-2.279	2.280
4.521	0.665	5.337E-4	0.665	0.112	-1.831E-2	0.113	0.438	-2.124	2.168
4.538	0.667	1.470E-5	0.667	0.130	-4.351E-2	0.137	0.782	-1.416	1.618
4.555	0.669	-9.181E-4	0.669	0.137	-6.587E-2	0.152	0.346	-1.057	1.112
4.571	0.672	-2.183E-3	0.672	0.141	-7.934E-2	0.162	-3.946E-2	-0.724	0.725
4.588	0.674	-3.565E-3	0.674	0.137	-8.877E-2	0.163	-9.317E-2	-0.449	0.459
4.605	0.676	-5.145E-3	0.676	0.135	-9.542E-2	0.166	0.302	-0.555	0.632
4.621	0.679	-6.749E-3	0.679	0.148	-0.105	0.181	0.256	-0.449	0.517
4.638	0.681	-8.660E-3	0.681	0.147	-0.113	0.186	4.826E-2	0.630	0.631
4.655	0.684	-1.052E-2	0.684	0.144	-8.625E-2	0.168	-0.453	2.655	2.694
4.671	0.686	-1.154E-2	0.686	0.137	-2.286E-2	0.139	-0.475	3.239	3.273
4.688	0.688	-1.129E-2	0.688	0.124	2.727E-2	0.127	-0.589	2.303	2.377
4.705	0.690	-1.063E-2	0.690	0.120	5.047E-2	0.130	0.152	0.388	0.417
4.721	0.692	-9.602E-3	0.692	0.126	4.410E-2	0.134	0.179	-0.970	0.986
4.738	0.694	-9.156E-3	0.694	0.130	1.348E-2	0.131	0.417	-1.688	1.739
4.755	0.696	-9.153E-3	0.697	0.135	-1.181E-2	0.136	0.373	-1.586	1.629
4.771	0.699	-9.550E-3	0.699	0.147	-3.884E-2	0.152	0.551	-0.952	1.100
4.788	0.701	-1.045E-2	0.701	0.152	-4.710E-2	0.159	0.414	-3.759E-3	0.414
4.805	0.704	-1.112E-2	0.704	0.161	-3.558E-2	0.165	0.563	0.715	0.910
4.821	0.707	-1.164E-2	0.707	0.171	-2.383E-2	0.172	0.301	0.604	0.675
4.838	0.710	-1.192E-2	0.710	0.172	-1.446E-2	0.173	0.279	0.418	0.503
4.855	0.712	-1.212E-2	0.713	0.177	-1.042E-2	0.177	0.223	-9.952E-2	0.244
4.872	0.716	-1.226E-2	0.716	0.183	-1.655E-2	0.183	0.198	-0.302	0.361
4.888	0.719	-1.267E-2	0.719	0.182	-2.311E-2	0.183	-0.105	-0.201	0.227
4.905	0.722	-1.304E-2	0.722	0.180	-2.182E-2	0.182	-0.341	1.128	1.179
4.922	0.725	-1.340E-2	0.725	0.170	9.869E-3	0.171	-0.991	2.933	3.095
4.938	0.727	-1.271E-2	0.727	0.148	7.960E-2	0.168	-1.021	3.136	3.298
4.955	0.730	-1.074E-2	0.730	0.133	0.120	0.179	-0.884	1.918	2.112
4.972	0.732	-8.686E-3	0.732	0.122	0.137	0.183	-0.307	0.993	1.040
4.988	0.734	-6.172E-3	0.734	0.118	0.156	0.196	-1.496	0.445	1.561
5.005	0.736	-3.469E-3	0.736	8.211E-2	0.153	0.173	-0.588	-0.532	0.793
5.022	0.736	-1.074E-3	0.736	7.941E-2	0.136	0.158	0.799	-0.948	1.240
5.038	0.738	1.076E-3	0.738	0.126	0.121	0.175	1.621	-1.322	2.091
5.055	0.741	2.978E-3	0.741	0.129	9.392E-2	0.160	-0.160	-1.634	1.642
5.072	0.743	4.209E-3	0.743	0.120	6.366E-2	0.136	-0.316	-1.997	2.021
5.088	0.745	5.102E-3	0.745	0.117	3.055E-2	0.121	7.087E-2	-1.888	1.889
5.105	0.747	5.229E-3	0.747	0.124	-2.941E-3	0.124	0.207	-1.717	1.730
5.122	0.749	5.004E-3	0.749	0.125	-2.485E-2	0.127	0.418	-1.352	1.415
5.138	0.751	4.400E-3	0.751	0.135	-4.810E-2	0.143			
5.155	0.753	3.399E-3	0.753						
