	mass B									
t	x	y	r	vx	vy	v	ax	ay	a	
0.000	9.436E-4	1.007E-3	1.380E-3						
0.017	4.656E-3	1.045E-3	4.772E-3	0.228	-2.237E-3	0.228			
0.033	8.538E-3	9.326E-4	8.588E-3	0.229	-1.261E-2	0.229	-0.316	-0.672	0.743
0.050	1.229E-2	6.248E-4	1.230E-2	0.216	-2.479E-2	0.218	-0.377	-0.432	0.573
0.067	1.576E-2	1.054E-4	1.576E-2	0.214	-2.839E-2	0.215	-0.595	1.065	1.220
0.083	1.941E-2	-3.223E-4	1.941E-2	0.202	7.682E-3	0.202	-0.986	2.562	2.745
0.100	2.249E-2	3.617E-4	2.249E-2	0.176	6.307E-2	0.187	-0.897	2.554	2.707
0.117	2.529E-2	1.782E-3	2.535E-2	0.171	9.327E-2	0.195	-0.204	1.354	1.370
0.133	2.821E-2	3.474E-3	2.842E-2	0.172	0.107	0.202	1.748E-2	0.204	0.205
0.150	3.103E-2	5.341E-3	3.148E-2	0.170	0.102	0.199	0.162	-0.376	0.409
0.167	3.389E-2	6.873E-3	3.458E-2	0.177	9.066E-2	0.199	0.268	-1.046	1.080
0.184	3.695E-2	8.367E-3	3.788E-2	0.181	7.075E-2	0.194	-0.463	-1.948	2.002
0.200	3.993E-2	9.233E-3	4.099E-2	0.163	2.440E-2	0.165	-0.210	-3.167	3.174
0.217	4.238E-2	9.181E-3	4.337E-2	0.167	-3.548E-2	0.171	0.383	-3.177	3.200
0.234	4.550E-2	8.050E-3	4.621E-2	0.184	-8.451E-2	0.203	0.481	-2.170	2.222
0.250	4.853E-2	6.361E-3	4.894E-2	0.179	-0.107	0.209	-0.326	-1.334	1.374
0.267	5.149E-2	4.474E-3	5.168E-2	0.174	-0.126	0.215	0.208	-0.775	0.803
0.284	5.432E-2	2.142E-3	5.436E-2	0.184	-0.136	0.229	0.294	-0.537	0.612
0.300	5.762E-2	-7.981E-5	5.762E-2	0.189	-0.140	0.236	0.752	9.574E-2	0.758
0.317	6.063E-2	-2.545E-3	6.069E-2	0.201	-0.137	0.244	0.628	0.299	0.695
0.334	6.433E-2	-4.662E-3	6.450E-2	0.218	-0.127	0.252	0.264	1.309	1.335
0.350	6.790E-2	-6.767E-3	6.824E-2	0.207	-9.894E-2	0.229	-0.691	3.059	3.137
0.367	7.124E-2	-7.963E-3	7.169E-2	0.194	-2.359E-2	0.196	-0.766	3.854	3.929
0.384	7.438E-2	-7.554E-3	7.476E-2	0.182	3.764E-2	0.185	-0.732	3.262	3.343
0.400	7.730E-2	-6.707E-3	7.759E-2	0.170	7.818E-2	0.187	-0.629	1.617	1.735
0.417	8.004E-2	-4.945E-3	8.019E-2	0.161	9.859E-2	0.188	-0.364	-0.682	0.773
0.434	8.266E-2	-3.418E-3	8.273E-2	0.157	5.474E-2	0.166	-0.289	-2.208	2.227
0.450	8.529E-2	-3.119E-3	8.534E-2	0.152	1.574E-2	0.153	0.232	-2.018	2.031
0.467	8.774E-2	-2.893E-3	8.779E-2	0.161	-5.290E-3	0.161	0.316	-1.099	1.143
0.484	9.067E-2	-3.295E-3	9.073E-2	0.169	-2.575E-2	0.171	0.444	-0.854	0.962
0.501	9.337E-2	-3.752E-3	9.344E-2	0.171	-3.105E-2	0.174	0.568	-0.317	0.651
0.517	9.637E-2	-4.331E-3	9.647E-2	0.190	-3.684E-2	0.193	0.895	0.157	0.909
0.534	9.970E-2	-4.982E-3	9.983E-2	0.202	-2.755E-2	0.204	0.746	0.907	1.175
0.551	0.103	-5.250E-3	0.103	0.213	-4.636E-3	0.213	0.703	0.978	1.204
0.567	0.107	-5.136E-3	0.107	0.227	6.728E-3	0.227	0.508	0.203	0.547
0.584	0.111	-5.026E-3	0.111	0.230	1.245E-3	0.230	-0.152	-0.145	0.210
0.601	0.114	-5.095E-3	0.115	0.221	-1.900E-4	0.221	-0.798	0.273	0.844
0.617	0.118	-5.032E-3	0.118	0.203	1.118E-2	0.204	-1.022	2.108	2.342
0.634	0.121	-4.722E-3	0.121	0.186	6.507E-2	0.197	-1.117	3.245	3.432
0.651	0.124	-2.861E-3	0.124	0.168	0.129	0.212	-1.086	3.263	3.439
0.667	0.127	-4.126E-4	0.127	0.148	0.169	0.225	-1.096	2.138	2.402
0.684	0.129	2.782E-3	0.129	0.132	0.203	0.242	-0.662	1.632	1.761
0.701	0.131	6.352E-3	0.131	0.124	0.222	0.255	-0.471	0.419	0.630
0.717	0.133	1.020E-2	0.134	0.119	0.219	0.249	-0.364	-0.616	0.716
0.734	0.135	1.367E-2	0.136	0.110	0.199	0.227	0.197	-1.438	1.452
0.751	0.137	1.683E-2	0.138	0.124	0.173	0.213	0.337	-1.485	1.523
0.767	0.139	1.943E-2	0.141	0.128	0.147	0.195	-0.417	-0.466	0.626
0.784	0.141	2.173E-2	0.143	0.106	0.155	0.187	0.253	-0.191	0.317
0.801	0.143	2.459E-2	0.145	0.130	0.150	0.198	0.819	-2.348	2.487
0.817	0.146	2.672E-2	0.148	0.147	7.511E-2	0.165	0.490	-3.867	3.898
0.834	0.148	2.709E-2	0.150	0.136	1.038E-2	0.136	-0.346	-3.227	3.246
0.851	0.150	2.706E-2	0.153	0.140	-2.516E-2	0.142	0.474	-1.655	1.721
0.868	0.152	2.625E-2	0.155	0.149	-4.965E-2	0.157	0.395	-1.100	1.169
0.884	0.155	2.541E-2	0.157	0.157	-5.781E-2	0.167	-1.161E-2	-0.428	0.428
0.901	0.158	2.432E-2	0.160	0.147	-6.568E-2	0.161	5.582E-2	-0.391	0.395
0.918	0.160	2.322E-2	0.162	0.155	-6.961E-2	0.170	0.567	-0.350	0.666
0.934	0.163	2.200E-2	0.164	0.171	-7.746E-2	0.188	0.347	-0.643	0.730
0.951	0.166	2.063E-2	0.167	0.166	-9.072E-2	0.189	9.145E-2	-1.428	1.430
0.968	0.168	1.897E-2	0.169	0.170	-0.123	0.210	6.861E-3	-1.766	1.766
0.984	0.171	1.651E-2	0.172	0.172	-0.154	0.231	-0.315	-1.265	1.304
1.001	0.174	1.382E-2	0.175	0.156	-0.164	0.226	-0.301	-0.609	0.679
1.018	0.177	1.105E-2	0.177	0.160	-0.173	0.236	5.725E-2	0.168	0.178
1.034	0.179	8.037E-3	0.180	0.163	-0.162	0.230	0.126	1.989	1.993
1.051	0.182	5.631E-3	0.182	0.160	-0.106	0.192	-8.534E-2	3.300	3.301
1.068	0.185	4.491E-3	0.185	0.162	-4.706E-2	0.169	-5.764E-2	2.968	2.968
1.084	0.187	4.061E-3	0.188	0.157	-9.007E-3	0.157	-0.102	1.500	1.504
1.101	0.190	4.190E-3	0.190	0.158	5.139E-3	0.158	0.153	-0.203	0.254
1.118	0.193	4.232E-3	0.193	0.163	-1.624E-2	0.164	0.297	-1.433	1.463
1.134	0.195	3.648E-3	0.196	0.168	-4.607E-2	0.174	0.429	-1.548	1.607
1.151	0.198	2.695E-3	0.198	0.177	-6.698E-2	0.189	0.326	-0.778	0.844
1.168	0.201	1.414E-3	0.201	0.181	-7.371E-2	0.195	-0.110	-0.230	0.255
1.185	0.204	2.357E-4	0.204	0.172	-7.214E-2	0.187	-0.261	2.222E-2	0.262
1.201	0.207	-9.935E-4	0.207	0.171	-7.383E-2	0.186	-0.229	1.183	1.205
1.218	0.210	-2.228E-3	0.210	0.167	-3.768E-2	0.171	-1.060	2.853	3.044
1.235	0.213	-2.251E-3	0.213	0.136	2.762E-2	0.139	-1.728	3.563	3.960
1.251	0.215	-1.306E-3	0.215	0.105	8.084E-2	0.132	-0.836	2.565	2.698
1.268	0.216	4.466E-4	0.216	0.108	0.115	0.158	0.124	1.221	1.227
1.285	0.218	2.518E-3	0.218	0.114	0.121	0.166	0.237	-6.206E-2	0.245
1.301	0.220	4.493E-3	0.220	0.112	0.111	0.158	9.056E-2	-1.404	1.407
1.318	0.222	6.234E-3	0.222	0.118	7.679E-2	0.141	5.683E-2	-2.365	2.366
1.335	0.224	7.055E-3	0.224	0.115	2.851E-2	0.119	0.112	-2.455	2.458
1.351	0.226	7.185E-3	0.226	0.119	-5.246E-3	0.119	0.414	-1.841	1.887
1.368	0.228	6.880E-3	0.228	0.132	-3.175E-2	0.136	0.569	-0.969	1.124
1.385	0.230	6.126E-3	0.230	0.137	-4.026E-2	0.143	0.681	-6.363E-2	0.684
1.401	0.233	5.537E-3	0.233	0.153	-3.113E-2	0.156	0.971	0.519	1.101
1.418	0.235	5.087E-3	0.235	0.172	-2.300E-2	0.174	1.148	0.232	1.171
1.435	0.238	4.769E-3	0.238	0.189	-2.240E-2	0.191	0.589	0.308	0.665
1.451	0.242	4.340E-3	0.242	0.195	-1.567E-2	0.195	0.184	-0.117	0.218
1.468	0.245	4.246E-3	0.245	0.192	-2.078E-2	0.193	0.245	-0.279	0.371
1.485	0.248	3.647E-3	0.248	0.203	-3.140E-2	0.206	0.347	-0.797	0.869
1.502	0.252	3.198E-3	0.252	0.207	-4.177E-2	0.211	8.698E-2	6.995E-2	0.112
1.518	0.255	2.253E-3	0.255	0.203	-3.681E-2	0.206	-0.441	1.285	1.359
1.535	0.258	1.970E-3	0.258	0.195	5.690E-3	0.195	-0.615	2.393	2.471
1.552	0.261	2.443E-3	0.261	0.180	4.437E-2	0.185	-0.532	1.171	1.286
1.568	0.264	3.451E-3	0.264	0.177	4.788E-2	0.183	-0.233	-0.318	0.394
1.585	0.267	4.041E-3	0.267	0.174	2.882E-2	0.176	-0.492	-1.032	1.144
1.602	0.270	4.412E-3	0.270	0.160	1.448E-2	0.161	-0.401	-0.676	0.786
1.618	0.273	4.524E-3	0.273	0.158	5.170E-3	0.158	7.884E-2	-3.821E-2	8.761E-2
1.635	0.275	4.585E-3	0.275	0.166	1.261E-2	0.166	0.754	0.461	0.884
1.652	0.278	4.944E-3	0.278	0.181	2.310E-2	0.182	0.591	0.424	0.727
1.668	0.281	5.355E-3	0.281	0.189	2.576E-2	0.191	0.316	0.153	0.351
1.685	0.285	5.804E-3	0.285	0.188	2.814E-2	0.190	-0.225	7.172E-2	0.236
1.702	0.288	6.294E-3	0.288	0.184	2.848E-2	0.186	6.061E-2	-0.185	0.195
1.718	0.291	6.754E-3	0.291	0.187	2.228E-2	0.188	-0.225	-0.240	0.329
1.735	0.294	7.037E-3	0.294	0.182	1.884E-2	0.183	-0.182	-0.393	0.433
1.752	0.297	7.383E-3	0.297	0.175	1.174E-2	0.175	-6.951E-2	-0.285	0.294
1.768	0.300	7.429E-3	0.300	0.183	6.033E-3	0.183	0.199	-0.343	0.396
1.785	0.303	7.584E-3	0.303	0.181	3.355E-3	0.181	-0.482	0.802	0.936
1.802	0.306	7.541E-3	0.306	0.167	2.649E-2	0.169	-0.964	2.310	2.503
1.818	0.308	8.468E-3	0.309	0.148	8.534E-2	0.171	-0.947	2.606	2.773
1.835	0.311	1.039E-2	0.311	0.135	0.117	0.179	-0.509	1.372	1.463
1.852	0.313	1.239E-2	0.313	0.131	0.127	0.182	0.185	0.269	0.326
1.869	0.315	1.461E-2	0.315	0.141	0.129	0.191	-1.020E-2	-0.368	0.369
1.885	0.318	1.668E-2	0.318	0.135	0.114	0.177	-0.124	-1.082	1.089
1.902	0.320	1.840E-2	0.320	0.130	9.180E-2	0.159	-0.201	-0.918	0.940
1.919	0.322	1.974E-2	0.323	0.134	8.115E-2	0.157	0.178	-1.080	1.095
1.935	0.324	2.111E-2	0.325	0.132	6.050E-2	0.146	2.694E-2	-1.591	1.592
1.952	0.326	2.176E-2	0.327	0.136	2.413E-2	0.138	1.743E-2	-2.210	2.211
1.969	0.329	2.191E-2	0.329	0.133	-1.166E-2	0.134	0.380	-2.438	2.467
1.985	0.331	2.137E-2	0.331	0.146	-5.732E-2	0.156	0.362	-2.125	2.156
2.002	0.333	2.000E-2	0.334	0.152	-8.627E-2	0.175	0.208	-1.225	1.242
2.019	0.336	1.850E-2	0.336	0.147	-9.500E-2	0.175	0.171	-0.370	0.407
2.035	0.338	1.683E-2	0.339	0.159	-9.951E-2	0.188	0.376	-0.162	0.409
2.052	0.341	1.518E-2	0.342	0.162	-9.955E-2	0.190	0.394	-0.250	0.466
2.069	0.344	1.351E-2	0.344	0.168	-0.107	0.199	0.361	-0.927	0.995
2.085	0.347	1.160E-2	0.347	0.178	-0.130	0.221	0.184	-1.834	1.843
2.102	0.350	9.165E-3	0.350	0.173	-0.169	0.241	-0.446	-1.650	1.710
2.119	0.353	5.979E-3	0.353	0.163	-0.190	0.250	-0.256	-0.790	0.831
2.135	0.355	2.841E-3	0.355	0.162	-0.191	0.251	-1.171	-0.818	1.428
2.152	0.358	-3.925E-4	0.358	0.131	-0.215	0.252	-1.018	2.439	2.643
2.169	0.360	-4.328E-3	0.360	0.115	-0.130	0.174	-0.181	5.468	5.471
2.186	0.362	-4.738E-3	0.362	0.136	-2.390E-3	0.136	0.852	5.251	5.320
2.202	0.364	-4.408E-3	0.364	0.140	3.417E-2	0.145	0.200	1.492	1.506
2.219	0.366	-3.598E-3	0.366	0.143	4.836E-2	0.151	0.262	0.204	0.332
2.236	0.369	-2.794E-3	0.369	0.148	4.004E-2	0.153	0.324	-0.603	0.684
2.252	0.371	-2.262E-3	0.371	0.155	2.669E-2	0.157	0.526	-0.521	0.741
2.269	0.374	-1.903E-3	0.374	0.164	2.223E-2	0.166	0.427	-0.400	0.586
2.286	0.377	-1.520E-3	0.377	0.171	1.537E-2	0.172	0.287	-0.660	0.720
2.302	0.380	-1.391E-3	0.380	0.172	-8.536E-4	0.172	0.127	-0.836	0.846
2.319	0.383	-1.549E-3	0.383	0.176	-1.336E-2	0.176	5.165E-2	-0.630	0.632
2.336	0.386	-1.836E-3	0.386	0.175	-2.118E-2	0.176	-0.336	0.650	0.731
2.352	0.388	-2.256E-3	0.388	0.165	3.640E-3	0.165	-0.866	2.327	2.483
2.369	0.391	-1.715E-3	0.391	0.146	6.115E-2	0.158	-1.055	2.855	3.043
2.386	0.393	-2.153E-4	0.393	0.128	0.101	0.163	-0.694	2.241	2.346
2.402	0.395	1.667E-3	0.395	0.122	0.132	0.180	-0.393	1.535	1.584
2.419	0.397	4.199E-3	0.397	0.117	0.156	0.195	-0.226	0.613	0.653
2.436	0.399	6.869E-3	0.399	0.113	0.152	0.190	-5.250E-2	-0.389	0.393
2.452	0.401	9.280E-3	0.401	0.116	0.141	0.182	0.241	-1.113	1.139
2.469	0.403	1.156E-2	0.403	0.121	0.118	0.169	-1.185E-2	-1.850	1.850
2.486	0.405	1.321E-2	0.405	0.117	7.717E-2	0.140	-0.137	-2.438	2.442
2.503	0.407	1.414E-2	0.407	0.114	3.579E-2	0.119	-0.199	-2.500	2.508
2.519	0.409	1.441E-2	0.409	0.113	-5.649E-3	0.113	0.357	-2.256	2.284
2.536	0.411	1.395E-2	0.411	0.122	-4.096E-2	0.129	0.432	-1.778	1.830
2.553	0.413	1.304E-2	0.413	0.132	-6.433E-2	0.147	0.431	-1.130	1.210
2.569	0.415	1.180E-2	0.415	0.133	-7.888E-2	0.155	0.296	-0.822	0.874
2.586	0.418	1.041E-2	0.418	0.143	-9.069E-2	0.169	0.318	-0.553	0.637
2.603	0.420	8.776E-3	0.420	0.145	-9.856E-2	0.175	7.104E-2	-0.410	0.416
2.619	0.422	7.119E-3	0.422	0.144	-0.103	0.177	2.982E-2	-0.419	0.420
2.636	0.425	5.338E-3	0.425	0.146	-0.113	0.185	0.246	-0.363	0.439
2.653	0.427	3.361E-3	0.427	0.151	-0.117	0.191	0.128	1.198	1.205
2.669	0.430	1.448E-3	0.430	0.152	-7.668E-2	0.170	-0.395	2.613	2.642
2.686	0.432	8.019E-4	0.432	0.138	-2.132E-2	0.140	-0.915	3.082	3.215
2.703	0.434	7.363E-4	0.434	0.120	2.199E-2	0.122	-0.679	2.335	2.432
2.719	0.436	1.536E-3	0.436	0.115	5.982E-2	0.129	0.294	0.630	0.695
2.736	0.438	2.732E-3	0.438	0.130	4.634E-2	0.138	0.398	-1.576	1.625
2.753	0.441	3.082E-3	0.441	0.133	1.132E-3	0.133	0.142	-2.525	2.529
2.769	0.443	2.770E-3	0.443	0.129	-3.728E-2	0.134	0.256	-1.364	1.388
2.786	0.445	1.838E-3	0.445	0.143	-4.798E-2	0.151	0.695	-0.194	0.722
2.803	0.447	1.169E-3	0.447	0.153	-3.901E-2	0.158	0.699	0.453	0.833
2.819	0.450	5.366E-4	0.450	0.165	-3.420E-2	0.168	0.469	0.384	0.607
2.836	0.453	2.820E-5	0.453	0.172	-2.593E-2	0.174	0.406	0.356	0.540
2.853	0.456	-3.286E-4	0.456	0.175	-2.154E-2	0.177	0.101	-6.158E-2	0.118
2.870	0.459	-6.905E-4	0.459	0.178	-2.780E-2	0.180	3.791E-2	-0.488	0.490
2.886	0.462	-1.256E-3	0.462	0.175	-3.885E-2	0.179	-4.346E-2	-0.344	0.347
2.903	0.465	-1.987E-3	0.465	0.177	-4.033E-2	0.181	-0.258	0.617	0.669
2.920	0.468	-2.602E-3	0.468	0.168	-1.911E-2	0.169	-0.918	2.320	2.495
2.936	0.470	-2.625E-3	0.470	0.145	3.628E-2	0.149	-1.137	3.288	3.479
2.953	0.472	-1.391E-3	0.472	0.128	9.571E-2	0.160	-0.919	2.753	2.902
2.970	0.475	5.690E-4	0.475	0.116	0.128	0.172	-0.522	2.135	2.198
2.986	0.476	2.864E-3	0.476	0.109	0.163	0.196	-0.349	1.269	1.316
3.003	0.478	6.010E-3	0.478	0.106	0.177	0.207	-0.140	0.384	0.409
3.020	0.480	8.782E-3	0.480	0.103	0.169	0.198	-0.211	-0.662	0.695
3.036	0.482	1.164E-2	0.482	0.100	0.159	0.188	7.876E-2	-1.083	1.086
3.053	0.483	1.410E-2	0.483	0.104	0.131	0.167	0.198	-2.155	2.164
3.070	0.485	1.601E-2	0.485	0.109	8.825E-2	0.140	0.111	-2.552	2.554
3.086	0.487	1.704E-2	0.487	0.107	4.332E-2	0.115	0.266	-2.224	2.240
3.103	0.489	1.746E-2	0.489	0.116	1.414E-2	0.117	0.392	-1.944	1.983
3.120	0.491	1.751E-2	0.491	0.124	-1.884E-2	0.125	0.212	-1.933	1.944
3.136	0.493	1.683E-2	0.493	0.120	-5.338E-2	0.132	-8.868E-5	-1.756	1.756
3.153	0.495	1.573E-2	0.495	0.124	-7.630E-2	0.145	0.518	-1.131	1.244
3.170	0.497	1.428E-2	0.497	0.137	-9.169E-2	0.165	0.701	-0.501	0.862
3.187	0.499	1.267E-2	0.499	0.149	-9.335E-2	0.176	9.898E-2	-0.193	0.217
3.203	0.502	1.117E-2	0.502	0.141	-9.574E-2	0.170	0.116	-0.561	0.572
3.220	0.504	9.478E-3	0.504	0.148	-0.112	0.186	0.125	-0.904	0.912
3.237	0.507	7.414E-3	0.507	0.153	-0.128	0.199	6.278E-2	-1.285	1.287
3.253	0.509	5.216E-3	0.509	0.144	-0.152	0.209	-0.421	-1.571	1.627
3.270	0.512	2.341E-3	0.512	0.142	-0.184	0.232	-3.922E-2	-0.531	0.532
3.287	0.514	-9.148E-4	0.514	0.141	-0.173	0.223	-0.197	2.333	2.341
3.303	0.516	-3.439E-3	0.516	0.137	-0.105	0.173	-0.214	4.036	4.042
3.320	0.518	-4.407E-3	0.518	0.131	-3.208E-2	0.135	-0.363	3.179	3.200
3.337	0.521	-4.510E-3	0.521	0.127	1.127E-3	0.127	4.128E-2	1.499	1.499
3.353	0.523	-4.370E-3	0.523	0.130	1.530E-2	0.131	-0.134	0.334	0.360
3.370	0.525	-3.999E-3	0.525	0.127	1.434E-2	0.128	0.640	-0.153	0.658
3.387	0.527	-3.891E-3	0.527	0.143	6.890E-3	0.143	0.655	-0.225	0.693
3.403	0.530	-3.769E-3	0.530	0.160	7.977E-3	0.160	0.465	-0.326	0.568
3.420	0.532	-3.625E-3	0.532	0.151	-2.303E-3	0.151	-4.251E-2	-0.865	0.866
3.437	0.535	-3.846E-3	0.535	0.160	-2.274E-2	0.162	0.408	-1.031	1.109
3.453	0.538	-4.384E-3	0.538	0.166	-3.716E-2	0.170	0.235	-0.678	0.718
3.470	0.540	-5.086E-3	0.540	0.167	-4.499E-2	0.173	-0.150	0.318	0.352
3.487	0.543	-5.885E-3	0.543	0.162	-2.934E-2	0.165	-0.595	2.312	2.387
3.504	0.546	-6.065E-3	0.546	0.147	3.179E-2	0.150	-0.986	3.085	3.239
3.520	0.548	-4.824E-3	0.548	0.128	8.202E-2	0.152	-0.914	2.954	3.093
3.537	0.550	-3.328E-3	0.550	0.116	0.122	0.168	-0.564	2.315	2.382
3.554	0.552	-7.574E-4	0.552	0.110	0.166	0.199	-0.258	1.624	1.645
3.570	0.554	2.201E-3	0.554	0.107	0.175	0.205	5.047E-2	-7.743E-2	9.243E-2
3.587	0.556	5.086E-3	0.556	0.111	0.162	0.197	0.157	-0.735	0.751
3.604	0.557	7.618E-3	0.558	0.114	0.148	0.187	6.028E-2	-1.106	1.108
3.620	0.559	1.004E-2	0.559	0.112	0.128	0.171	7.025E-2	-1.839	1.840
3.637	0.561	1.190E-2	0.561	0.116	8.636E-2	0.145	-0.238	-2.777	2.787
3.654	0.563	1.292E-2	0.563	0.107	3.463E-2	0.113	-0.147	-2.910	2.914
3.670	0.565	1.306E-2	0.565	0.105	-1.181E-2	0.106	3.090E-2	-2.541	2.541
3.687	0.567	1.252E-2	0.567	0.114	-4.957E-2	0.124	0.304	-1.942	1.966
3.704	0.569	1.140E-2	0.569	0.113	-7.739E-2	0.137	0.175	-1.260	1.272
3.720	0.570	9.943E-3	0.571	0.120	-9.139E-2	0.151	0.234	-0.795	0.829
3.737	0.573	8.352E-3	0.573	0.122	-0.103	0.160	0.156	-0.454	0.480
3.754	0.575	6.520E-3	0.575	0.123	-0.108	0.164	0.345	-0.488	0.597
3.770	0.577	4.739E-3	0.577	0.134	-0.116	0.177	0.590	-1.519E-2	0.591
3.787	0.579	2.648E-3	0.579	0.144	-0.113	0.183	0.246	5.734E-2	0.253
3.804	0.581	9.561E-4	0.581	0.142	-0.108	0.179	-0.173	1.601	1.610
3.820	0.584	-9.685E-4	0.584	0.137	-7.014E-2	0.154	-0.631	3.096	3.160
3.837	0.586	-1.384E-3	0.586	0.123	4.619E-3	0.124	-0.621	3.641	3.693
3.854	0.588	-8.144E-4	0.588	0.112	5.092E-2	0.123	-0.350	1.832	1.865
3.871	0.590	3.148E-4	0.590	0.114	6.649E-2	0.132	2.798E-2	-0.398	0.399
3.887	0.592	1.404E-3	0.592	0.113	3.871E-2	0.120	5.594E-2	-2.132	2.133
3.904	0.594	1.606E-3	0.594	0.115	-9.046E-3	0.116	0.548	-2.292	2.357
3.921	0.596	1.102E-3	0.596	0.131	-3.880E-2	0.136	0.620	-1.283	1.424
3.937	0.598	3.120E-4	0.598	0.140	-5.078E-2	0.149	0.704	-0.404	0.812
3.954	0.600	-5.921E-4	0.600	0.149	-5.229E-2	0.158	0.626	0.508	0.806
3.971	0.603	-1.433E-3	0.603	0.165	-3.501E-2	0.168	0.419	0.698	0.814
3.987	0.606	-1.760E-3	0.606	0.163	-2.422E-2	0.164	2.178E-2	0.355	0.356
4.004	0.608	-2.241E-3	0.608	0.163	-2.694E-2	0.165	-0.139	-0.268	0.302
4.021	0.611	-2.659E-3	0.611	0.161	-3.112E-2	0.164	6.623E-2	-0.289	0.296
4.037	0.614	-3.279E-3	0.614	0.162	-3.840E-2	0.166	0.105	-0.299	0.317
4.054	0.617	-3.940E-3	0.617	0.168	-4.047E-2	0.173	-0.312	1.155	1.196
4.071	0.619	-4.630E-3	0.619	0.152	-5.094E-3	0.152	-1.107	3.084	3.277
4.087	0.622	-4.110E-3	0.622	0.128	6.769E-2	0.145	-1.145	3.579	3.757
4.104	0.624	-2.371E-3	0.624	0.114	0.118	0.164	-0.780	2.563	2.679
4.121	0.625	-1.841E-4	0.625	0.103	0.149	0.181	-0.371	1.783	1.821
4.137	0.627	2.608E-3	0.627	0.100	0.179	0.205	-0.227	0.655	0.693
4.154	0.629	5.782E-3	0.629	9.767E-2	0.174	0.200	6.487E-2	-0.413	0.418
4.171	0.630	8.416E-3	0.630	9.928E-2	0.159	0.187	0.201	-0.638	0.669
4.188	0.632	1.107E-2	0.632	0.107	0.156	0.189	-0.101	-0.866	0.872
4.204	0.634	1.361E-2	0.634	9.663E-2	0.132	0.163	-0.219	-1.920	1.933
4.221	0.635	1.546E-2	0.635	9.521E-2	8.942E-2	0.131	-9.660E-2	-2.622	2.623
4.238	0.637	1.660E-2	0.637	9.869E-2	4.428E-2	0.108	0.650	-2.771	2.846
4.254	0.639	1.694E-2	0.639	0.111	-3.304E-3	0.111	0.451	-2.492	2.533
4.271	0.641	1.649E-2	0.641	0.121	-4.045E-2	0.128	0.238	-1.904	1.919
4.288	0.643	1.559E-2	0.643	0.114	-6.549E-2	0.131	0.100	-1.453	1.457
4.304	0.645	1.430E-2	0.645	0.125	-8.880E-2	0.153	0.403	-0.857	0.947
4.321	0.647	1.263E-2	0.647	0.130	-9.625E-2	0.162	0.301	-0.237	0.383
4.338	0.649	1.109E-2	0.649	0.131	-9.370E-2	0.161	0.102	-0.340	0.355
4.354	0.651	9.503E-3	0.651	0.136	-0.107	0.173	0.220	-0.602	0.641
4.371	0.653	7.524E-3	0.653	0.138	-0.117	0.181	5.768E-2	-1.270	1.272
4.388	0.656	5.595E-3	0.656	0.139	-0.143	0.199	-5.696E-2	-1.757	1.758
4.404	0.658	2.744E-3	0.658	0.135	-0.182	0.227	-0.199	-1.742	1.753
4.421	0.660	-4.857E-4	0.660	0.132	-0.200	0.239	-0.207	0.728	0.757
4.438	0.662	-3.922E-3	0.662	0.129	-0.164	0.208	0.101	3.389	3.390
4.454	0.665	-5.960E-3	0.665	0.134	-7.989E-2	0.156	-0.337	4.360	4.373
4.471	0.667	-6.588E-3	0.667	0.122	-1.563E-2	0.123	-0.218	2.955	2.963
4.488	0.669	-6.482E-3	0.669	0.118	1.740E-2	0.119	6.009E-2	1.122	1.123
4.505	0.671	-6.007E-3	0.671	0.131	2.263E-2	0.133	0.643	6.040E-2	0.646
4.521	0.673	-5.726E-3	0.673	0.136	1.627E-2	0.137	0.297	-0.291	0.416
4.538	0.675	-5.465E-3	0.675	0.143	1.386E-2	0.144	0.377	-0.372	0.529
4.555	0.678	-5.264E-3	0.678	0.147	4.498E-3	0.148	0.454	-0.779	0.902
4.571	0.680	-5.315E-3	0.680	0.158	-1.265E-2	0.159	0.523	-0.786	0.944
4.588	0.683	-5.686E-3	0.683	0.166	-2.327E-2	0.168	0.415	-0.883	0.976
4.605	0.686	-6.091E-3	0.686	0.171	-3.894E-2	0.175	0.257	-0.721	0.766
4.621	0.689	-6.986E-3	0.689	0.176	-5.167E-2	0.183	-0.203	0.817	0.842
4.638	0.692	-7.815E-3	0.692	0.165	-1.410E-2	0.166	-1.202	2.905	3.144
4.655	0.694	-7.456E-3	0.694	0.135	5.096E-2	0.144	-1.319	3.366	3.615
4.671	0.696	-6.115E-3	0.696	0.117	9.890E-2	0.153	-0.771	2.709	2.817
4.688	0.698	-4.156E-3	0.698	0.113	0.139	0.180	-0.311	2.103	2.125
4.705	0.700	-1.466E-3	0.700	0.105	0.171	0.201	-0.278	1.146	1.180
4.721	0.702	1.558E-3	0.702	0.104	0.178	0.206	0.125	1.546E-2	0.126
4.738	0.703	4.466E-3	0.704	0.109	0.170	0.202	0.266	-0.657	0.708
4.755	0.705	7.229E-3	0.705	0.114	0.156	0.194	0.222	-1.340	1.358
4.771	0.707	9.686E-3	0.707	0.116	0.126	0.171	-0.109	-2.396	2.398
4.788	0.709	1.144E-2	0.709	0.112	7.599E-2	0.135	-0.134	-3.018	3.021
4.805	0.711	1.222E-2	0.711	0.109	2.351E-2	0.112	0.112	-2.972	2.974
4.821	0.713	1.223E-2	0.713	0.117	-2.238E-2	0.119	0.421	-2.456	2.491
4.838	0.715	1.147E-2	0.715	0.124	-5.952E-2	0.137	0.449	-1.746	1.803
4.855	0.717	1.024E-2	0.717	0.131	-8.058E-2	0.154	1.945E-2	-1.144	1.144
4.872	0.719	8.785E-3	0.719	0.127	-9.622E-2	0.159	1.423E-2	-0.672	0.672
4.888	0.721	7.029E-3	0.721	0.127	-0.105	0.164	0.123	-0.451	0.468
4.905	0.724	5.291E-3	0.724	0.135	-0.109	0.174	0.659	-0.187	0.685
4.922	0.726	3.388E-3	0.726	0.145	-0.113	0.184	0.331	-0.321	0.461
4.938	0.728	1.533E-3	0.728	0.150	-0.118	0.191	5.370E-2	-2.622E-2	5.976E-2
4.955	0.731	-5.424E-4	0.731	0.144	-0.117	0.185	-0.383	1.814	1.854
4.972	0.733	-2.361E-3	0.733	0.139	-6.101E-2	0.152	-0.237	3.455	3.463
4.988	0.735	-2.578E-3	0.735	0.135	8.182E-3	0.135	-0.466	3.220	3.253
5.005	0.738	-2.088E-3	0.738	0.125	4.359E-2	0.133	-0.389	1.267	1.325
5.022	0.740	-1.124E-3	0.740	0.119	5.228E-2	0.130	-0.263	-0.909	0.946
5.038	0.742	-3.437E-4	0.742	0.119	1.429E-2	0.120	0.379	-2.242	2.274
5.055	0.744	-6.468E-4	0.744	0.129	-2.940E-2	0.132	0.600	-2.135	2.217
5.072	0.746	-1.325E-3	0.746	0.142	-5.365E-2	0.152	0.749	-0.696	1.022
5.088	0.748	-2.437E-3	0.748	0.151	-5.623E-2	0.162	0.491	1.038E-2	0.491
5.105	0.751	-3.201E-3	0.751	0.160	-4.813E-2	0.167	0.560	0.641	0.851
5.122	0.754	-4.043E-3	0.754	0.169	-3.867E-2	0.173	0.479	0.688	0.838
5.138	0.757	-4.491E-3	0.757	0.178	-2.215E-2	0.179	0.340	0.562	0.657
5.155	0.760	-4.782E-3	0.760	0.180	-1.988E-2	0.181	0.201	-0.137	0.243
5.172	0.763	-5.154E-3	0.763	0.183	-2.739E-2	0.185	-4.629E-2	-0.202	0.207
5.189	0.766	-5.695E-3	0.766	0.180	-2.830E-2	0.183	-0.321	-0.331	0.461
5.205	0.769	-6.099E-3	0.769	0.171	-3.500E-2	0.174	-0.664	1.072	1.260
5.222	0.771	-6.863E-3	0.771	0.160	-2.432E-3	0.160	-0.916	3.275	3.401
5.239	0.774	-6.180E-3	0.774	0.140	8.232E-2	0.162	-0.939	3.715	3.832
5.255	0.776	-4.117E-3	0.776	0.126	0.127	0.179	-0.673	2.620	2.706
5.272	0.778	-1.952E-3	0.778	0.119	0.160	0.200	-0.790	1.871	2.031
5.289	0.780	1.233E-3	0.780	0.101	0.197	0.221	-0.232	1.327	1.347
5.305	0.782	4.609E-3	0.782	0.106	0.202	0.228	7.505E-2	-7.689E-2	0.107
5.322	0.784	7.971E-3	0.784	0.112	0.194	0.224	0.486	-0.858	0.986
5.339	0.785	1.109E-2	0.785	0.114	0.173	0.207	-9.885E-2	-1.214	1.218
5.355	0.787	1.375E-2	0.788	0.116	0.152	0.191	0.140	-1.154	1.163
5.372	0.789	1.616E-2	0.789	0.112	0.136	0.176	-2.170E-2	-2.235	2.235
5.389	0.791	1.828E-2	0.791	0.119	8.238E-2	0.145	0.301	-3.382	3.396
5.405	0.793	1.891E-2	0.793	0.121	1.459E-2	0.122	-1.007E-2	-3.325	3.325
5.422	0.795	1.877E-2	0.795	0.120	-2.623E-2	0.123	0.223	-2.291	2.302
5.439	0.797	1.803E-2	0.797	0.126	-6.118E-2	0.140	0.223	-1.909	1.922
5.455	0.799	1.672E-2	0.800	0.131	-9.057E-2	0.159	0.338	-1.067	1.119
5.472	0.801	1.501E-2	0.802	0.134	-9.843E-2	0.166	0.312	-0.528	0.614
5.489	0.804	1.344E-2	0.804	0.143	-0.104	0.177	0.506	-0.503	0.714
5.506	0.806	1.155E-2	0.806	0.150	-0.118	0.191	0.154	-1.492	1.500
5.522	0.809	9.503E-3	0.809	0.150	-0.150	0.212	-0.131	-1.932	1.937
5.539	0.811	6.554E-3	0.811	0.144	-0.188	0.237	-0.368	-1.738	1.776
5.556	0.814	3.231E-3	0.814	0.138	-0.206	0.248	3.935E-2	-1.052	1.053
5.572	0.816	-3.173E-4	0.816	0.143	-0.222	0.264	0.117	0.237	0.264
5.589	0.818	-4.179E-3	0.818	0.146	-0.204	0.251	-0.104	3.054	3.056
5.606	0.821	-7.115E-3	0.821	0.137	-0.119	0.182	-0.169	4.713	4.716
5.622	0.823	-8.151E-3	0.823	0.140	-3.765E-2	0.145	-0.174	4.006	4.010
5.639	0.825	-8.371E-3	0.825	0.135	1.015E-2	0.135	6.149E-3	2.159	2.159
5.656	0.827	-7.812E-3	0.828	0.135	3.705E-2	0.140	0.245	1.071	1.099
5.672	0.830	-7.135E-3	0.830	0.147	4.318E-2	0.153	0.616	-4.762E-2	0.617
5.689	0.832	-6.371E-3	0.832	0.154	3.696E-2	0.158	0.342	-0.813	0.882
5.706	0.835	-5.902E-3	0.835	0.159	1.503E-2	0.160	0.454	-1.166	1.251
5.722	0.838	-5.869E-3	0.838	0.168	-3.643E-3	0.168	0.433	-0.882	0.982
5.739	0.841	-6.023E-3	0.841	0.176	-1.350E-2	0.176	0.301	-0.623	0.692
5.756	0.844	-6.320E-3	0.844	0.177	-2.398E-2	0.178	0.115	-0.734	0.743
5.772	0.847	-6.823E-3	0.847	0.179	-3.802E-2	0.183	-0.382	1.053	1.120
5.789	0.850	-7.589E-3	0.850	0.167	2.845E-3	0.167	-0.839	3.396	3.498
5.806	0.852	-6.729E-3	0.852	0.147	8.548E-2	0.170	-1.129	3.596	3.769
5.822	0.854	-4.736E-3	0.854	0.131	0.125	0.181	-0.751	2.494	2.605
5.839	0.856	-2.565E-3	0.856	0.120	0.161	0.201	-0.489	1.520	1.597
5.856	0.858	6.351E-4	0.858	0.117	0.185	0.219	-0.191	0.496	0.531
5.873	0.860	3.594E-3	0.860	0.113	0.172	0.206	0.162	-0.568	0.591
5.889	0.862	6.369E-3	0.862	0.121	0.165	0.205	0.121	-0.524	0.538
5.906	0.864	9.108E-3	0.864	0.121	0.156	0.197	-4.454E-2	-1.444	1.445
5.923	0.866	1.157E-2	0.866	0.115	0.119	0.165	-0.192	-2.377	2.385
5.939	0.868	1.308E-2	0.868	0.117	7.216E-2	0.138	-2.722E-2	-2.837	2.837
5.956	0.870	1.398E-2	0.870	0.114	2.718E-2	0.117	5.712E-2	-2.733	2.734
5.973	0.872	1.399E-2	0.872	0.118	-2.112E-2	0.119	0.436	-2.476	2.514
5.989	0.874	1.328E-2	0.874	0.130	-5.577E-2	0.141	0.499	-1.908	1.972
6.006	0.876	1.212E-2	0.876	0.135	-8.349E-2	0.159	0.577	-1.206	1.336
6.023	0.879	1.049E-2	0.879	0.146	-9.816E-2	0.176	0.405	-0.833	0.926
6.039	0.881	8.849E-3	0.881	0.153	-0.108	0.187	0.197	-0.328	0.383
6.056	0.884	6.890E-3	0.884	0.149	-0.112	0.187	0.132	-0.212	0.250
6.073	0.886	5.096E-3	0.886	0.158	-0.112	0.193	0.395	5.785E-4	0.395
6.089	0.889	3.165E-3	0.889	0.164	-0.115	0.200	0.151	-0.798	0.812
6.106	0.892	1.275E-3	0.892	0.162	-0.134	0.211	-0.296	6.081E-2	0.302
6.123	0.894	-1.317E-3	0.894	0.154	-0.123	0.197	-0.343	2.154	2.181
6.139	0.897	-2.838E-3	0.897	0.149	-5.540E-2	0.159	-0.111	3.206	3.208
6.156	0.899	-3.166E-3	0.899	0.151	-1.177E-2	0.152	-0.164	1.273	1.283
6.173	0.902	-3.231E-3	0.902	0.145	-1.432E-2	0.146	4.960E-2	-0.656	0.658
6.190	0.904	-3.644E-3	0.904	0.149	-3.611E-2	0.153	0.115	-1.247	1.252
6.206	0.907	-4.436E-3	0.907	0.154	-5.643E-2	0.164	0.364	-0.766	0.848
6.223	0.909	-5.526E-3	0.909	0.156	-6.294E-2	0.169	0.497	2.509E-2	0.497
6.240	0.912	-6.536E-3	0.912	0.173	-5.449E-2	0.181	0.663	0.474	0.815
6.256	0.915	-7.345E-3	0.915	0.180	-4.609E-2	0.186	0.552	0.614	0.825
6.273	0.918	-8.074E-3	0.918	0.189	-3.539E-2	0.192	0.520	0.869	1.013
6.290	0.921	-8.526E-3	0.921	0.200	-1.655E-2	0.201	0.370	0.695	0.787
6.306	0.925	-8.626E-3	0.925	0.200	-9.844E-3	0.200	0.149	4.423E-2	0.155
6.323	0.928	-8.854E-3	0.928	0.204	-1.717E-2	0.204	-5.039E-2	-0.526	0.528
6.340	0.932	-9.199E-3	0.932	0.201	-2.696E-2	0.203	-0.321	0.607	0.687
6.356	0.935	-9.754E-3	0.935	0.191	-2.570E-3	0.191	-1.117	3.263	3.449
6.373	0.938	-9.285E-3	0.938	0.167	8.363E-2	0.187	-1.200	4.052	4.226
6.390	0.940	-6.963E-3	0.940	0.145	0.144	0.204	-0.836	3.263	3.368
6.406	0.943	-4.497E-3	0.943	0.142	0.181	0.230	-0.418	2.146	2.186
6.423	0.945	-9.214E-4	0.945	0.132	0.223	0.259			
6.440	0.947	2.936E-3	0.947						
