	mass B									
t	x	y	r	vx	vy	v	ax	ay	a	
0.000	1.171E-3	1.965E-3	2.287E-3						
0.017	1.377E-3	2.032E-3	2.455E-3	4.106E-3	1.287E-3	4.303E-3			
0.033	1.308E-3	2.008E-3	2.396E-3	-2.171E-3	-1.576E-3	2.682E-3	-0.238	-1.876E-2	0.239
0.050	1.304E-3	1.980E-3	2.371E-3	-1.862E-3	6.776E-4	1.982E-3	-0.145	0.184	0.234
0.067	1.246E-3	2.031E-3	2.382E-3	-7.242E-3	4.978E-3	8.788E-3	7.689E-2	-6.296E-2	9.938E-2
0.083	1.063E-3	2.146E-3	2.394E-3	-1.484E-3	-1.990E-4	1.497E-3	0.239	-0.289	0.375
0.100	1.196E-3	2.024E-3	2.351E-3	4.487E-3	-7.014E-3	8.327E-3	9.957E-2	-0.133	0.167
0.117	1.212E-3	1.912E-3	2.264E-3	-3.364E-4	-3.954E-3	3.968E-3	-0.223	0.165	0.278
0.133	1.185E-3	1.892E-3	2.232E-3	-2.690E-3	-8.192E-4	2.812E-3	-0.125	0.231	0.262
0.150	1.123E-3	1.884E-3	2.193E-3	-4.508E-3	2.956E-3	5.391E-3	-6.502E-2	6.913E-2	9.491E-2
0.167	1.034E-3	1.991E-3	2.243E-3	-4.973E-3	2.907E-3	5.760E-3	0.239	-5.770E-2	0.245
0.184	9.566E-4	1.981E-3	2.200E-3	2.610E-3	-4.611E-4	2.650E-3	0.238	-0.170	0.292
0.200	1.122E-3	1.975E-3	2.271E-3	5.605E-3	-2.015E-3	5.957E-3	9.027E-2	-7.492E-2	0.117
0.217	1.144E-3	1.914E-3	2.230E-3	3.104E-3	-3.474E-3	4.659E-3	-0.126	7.579E-2	0.147
0.234	1.225E-3	1.859E-3	2.227E-3	2.808E-3	2.934E-4	2.824E-3	-3.036E-2	0.115	0.119
0.250	1.237E-3	1.924E-3	2.287E-3	1.179E-3	1.675E-3	2.049E-3	-7.009E-2	3.394E-2	7.787E-2
0.267	1.264E-3	1.915E-3	2.295E-3	9.859E-4	1.875E-4	1.004E-3	-1.247E-2	-1.675E-2	2.089E-2
0.284	1.270E-3	1.930E-3	2.311E-3	4.947E-4	1.539E-3	1.617E-3	5.164E-2	6.898E-2	8.617E-2
0.300	1.281E-3	1.967E-3	2.347E-3	2.569E-3	2.524E-3	3.601E-3	-3.684E-2	7.401E-2	8.267E-2
0.317	1.356E-3	2.014E-3	2.428E-3	3.810E-4	3.869E-3	3.888E-3	-6.192E-2	-1.911E-2	6.481E-2
0.334	1.294E-3	2.096E-3	2.463E-3	-1.295E-3	2.469E-3	2.788E-3	-0.115	-0.120	0.166
0.350	1.313E-3	2.097E-3	2.474E-3	-1.769E-3	-8.238E-4	1.951E-3	2.402E-2	-0.179	0.180
0.367	1.235E-3	2.068E-3	2.409E-3	-2.048E-3	-3.195E-3	3.796E-3	0.130	-0.150	0.199
0.384	1.244E-3	1.990E-3	2.347E-3	3.356E-3	-5.950E-3	6.831E-3	0.201	0.111	0.230
0.400	1.347E-3	1.870E-3	2.304E-3	5.213E-3	-5.962E-4	5.247E-3	-6.310E-2	0.173	0.184
0.417	1.418E-3	1.970E-3	2.428E-3	1.055E-3	2.417E-3	2.637E-3	-8.788E-2	0.169	0.190
0.434	1.382E-3	1.950E-3	2.390E-3	1.027E-3	2.524E-3	2.725E-3	-5.095E-2	5.344E-2	7.384E-2
0.450	1.453E-3	2.054E-3	2.516E-3	1.174E-3	5.836E-3	5.953E-3	8.175E-3	-6.414E-2	6.466E-2
0.467	1.421E-3	2.145E-3	2.573E-3	-2.678E-4	4.480E-4	5.219E-4	7.873E-3	-0.149	0.149
0.484	1.444E-3	2.069E-3	2.523E-3	2.216E-3	-9.989E-4	2.430E-3	2.866E-2	2.127E-2	3.569E-2
0.500	1.495E-3	2.112E-3	2.587E-3	9.984E-4	2.836E-3	3.007E-3	0.272	2.518E-2	0.273
0.517	1.477E-3	2.164E-3	2.620E-3	9.110E-3	-1.136E-4	9.110E-3	-3.508E-2	-3.696E-2	5.096E-2
0.534	1.799E-3	2.108E-3	2.771E-3	5.068E-3	1.321E-4	5.070E-3	-0.137	-9.950E-2	0.169
0.551	1.646E-3	2.168E-3	2.722E-3	-2.003E-3	-1.271E-3	2.372E-3	-0.105	-4.650E-2	0.115
0.567	1.732E-3	2.066E-3	2.696E-3	5.592E-3	-3.675E-3	6.691E-3	0.275	-1.218E-2	0.276
0.584	1.833E-3	2.046E-3	2.747E-3	6.256E-3	-3.790E-4	6.267E-3	0.326	0.228	0.398
0.601	1.941E-3	2.053E-3	2.825E-3	1.521E-2	3.381E-3	1.559E-2	6.737E-2	5.364E-3	6.759E-2
0.617	2.340E-3	2.159E-3	3.184E-3	1.259E-2	1.257E-3	1.265E-2	-0.279	-0.105	0.298
0.634	2.361E-3	2.095E-3	3.156E-3	1.380E-3	-2.219E-3	2.613E-3	-0.274	-3.086E-2	0.276
0.651	2.386E-3	2.085E-3	3.169E-3	4.654E-3	1.160E-3	4.796E-3	3.352E-2	1.077E-2	3.521E-2
0.667	2.516E-3	2.134E-3	3.299E-3	3.921E-3	-1.019E-3	4.052E-3	-4.928E-2	5.399E-3	4.957E-2
0.684	2.517E-3	2.051E-3	3.247E-3	1.286E-3	-6.577E-4	1.444E-3	7.078E-2	-0.107	0.128
0.701	2.559E-3	2.112E-3	3.318E-3	6.599E-3	-1.982E-3	6.891E-3	7.070E-2	-0.124	0.143
0.717	2.737E-3	1.984E-3	3.381E-3	5.395E-3	-7.101E-3	8.919E-3	-0.108	-1.968E-2	0.110
0.734	2.739E-3	1.875E-3	3.319E-3	7.952E-4	-2.299E-3	2.432E-3	-7.643E-2	0.252	0.263
0.751	2.764E-3	1.908E-3	3.358E-3	3.511E-3	2.387E-3	4.246E-3	-1.598E-2	0.107	0.108
0.767	2.856E-3	1.954E-3	3.461E-3	1.340E-3	1.013E-3	1.679E-3	-2.865E-2	-5.215E-2	5.950E-2
0.784	2.809E-3	1.942E-3	3.414E-3	5.782E-4	-2.268E-5	5.786E-4	1.339E-3	-3.649E-2	3.651E-2
0.801	2.875E-3	1.954E-3	3.476E-3	3.094E-3	3.170E-4	3.111E-3	0.120	-1.584E-2	0.121
0.817	2.912E-3	1.952E-3	3.506E-3	3.619E-3	-6.848E-4	3.683E-3	-6.260E-2	-4.011E-2	7.435E-2
0.834	2.996E-3	1.931E-3	3.564E-3	1.987E-3	-1.155E-3	2.298E-3	-0.166	-7.539E-2	0.182
0.851	2.978E-3	1.914E-3	3.540E-3	-2.763E-3	-2.820E-3	3.948E-3	-3.078E-2	-5.051E-2	5.915E-2
0.868	2.904E-3	1.837E-3	3.436E-3	2.491E-4	-3.528E-3	3.537E-3	0.299	-2.132E-2	0.299
0.884	2.986E-3	1.796E-3	3.485E-3	8.303E-3	-2.898E-3	8.794E-3	-9.545E-2	0.133	0.164
0.901	3.181E-3	1.740E-3	3.626E-3	-8.555E-4	1.371E-4	8.664E-4	-0.200	0.256	0.324
0.918	2.958E-3	1.800E-3	3.463E-3	-3.794E-3	6.310E-3	7.363E-3	-4.126E-2	1.866E-2	4.529E-2
0.934	3.054E-3	1.950E-3	3.624E-3	2.732E-3	2.021E-3	3.398E-3	0.127	-0.123	0.177
0.951	3.049E-3	1.868E-3	3.576E-3	-1.620E-3	-7.587E-4	1.789E-3	-0.200	-0.103	0.225
0.968	3.000E-3	1.925E-3	3.565E-3	-3.750E-3	1.118E-3	3.914E-3	8.867E-2	3.679E-2	9.600E-2
0.984	2.924E-3	1.905E-3	3.490E-3	5.505E-4	-8.396E-4	1.004E-3	0.214	5.504E-2	0.221
1.001	3.019E-3	1.897E-3	3.565E-3	5.062E-3	2.901E-3	5.835E-3	0.108	-0.145	0.181
1.018	3.093E-3	2.002E-3	3.684E-3	3.395E-3	-3.375E-3	4.787E-3	-0.103	-5.576E-2	0.117
1.034	3.132E-3	1.784E-3	3.605E-3	1.547E-3	-3.559E-3	3.881E-3	-0.191	0.121	0.226
1.051	3.144E-3	1.883E-3	3.665E-3	-2.594E-3	4.903E-3	5.547E-3	-0.111	0.117	0.161
1.068	3.046E-3	1.948E-3	3.615E-3	-3.364E-3	-6.509E-4	3.426E-3	1.214E-2	-0.136	0.136
1.084	3.032E-3	1.862E-3	3.558E-3	-9.578E-4	-1.322E-3	1.633E-3	-1.301E-3	6.148E-2	6.150E-2
1.101	3.014E-3	1.904E-3	3.565E-3	-3.480E-3	3.077E-3	4.645E-3	1.480E-3	6.806E-2	6.808E-2
1.118	2.916E-3	1.964E-3	3.516E-3	-2.097E-3	9.317E-4	2.295E-3	5.940E-2	-4.588E-2	7.505E-2
1.134	2.944E-3	1.935E-3	3.523E-3	1.281E-4	3.977E-4	4.178E-4	-1.355E-2	-2.924E-2	3.222E-2
1.151	2.920E-3	1.977E-3	3.527E-3	-3.254E-3	1.151E-3	3.452E-3	0.139	-0.127	0.188
1.168	2.835E-3	1.973E-3	3.454E-3	3.249E-3	-3.996E-3	5.150E-3	0.101	-0.153	0.184
1.185	3.029E-3	1.844E-3	3.546E-3	3.883E-3	-5.196E-3	6.487E-3	-7.668E-2	0.114	0.137
1.201	2.965E-3	1.800E-3	3.468E-3	-2.854E-3	5.956E-4	2.915E-3	-0.182	0.227	0.291
1.218	2.933E-3	1.864E-3	3.476E-3	-9.320E-4	3.049E-3	3.188E-3	1.846E-2	4.034E-2	4.436E-2
1.235	2.933E-3	1.902E-3	3.496E-3	-1.849E-3	1.382E-3	2.309E-3	5.402E-2	-0.184	0.192
1.251	2.872E-3	1.910E-3	3.449E-3	-2.792E-4	-2.770E-3	2.784E-3	-2.797E-3	-0.176	0.176
1.268	2.924E-3	1.809E-3	3.439E-3	-2.212E-4	-5.404E-3	5.408E-3	-1.356E-2	-6.510E-2	6.650E-2
1.285	2.864E-3	1.730E-3	3.346E-3	-2.356E-3	-4.354E-3	4.950E-3	0.224	-7.590E-2	0.236
1.301	2.846E-3	1.664E-3	3.296E-3	6.918E-3	-7.412E-3	1.014E-2	2.747E-2	-0.199	0.201
1.318	3.095E-3	1.483E-3	3.432E-3	2.470E-3	-1.191E-2	1.216E-2	0.278	-0.332	0.433
1.335	2.928E-3	1.267E-3	3.190E-3	8.792E-3	-1.761E-2	1.968E-2	0.393	2.309E-3	0.393
1.351	3.389E-3	8.950E-4	3.505E-3	2.334E-2	-1.418E-2	2.731E-2	0.365	-6.166E-2	0.370
1.368	3.707E-3	7.936E-4	3.791E-3	1.732E-2	-1.536E-2	2.315E-2	-0.528	-9.634E-3	0.528
1.385	3.967E-3	3.826E-4	3.985E-3	7.040E-3	-1.910E-2	2.035E-2	-0.285	0.123	0.311
1.401	3.942E-3	1.563E-4	3.945E-3	4.732E-3	-8.998E-3	1.017E-2	-0.154	0.302	0.340
1.418	4.124E-3	8.239E-5	4.125E-3	5.642E-3	-7.988E-3	9.780E-3	1.458E-2	-0.130	0.131
1.435	4.130E-3	-1.102E-4	4.132E-3	2.503E-3	-1.457E-2	1.478E-2	0.167	-0.409	0.441
1.451	4.208E-3	-4.036E-4	4.227E-3	1.160E-2	-2.143E-2	2.437E-2	4.103E-2	-8.177E-2	9.149E-2
1.468	4.517E-3	-8.252E-4	4.592E-3	7.165E-3	-1.887E-2	2.019E-2	2.575E-2	0.207	0.209
1.485	4.447E-3	-1.033E-3	4.566E-3	6.671E-3	-1.218E-2	1.388E-2	0.155	0.502	0.526
1.502	4.740E-3	-1.231E-3	4.897E-3	1.714E-2	-4.063E-3	1.761E-2	-1.673E-2	-1.114E-2	2.011E-2
1.518	5.019E-3	-1.169E-3	5.153E-3	5.981E-3	-8.596E-3	1.047E-2	-0.254	-0.474	0.538
1.535	4.939E-3	-1.518E-3	5.167E-3	4.341E-3	-2.407E-2	2.446E-2	3.687E-2	-0.290	0.293
1.552	5.164E-3	-1.972E-3	5.528E-3	1.162E-2	-1.863E-2	2.196E-2	0.230	-0.128	0.263
1.568	5.327E-3	-2.140E-3	5.741E-3	1.014E-2	-2.351E-2	2.560E-2	-0.354	-0.301	0.464
1.585	5.502E-3	-2.757E-3	6.154E-3	1.467E-3	-3.414E-2	3.417E-2	-0.170	0.112	0.204
1.602	5.376E-3	-3.279E-3	6.297E-3	6.649E-4	-1.882E-2	1.883E-2	0.104	0.402	0.415
1.618	5.524E-3	-3.385E-3	6.479E-3	8.609E-3	-1.615E-2	1.830E-2	4.294E-2	3.377E-2	5.462E-2
1.635	5.663E-3	-3.818E-3	6.830E-3	1.775E-3	-2.275E-2	2.282E-2	-0.296	-0.291	0.415
1.652	5.583E-3	-4.144E-3	6.953E-3	-3.321E-3	-2.302E-2	2.325E-2	-2.136E-2	0.121	0.123
1.668	5.552E-3	-4.586E-3	7.201E-3	1.878E-3	-2.097E-2	2.105E-2	9.457E-2	5.064E-2	0.107
1.685	5.646E-3	-4.843E-3	7.439E-3	1.314E-3	-1.876E-2	1.881E-2	0.470	0.625	0.782
1.702	5.596E-3	-5.212E-3	7.647E-3	1.343E-2	-4.390E-3	1.413E-2	0.470	0.311	0.564
1.718	6.094E-3	-4.990E-3	7.876E-3	2.326E-2	-8.331E-4	2.328E-2	1.355E-2	5.592E-2	5.754E-2
1.735	6.372E-3	-5.240E-3	8.250E-3	1.053E-2	-9.838E-3	1.441E-2	-0.597	-0.428	0.734
1.752	6.446E-3	-5.318E-3	8.356E-3	2.774E-3	-1.075E-2	1.110E-2	1.737E-2	-0.104	0.106
1.768	6.465E-3	-5.599E-3	8.552E-3	1.022E-2	-1.592E-2	1.892E-2	0.335	-0.311	0.457
1.785	6.787E-3	-5.849E-3	8.960E-3	1.708E-2	-1.938E-2	2.583E-2	-0.161	6.244E-2	0.172
1.802	7.035E-3	-6.245E-3	9.407E-3	4.423E-3	-1.628E-2	1.687E-2	-0.464	0.192	0.502
1.818	6.934E-3	-6.392E-3	9.431E-3	-1.689E-3	-1.004E-2	1.018E-2	-0.221	0.302	0.374
1.835	6.978E-3	-6.580E-3	9.591E-3	1.431E-4	-8.079E-3	8.080E-3	0.121	0.187	0.223
1.852	6.939E-3	-6.662E-3	9.619E-3	6.081E-4	-2.983E-3	3.044E-3	-1.694E-2	7.302E-2	7.496E-2
1.869	6.999E-3	-6.680E-3	9.675E-3	1.127E-3	-4.991E-3	5.117E-3	-3.847E-2	-0.585	0.586
1.885	6.977E-3	-6.829E-3	9.762E-3	-1.734E-3	-2.203E-2	2.209E-2	-4.970E-2	-0.306	0.310
1.902	6.941E-3	-7.415E-3	1.016E-2	-5.358E-4	-2.048E-2	2.049E-2	-6.762E-3	0.301	0.301
1.919	6.959E-3	-7.512E-3	1.024E-2	-1.121E-3	-5.909E-3	6.014E-3	8.630E-3	0.330	0.330
1.935	6.903E-3	-7.612E-3	1.028E-2	-1.387E-3	-1.089E-2	1.098E-2	-8.861E-3	-0.218	0.218
1.952	6.912E-3	-7.875E-3	1.048E-2	-4.095E-4	-1.472E-2	1.473E-2	-0.112	-0.211	0.238
1.969	6.890E-3	-8.103E-3	1.064E-2	-5.129E-3	-1.650E-2	1.728E-2	0.175	-0.188	0.257
1.985	6.741E-3	-8.426E-3	1.079E-2	2.813E-3	-2.165E-2	2.183E-2	0.152	0.164	0.223
2.002	6.983E-3	-8.825E-3	1.125E-2	5.167E-3	-1.287E-2	1.387E-2	-0.153	0.449	0.475
2.019	6.914E-3	-8.856E-3	1.123E-2	-6.315E-3	-2.996E-3	6.990E-3	-0.333	0.370	0.498
2.035	6.773E-3	-8.925E-3	1.120E-2	-5.630E-3	-2.655E-3	6.225E-3	9.537E-2	-1.655E-2	9.680E-2
2.052	6.726E-3	-8.944E-3	1.119E-2	-2.119E-3	-2.717E-3	3.446E-3	0.100	-0.226	0.247
2.069	6.702E-3	-9.016E-3	1.123E-2	-2.360E-3	-1.003E-2	1.031E-2	0.110	-2.130E-2	0.112
2.085	6.647E-3	-9.279E-3	1.141E-2	6.393E-4	-6.203E-3	6.236E-3	9.612E-2	5.731E-2	0.112
2.102	6.723E-3	-9.223E-3	1.141E-2	2.411E-3	-3.580E-3	4.316E-3	-9.661E-2	-0.187	0.211
2.119	6.728E-3	-9.398E-3	1.156E-2	-3.260E-3	-1.514E-2	1.549E-2	-0.169	-0.516	0.543
2.135	6.615E-3	-9.728E-3	1.176E-2	-4.278E-3	-2.096E-2	2.139E-2	0.135	5.248E-2	0.145
2.152	6.585E-3	-1.010E-2	1.206E-2	1.926E-3	-1.421E-2	1.434E-2	4.611E-2	-3.991E-2	6.099E-2
2.169	6.679E-3	-1.020E-2	1.219E-2	-1.077E-3	-1.815E-2	1.818E-2	-4.036E-2	-0.216	0.220
2.186	6.549E-3	-1.070E-2	1.255E-2	-2.608E-3	-2.646E-2	2.659E-2	-9.450E-3	-1.985E-2	2.199E-2
2.202	6.592E-3	-1.109E-2	1.290E-2	1.237E-3	-1.694E-2	1.698E-2	0.125	0.385	0.404
2.219	6.590E-3	-1.127E-2	1.305E-2	3.794E-4	-1.227E-2	1.227E-2	-0.119	0.114	0.165
2.236	6.604E-3	-1.149E-2	1.326E-2	-1.998E-3	-1.424E-2	1.438E-2	-4.050E-2	9.506E-3	4.160E-2
2.252	6.523E-3	-1.174E-2	1.343E-2	-2.231E-3	-1.234E-2	1.254E-2	-0.256	-1.353E-2	0.256
2.269	6.530E-3	-1.191E-2	1.358E-2	-8.158E-3	-1.333E-2	1.563E-2	0.171	-0.111	0.204
2.286	6.251E-3	-1.219E-2	1.370E-2	-1.503E-3	-1.739E-2	1.746E-2	0.354	-0.104	0.369
2.302	6.480E-3	-1.249E-2	1.407E-2	9.773E-3	-1.661E-2	1.927E-2	0.167	0.106	0.198
2.319	6.577E-3	-1.274E-2	1.434E-2	1.409E-3	-1.367E-2	1.374E-2	-0.393	0.367	0.538
2.336	6.527E-3	-1.294E-2	1.450E-2	-3.926E-3	-5.055E-3	6.401E-3	-9.379E-2	-7.516E-2	0.120
2.352	6.446E-3	-1.291E-2	1.443E-2	-1.778E-3	-1.241E-2	1.253E-2	6.949E-2	-0.118	0.137
2.369	6.468E-3	-1.336E-2	1.484E-2	-3.742E-4	-1.563E-2	1.563E-2	-0.125	-0.114	0.170
2.386	6.434E-3	-1.343E-2	1.489E-2	-6.254E-3	-1.022E-2	1.198E-2	-9.793E-2	-0.204	0.226
2.402	6.259E-3	-1.370E-2	1.506E-2	-5.353E-3	-2.439E-2	2.497E-2	0.261	-0.185	0.320
2.419	6.255E-3	-1.425E-2	1.556E-2	3.936E-3	-1.989E-2	2.027E-2	0.328	0.379	0.501
2.436	6.390E-3	-1.436E-2	1.572E-2	6.301E-3	-6.803E-3	9.273E-3	-0.117	0.287	0.310
2.452	6.466E-3	-1.447E-2	1.585E-2	-3.607E-4	-1.147E-2	1.148E-2	-0.272	-3.910E-2	0.275
2.469	6.378E-3	-1.474E-2	1.606E-2	-4.080E-3	-1.031E-2	1.108E-2	2.321E-2	-0.338	0.339
2.486	6.329E-3	-1.482E-2	1.611E-2	8.966E-4	-1.840E-2	1.842E-2	0.212	-0.125	0.247
2.502	6.408E-3	-1.536E-2	1.664E-2	4.026E-3	-2.096E-2	2.135E-2	5.084E-2	0.147	0.156
2.519	6.464E-3	-1.552E-2	1.681E-2	2.037E-3	-8.389E-3	8.633E-3	-0.105	0.402	0.415
2.536	6.476E-3	-1.564E-2	1.693E-2	3.141E-4	-8.663E-3	8.668E-3	-3.000E-2	-6.676E-2	7.319E-2
2.553	6.474E-3	-1.581E-2	1.708E-2	9.501E-4	-1.105E-2	1.109E-2	-0.330	-0.273	0.428
2.569	6.508E-3	-1.601E-2	1.728E-2	-8.792E-3	-1.712E-2	1.924E-2	-1.774E-2	-0.214	0.215
2.586	6.181E-3	-1.638E-2	1.750E-2	-4.968E-3	-1.985E-2	2.046E-2	0.210	1.362E-2	0.210
2.603	6.342E-3	-1.667E-2	1.783E-2	4.653E-3	-1.553E-2	1.622E-2	0.310	0.316	0.443
2.619	6.336E-3	-1.690E-2	1.804E-2	1.570E-3	-9.638E-3	9.765E-3	-0.140	8.616E-2	0.164
2.636	6.394E-3	-1.699E-2	1.815E-2	1.540E-3	-1.105E-2	1.115E-2	-0.115	0.157	0.195
2.653	6.388E-3	-1.726E-2	1.841E-2	-2.768E-3	-7.726E-3	8.207E-3	-9.962E-3	0.137	0.137
2.669	6.302E-3	-1.725E-2	1.836E-2	7.107E-5	-2.710E-3	2.711E-3	7.684E-2	0.122	0.144
2.686	6.390E-3	-1.735E-2	1.849E-2	2.073E-3	-6.001E-3	6.349E-3	-0.144	-9.992E-2	0.175
2.703	6.371E-3	-1.745E-2	1.858E-2	-5.732E-3	-5.443E-3	7.905E-3	-0.208	-0.242	0.319
2.719	6.199E-3	-1.754E-2	1.860E-2	-6.311E-3	-1.298E-2	1.443E-2	0.245	-0.305	0.391
2.736	6.161E-3	-1.788E-2	1.891E-2	3.445E-3	-1.820E-2	1.853E-2	0.201	-4.251E-2	0.206
2.753	6.314E-3	-1.814E-2	1.921E-2	2.424E-3	-1.297E-2	1.319E-2	6.524E-2	0.186	0.197
2.769	6.241E-3	-1.831E-2	1.935E-2	1.978E-3	-1.139E-2	1.156E-2	-0.183	1.064E-2	0.183
2.786	6.380E-3	-1.852E-2	1.959E-2	2.335E-4	-1.324E-2	1.324E-2	-5.425E-2	0.181	0.189
2.803	6.249E-3	-1.876E-2	1.977E-2	-3.627E-3	-6.453E-3	7.402E-3	6.786E-2	2.665E-2	7.291E-2
2.819	6.259E-3	-1.874E-2	1.976E-2	4.306E-3	-8.726E-3	9.730E-3	0.380	-0.336	0.508
2.836	6.393E-3	-1.905E-2	2.009E-2	9.348E-3	-2.115E-2	2.312E-2	-0.150	-0.257	0.297
2.853	6.570E-3	-1.944E-2	2.052E-2	5.653E-4	-1.755E-2	1.756E-2	-0.122	0.127	0.176
2.870	6.412E-3	-1.963E-2	2.065E-2	7.527E-4	-1.431E-2	1.433E-2	6.022E-2	0.420	0.424
2.886	6.596E-3	-1.992E-2	2.099E-2	7.454E-3	-6.819E-3	1.010E-2	-9.380E-2	-4.353E-2	0.103
2.903	6.661E-3	-1.986E-2	2.095E-2	-3.766E-3	-1.032E-2	1.099E-2	-0.226	-0.457	0.510
2.920	6.470E-3	-2.027E-2	2.127E-2	-2.983E-3	-2.719E-2	2.735E-2	0.118	-0.182	0.217
2.936	6.561E-3	-2.077E-2	2.178E-2	3.908E-3	-1.707E-2	1.751E-2	0.294	0.141	0.326
2.953	6.600E-3	-2.084E-2	2.186E-2	4.812E-3	-1.658E-2	1.727E-2	5.510E-2	0.169	0.178
2.970	6.722E-3	-2.132E-2	2.236E-2	6.745E-3	-1.836E-2	1.956E-2	-0.326	8.225E-2	0.336
2.986	6.825E-3	-2.145E-2	2.251E-2	-4.970E-3	-8.834E-3	1.014E-2	-5.282E-2	-5.893E-2	7.914E-2
3.003	6.556E-3	-2.162E-2	2.259E-2	-3.925E-4	-2.066E-2	2.067E-2	0.343	-0.412	0.536
3.020	6.812E-3	-2.214E-2	2.316E-2	1.292E-2	-2.619E-2	2.920E-2	0.137	-2.855E-2	0.140
3.036	6.987E-3	-2.249E-2	2.355E-2	2.396E-3	-1.893E-2	1.908E-2	-0.452	0.519	0.689
3.053	6.892E-3	-2.277E-2	2.379E-2	-4.314E-3	-9.963E-3	1.086E-2	-0.334	0.183	0.381
3.070	6.843E-3	-2.282E-2	2.383E-2	-6.673E-3	-1.018E-2	1.217E-2	2.018E-2	-0.104	0.106
3.086	6.670E-3	-2.311E-2	2.405E-2	-5.588E-3	-1.652E-2	1.744E-2	0.236	-3.845E-2	0.239
3.103	6.657E-3	-2.337E-2	2.430E-2	2.626E-3	-1.094E-2	1.125E-2	0.847	-9.044E-2	0.852
3.120	6.757E-3	-2.347E-2	2.443E-2	2.085E-2	-1.673E-2	2.673E-2	0.586	-9.856E-2	0.594
3.136	7.352E-3	-2.393E-2	2.504E-2	2.714E-2	-1.915E-2	3.321E-2	-0.287	6.018E-2	0.293
3.153	7.663E-3	-2.411E-2	2.530E-2	8.207E-3	-1.085E-2	1.361E-2	-0.651	0.218	0.686
3.170	7.626E-3	-2.429E-2	2.546E-2	2.949E-3	-1.275E-2	1.309E-2	6.734E-2	-0.398	0.403
3.187	7.761E-3	-2.454E-2	2.574E-2	1.274E-2	-2.345E-2	2.668E-2	0.263	-4.375E-2	0.267
3.203	8.051E-3	-2.508E-2	2.634E-2	1.296E-2	-1.840E-2	2.250E-2	-0.134	0.460	0.480
3.220	8.193E-3	-2.515E-2	2.645E-2	6.610E-3	-3.113E-3	7.307E-3	-1.082E-3	0.563	0.563
3.237	8.272E-3	-2.518E-2	2.650E-2	1.197E-2	-1.205E-3	1.203E-2	0.340	0.161	0.376
3.253	8.593E-3	-2.519E-2	2.662E-2	2.017E-2	1.778E-3	2.024E-2	7.670E-2	-0.268	0.279
3.270	8.945E-3	-2.512E-2	2.667E-2	1.467E-2	-7.744E-3	1.659E-2	-0.484	-0.470	0.675
3.287	9.082E-3	-2.545E-2	2.702E-2	2.834E-3	-1.800E-2	1.822E-2	0.286	-0.604	0.669
3.303	9.039E-3	-2.572E-2	2.726E-2	2.032E-2	-2.446E-2	3.180E-2	0.438	0.236	0.497
3.320	9.760E-3	-2.627E-2	2.802E-2	2.708E-2	-1.528E-2	3.109E-2	1.341E-2	0.265	0.265
3.337	9.943E-3	-2.623E-2	2.805E-2	1.263E-2	-7.980E-3	1.494E-2	-0.389	8.565E-2	0.398
3.353	1.018E-2	-2.653E-2	2.842E-2	1.658E-2	-1.788E-2	2.438E-2	-0.127	-6.071E-2	0.141
3.370	1.050E-2	-2.683E-2	2.881E-2	1.004E-2	-9.599E-3	1.389E-2	-0.205	-3.646E-2	0.208
3.387	1.052E-2	-2.685E-2	2.884E-2	6.207E-3	-1.496E-2	1.619E-2	7.208E-2	-0.148	0.165
3.403	1.070E-2	-2.733E-2	2.935E-2	1.462E-2	-2.059E-2	2.525E-2	0.148	-0.133	0.199
3.420	1.100E-2	-2.754E-2	2.966E-2	1.227E-2	-1.500E-2	1.938E-2	-3.021E-2	0.591	0.592
3.437	1.111E-2	-2.783E-2	2.996E-2	1.083E-2	-4.392E-3	1.168E-2	0.120	0.407	0.424
3.453	1.137E-2	-2.769E-2	2.993E-2	1.795E-2	3.245E-3	1.824E-2	0.168	-0.160	0.232
3.470	1.171E-2	-2.772E-2	3.009E-2	1.712E-2	-1.161E-2	2.068E-2	-0.339	-0.197	0.392
3.487	1.194E-2	-2.808E-2	3.051E-2	6.273E-3	-7.400E-3	9.701E-3	-9.211E-2	-0.195	0.216
3.503	1.192E-2	-2.797E-2	3.040E-2	1.080E-2	-1.031E-2	1.493E-2	0.105	-0.310	0.327
3.520	1.230E-2	-2.842E-2	3.097E-2	1.523E-2	-2.488E-2	2.917E-2	-0.209	-0.208	0.294
3.537	1.243E-2	-2.880E-2	3.136E-2	1.031E-3	-1.522E-2	1.525E-2	-0.493	0.534	0.727
3.554	1.233E-2	-2.893E-2	3.145E-2	-2.580E-3	-5.614E-3	6.179E-3	0.324	0.504	0.599
3.570	1.234E-2	-2.898E-2	3.150E-2	1.210E-2	6.113E-4	1.212E-2	0.759	-0.246	0.798
3.587	1.274E-2	-2.891E-2	3.159E-2	2.532E-2	-1.079E-2	2.752E-2	5.312E-2	-0.174	0.182
3.604	1.319E-2	-2.934E-2	3.217E-2	1.454E-2	-1.217E-2	1.896E-2	-9.879E-2	-0.292	0.309
3.620	1.322E-2	-2.931E-2	3.216E-2	1.616E-2	-1.232E-2	2.032E-2	-0.243	-0.158	0.290
3.637	1.373E-2	-2.975E-2	3.277E-2	1.452E-2	-2.387E-2	2.794E-2	-0.185	-0.226	0.292
3.654	1.371E-2	-3.011E-2	3.308E-2	2.856E-3	-1.761E-2	1.784E-2	-0.379	0.243	0.450
3.670	1.382E-2	-3.034E-2	3.334E-2	5.532E-3	-1.496E-2	1.595E-2	0.331	5.045E-2	0.335
3.687	1.389E-2	-3.061E-2	3.361E-2	1.178E-2	-1.663E-2	2.038E-2	0.318	-0.127	0.342
3.704	1.422E-2	-3.090E-2	3.401E-2	1.867E-2	-1.901E-2	2.665E-2	0.367	-0.313	0.482
3.720	1.451E-2	-3.124E-2	3.445E-2	2.209E-2	-2.661E-2	3.458E-2	-0.388	0.287	0.483
3.737	1.495E-2	-3.178E-2	3.513E-2	9.458E-3	-1.359E-2	1.656E-2	-0.553	0.350	0.654
3.754	1.483E-2	-3.170E-2	3.499E-2	-2.496E-3	-6.928E-3	7.364E-3	-3.557E-2	-0.227	0.230
3.770	1.487E-2	-3.202E-2	3.530E-2	1.088E-2	-2.634E-2	2.850E-2	0.536	-0.171	0.563
3.787	1.519E-2	-3.257E-2	3.594E-2	1.739E-2	-1.550E-2	2.329E-2	0.141	0.561	0.579
3.804	1.545E-2	-3.253E-2	3.601E-2	1.402E-2	-9.563E-4	1.405E-2	9.853E-2	8.984E-2	0.133
3.820	1.566E-2	-3.261E-2	3.617E-2	1.955E-2	-1.460E-2	2.441E-2	0.256	-0.710	0.755
3.837	1.610E-2	-3.302E-2	3.674E-2	2.498E-2	-2.677E-2	3.662E-2	-0.465	-0.111	0.478
3.854	1.649E-2	-3.350E-2	3.734E-2	5.208E-3	-1.883E-2	1.954E-2	-0.813	0.248	0.850
3.871	1.628E-2	-3.365E-2	3.738E-2	-7.879E-3	-1.457E-2	1.657E-2	-0.202	0.217	0.296
3.887	1.623E-2	-3.399E-2	3.766E-2	1.903E-3	-1.532E-2	1.544E-2	0.492	-1.012E-2	0.492
3.904	1.634E-2	-3.416E-2	3.787E-2	8.786E-3	-1.241E-2	1.521E-2	0.434	0.375	0.573
3.921	1.652E-2	-3.440E-2	3.816E-2	1.571E-2	-5.388E-3	1.661E-2	0.374	0.122	0.393
3.937	1.686E-2	-3.434E-2	3.826E-2	2.203E-2	-4.333E-3	2.245E-2	-5.377E-2	-0.289	0.294
3.954	1.726E-2	-3.454E-2	3.862E-2	1.497E-2	-1.783E-2	2.328E-2	-0.301	-0.774	0.830
3.971	1.736E-2	-3.493E-2	3.901E-2	8.884E-3	-2.968E-2	3.098E-2	3.412E-2	3.574E-2	4.941E-2
3.987	1.755E-2	-3.554E-2	3.963E-2	1.728E-2	-1.995E-2	2.639E-2	0.965	0.312	1.015
4.004	1.794E-2	-3.560E-2	3.986E-2	3.995E-2	-1.253E-2	4.187E-2	-6.461E-3	0.329	0.329
4.021	1.889E-2	-3.595E-2	4.061E-2	2.554E-2	-1.466E-2	2.945E-2	-1.076	-0.123	1.083
4.037	1.879E-2	-3.609E-2	4.069E-2	-7.116E-3	-1.286E-2	1.470E-2	-0.866	-0.155	0.880
4.054	1.865E-2	-3.638E-2	4.088E-2	-4.102E-4	-2.154E-2	2.154E-2	0.440	-0.141	0.462
4.071	1.878E-2	-3.681E-2	4.132E-2	9.748E-3	-1.897E-2	2.133E-2	0.164	0.469	0.497
4.087	1.898E-2	-3.702E-2	4.160E-2	5.442E-3	-4.586E-3	7.117E-3	0.216	0.433	0.484
4.104	1.896E-2	-3.696E-2	4.154E-2	1.285E-2	-2.389E-3	1.307E-2	0.425	-5.477E-2	0.429
4.121	1.940E-2	-3.709E-2	4.186E-2	2.476E-2	-9.015E-3	2.635E-2	0.407	-0.125	0.425
4.137	1.979E-2	-3.726E-2	4.219E-2	2.377E-2	-6.517E-3	2.464E-2	-0.509	-0.265	0.574
4.154	2.020E-2	-3.731E-2	4.243E-2	1.034E-2	-1.501E-2	1.823E-2	-0.608	-0.400	0.728
4.171	2.013E-2	-3.776E-2	4.279E-2	-1.144E-3	-2.417E-2	2.420E-2	-0.202	-6.517E-2	0.212
4.188	2.016E-2	-3.812E-2	4.312E-2	5.879E-3	-1.552E-2	1.659E-2	0.315	0.462	0.559
4.204	2.033E-2	-3.828E-2	4.334E-2	1.013E-2	-7.751E-3	1.276E-2	5.830E-2	0.148	0.159
4.221	2.050E-2	-3.838E-2	4.351E-2	7.621E-3	-1.024E-2	1.276E-2	-0.277	9.918E-2	0.294
4.238	2.058E-2	-3.862E-2	4.376E-2	7.589E-4	-7.053E-3	7.094E-3	0.289	-5.775E-3	0.289
4.254	2.052E-2	-3.861E-2	4.373E-2	1.391E-2	-6.617E-3	1.541E-2	0.584	0.128	0.598
4.271	2.105E-2	-3.884E-2	4.418E-2	2.653E-2	-6.902E-3	2.741E-2	-8.818E-2	-1.326E-2	8.917E-2
4.288	2.141E-2	-3.884E-2	4.435E-2	8.933E-3	-3.573E-3	9.621E-3	-0.480	-0.212	0.525
4.304	2.134E-2	-3.896E-2	4.442E-2	6.131E-3	-1.487E-2	1.608E-2	-0.200	-0.393	0.441
4.321	2.161E-2	-3.934E-2	4.488E-2	8.079E-3	-1.894E-2	2.059E-2	0.115	1.355E-2	0.116
4.338	2.161E-2	-3.959E-2	4.511E-2	5.471E-3	-1.263E-2	1.376E-2	-1.882E-2	0.318	0.318
4.354	2.179E-2	-3.976E-2	4.534E-2	1.024E-2	-8.347E-3	1.321E-2	0.367	0.311	0.481
4.371	2.195E-2	-3.987E-2	4.552E-2	1.586E-2	-2.716E-3	1.609E-2	0.228	3.577E-2	0.231
4.388	2.232E-2	-3.985E-2	4.568E-2	2.003E-2	-5.315E-3	2.073E-2	-0.188	-0.270	0.329
4.404	2.262E-2	-4.005E-2	4.600E-2	9.326E-3	-1.389E-2	1.673E-2	-0.329	-0.540	0.632
4.421	2.263E-2	-4.031E-2	4.623E-2	6.125E-3	-2.208E-2	2.292E-2	-0.125	-0.317	0.341
4.438	2.283E-2	-4.079E-2	4.674E-2	8.375E-3	-2.624E-2	2.754E-2	-1.080E-4	-2.352E-2	2.352E-2
4.454	2.291E-2	-4.119E-2	4.713E-2	4.540E-3	-2.175E-2	2.222E-2	-5.524E-2	0.617	0.620
4.471	2.298E-2	-4.151E-2	4.745E-2	6.426E-3	-6.995E-3	9.498E-3	-0.300	0.356	0.465
4.488	2.313E-2	-4.142E-2	4.744E-2	-2.950E-3	-5.212E-3	5.989E-3	9.916E-2	-0.449	0.460
4.505	2.288E-2	-4.169E-2	4.755E-2	3.354E-3	-2.538E-2	2.560E-2	0.153	-0.533	0.554
4.521	2.324E-2	-4.227E-2	4.824E-2	1.065E-2	-2.558E-2	2.771E-2	3.862E-2	0.149	0.154
4.538	2.324E-2	-4.254E-2	4.847E-2	-9.899E-4	-1.632E-2	1.635E-2	-8.476E-2	0.791	0.796
4.555	2.321E-2	-4.281E-2	4.870E-2	7.826E-3	-2.577E-3	8.240E-3	0.486	0.298	0.570
4.571	2.350E-2	-4.263E-2	4.867E-2	1.796E-2	-6.557E-4	1.797E-2	-4.204E-2	-5.961E-2	7.295E-2
4.588	2.381E-2	-4.284E-2	4.901E-2	6.910E-3	-1.032E-2	1.242E-2	-0.135	-0.492	0.510
4.605	2.373E-2	-4.297E-2	4.909E-2	8.197E-3	-1.385E-2	1.609E-2	6.389E-2	-0.253	0.261
4.621	2.408E-2	-4.330E-2	4.954E-2	1.526E-2	-2.064E-2	2.566E-2	0.178	-0.237	0.297
4.638	2.424E-2	-4.366E-2	4.993E-2	1.045E-2	-2.124E-2	2.367E-2	0.313	0.196	0.369
4.655	2.443E-2	-4.401E-2	5.033E-2	2.494E-2	-1.475E-2	2.898E-2	0.158	0.455	0.482
4.671	2.507E-2	-4.415E-2	5.077E-2	2.177E-2	-4.868E-3	2.231E-2	-0.365	0.384	0.530
4.688	2.516E-2	-4.417E-2	5.083E-2	5.991E-3	-1.673E-3	6.220E-3	-0.816	-0.238	0.850
4.705	2.527E-2	-4.421E-2	5.092E-2	-1.649E-3	-1.208E-2	1.219E-2	-0.129	-0.473	0.490
4.721	2.510E-2	-4.457E-2	5.115E-2	-1.995E-3	-2.043E-2	2.053E-2	0.230	-0.206	0.308
4.738	2.520E-2	-4.489E-2	5.148E-2	9.096E-3	-1.732E-2	1.957E-2	0.269	0.177	0.322
4.755	2.540E-2	-4.515E-2	5.181E-2	7.360E-3	-1.448E-2	1.624E-2	-0.158	-0.228	0.277
4.771	2.545E-2	-4.537E-2	5.202E-2	2.102E-3	-2.333E-2	2.342E-2	-0.137	-0.249	0.285
4.788	2.547E-2	-4.593E-2	5.252E-2	3.092E-3	-2.682E-2	2.700E-2	0.171	-5.480E-2	0.180
4.805	2.555E-2	-4.627E-2	5.285E-2	7.851E-3	-2.161E-2	2.299E-2	6.268E-2	0.479	0.483
4.821	2.574E-2	-4.665E-2	5.328E-2	6.550E-3	-1.356E-2	1.506E-2	0.111	0.517	0.529
4.838	2.577E-2	-4.672E-2	5.335E-2	8.807E-3	-1.768E-3	8.982E-3	9.259E-2	5.216E-2	0.106
4.855	2.603E-2	-4.671E-2	5.347E-2	1.266E-2	-1.088E-2	1.669E-2	5.637E-2	-0.434	0.438
4.872	2.619E-2	-4.708E-2	5.388E-2	8.972E-3	-2.015E-2	2.206E-2	2.838E-2	-0.137	0.140
4.888	2.633E-2	-4.738E-2	5.421E-2	1.312E-2	-1.381E-2	1.905E-2	-4.317E-2	9.203E-2	0.102
4.905	2.663E-2	-4.754E-2	5.449E-2	1.015E-2	-1.537E-2	1.842E-2	-4.539E-2	3.380E-2	5.659E-2
4.922	2.667E-2	-4.789E-2	5.482E-2	7.873E-3	-1.570E-2	1.756E-2	-0.199	9.403E-2	0.220
4.938	2.689E-2	-4.807E-2	5.508E-2	7.119E-3	-9.911E-3	1.220E-2	-0.117	0.298	0.320
4.955	2.691E-2	-4.823E-2	5.522E-2	1.295E-3	-6.825E-3	6.947E-3	-0.274	0.213	0.347
4.972	2.694E-2	-4.829E-2	5.530E-2	-6.397E-4	-2.332E-3	2.418E-3	-6.543E-2	-0.319	0.325
4.988	2.688E-2	-4.830E-2	5.528E-2	-1.835E-3	-1.525E-2	1.536E-2	0.121	-0.581	0.593
5.005	2.687E-2	-4.880E-2	5.571E-2	3.521E-3	-2.663E-2	2.686E-2	9.586E-2	4.125E-2	0.104
5.022	2.700E-2	-4.919E-2	5.611E-2	3.019E-3	-1.239E-2	1.275E-2	-1.250E-2	0.527	0.527
5.038	2.698E-2	-4.922E-2	5.612E-2	8.498E-4	-5.772E-3	5.834E-3	-0.166	0.262	0.310
5.055	2.703E-2	-4.938E-2	5.630E-2	-5.936E-4	-6.908E-3	6.933E-3	5.563E-2	-6.224E-2	8.348E-2
5.072	2.696E-2	-4.945E-2	5.632E-2	5.309E-4	-6.002E-3	6.026E-3	-8.768E-2	-6.983E-2	0.112
5.088	2.705E-2	-4.958E-2	5.648E-2	-6.483E-4	-1.008E-2	1.010E-2	0.232	-0.405	0.467
5.105	2.693E-2	-4.978E-2	5.660E-2	4.215E-3	-1.874E-2	1.920E-2	2.448E-2	-0.197	0.199
5.122	2.719E-2	-5.021E-2	5.710E-2	5.593E-3	-1.926E-2	2.005E-2	-0.218	0.167	0.275
5.138	2.712E-2	-5.043E-2	5.726E-2	-6.989E-3	-1.069E-2	1.277E-2	-0.166	0.263	0.311
5.155	2.696E-2	-5.057E-2	5.730E-2	-7.127E-4	-1.046E-2	1.049E-2	-4.151E-2	-9.653E-2	0.105
5.172	2.710E-2	-5.077E-2	5.755E-2	-3.609E-3	-1.452E-2	1.496E-2	-7.948E-3	-0.229	0.229
5.189	2.683E-2	-5.105E-2	5.767E-2	-6.985E-3	-1.816E-2	1.946E-2	6.541E-2	5.377E-2	8.468E-2
5.205	2.686E-2	-5.138E-2	5.798E-2	2.653E-3	-1.375E-2	1.401E-2	0.268	0.243	0.362
5.222	2.692E-2	-5.151E-2	5.812E-2	1.313E-3	-8.042E-3	8.148E-3	-0.141	0.230	0.270
5.239	2.691E-2	-5.165E-2	5.824E-2	-2.608E-3	-7.191E-3	7.649E-3	-5.670E-2	-0.191	0.199
5.255	2.684E-2	-5.175E-2	5.829E-2	-1.166E-3	-1.303E-2	1.309E-2	-8.420E-2	-0.276	0.288
5.272	2.687E-2	-5.208E-2	5.861E-2	-3.521E-3	-1.875E-2	1.907E-2	0.100	-0.278	0.296
5.289	2.672E-2	-5.237E-2	5.880E-2	-9.595E-4	-2.051E-2	2.053E-2	0.149	4.521E-2	0.155
5.305	2.684E-2	-5.277E-2	5.920E-2	4.820E-3	-1.895E-2	1.956E-2	0.103	0.218	0.241
5.322	2.688E-2	-5.301E-2	5.943E-2	9.214E-4	-1.183E-2	1.187E-2	-0.107	0.446	0.459
5.339	2.687E-2	-5.316E-2	5.957E-2	8.738E-4	-4.668E-3	4.749E-3	9.359E-2	4.201E-2	0.103
5.355	2.691E-2	-5.316E-2	5.958E-2	4.466E-3	-8.279E-3	9.407E-3	0.122	8.706E-2	0.150
5.372	2.702E-2	-5.344E-2	5.988E-2	5.429E-3	-6.255E-3	8.283E-3	-0.159	-7.782E-2	0.177
5.389	2.709E-2	-5.337E-2	5.985E-2	-6.782E-4	-5.410E-3	5.452E-3	-0.293	-0.105	0.311
5.405	2.699E-2	-5.362E-2	6.003E-2	-5.683E-3	-1.403E-2	1.514E-2	8.074E-2	-0.403	0.411
5.422	2.690E-2	-5.384E-2	6.019E-2	1.728E-3	-1.678E-2	1.687E-2	0.215	7.130E-2	0.227
5.439	2.705E-2	-5.418E-2	6.056E-2	4.261E-3	-1.373E-2	1.438E-2	0.406	6.641E-2	0.411
5.455	2.704E-2	-5.430E-2	6.066E-2	1.118E-2	-1.153E-2	1.606E-2	0.214	0.333	0.396
5.472	2.742E-2	-5.456E-2	6.107E-2	1.636E-2	-6.228E-3	1.751E-2	0.137	7.487E-2	0.156
5.489	2.759E-2	-5.451E-2	6.109E-2	1.193E-2	-4.487E-3	1.274E-2	-0.211	-0.140	0.254
5.505	2.782E-2	-5.471E-2	6.138E-2	1.123E-2	-1.430E-2	1.818E-2	-0.211	-0.555	0.594
5.522	2.796E-2	-5.498E-2	6.169E-2	4.378E-3	-2.161E-2	2.205E-2	-0.239	-3.252E-2	0.241
5.539	2.797E-2	-5.543E-2	6.209E-2	2.226E-3	-1.799E-2	1.812E-2	-5.396E-2	3.400E-2	6.378E-2
5.556	2.804E-2	-5.558E-2	6.225E-2	3.764E-3	-1.607E-2	1.650E-2	0.152	3.864E-2	0.157
5.572	2.809E-2	-5.597E-2	6.263E-2	6.465E-3	-2.045E-2	2.145E-2	-7.982E-2	-4.614E-2	9.220E-2
5.589	2.825E-2	-5.627E-2	6.296E-2	2.976E-3	-1.601E-2	1.629E-2	2.197E-2	0.274	0.275
5.606	2.819E-2	-5.650E-2	6.315E-2	3.819E-3	-1.164E-2	1.225E-2	-2.872E-2	-3.349E-2	4.412E-2
5.622	2.838E-2	-5.665E-2	6.336E-2	5.846E-3	-1.562E-2	1.668E-2	1.035E-2	-1.322E-2	1.679E-2
5.639	2.839E-2	-5.703E-2	6.370E-2	1.426E-3	-1.539E-2	1.545E-2	0.204	0.116	0.235
5.656	2.843E-2	-5.717E-2	6.385E-2	1.229E-2	-8.746E-3	1.508E-2	0.298	-0.106	0.316
5.672	2.880E-2	-5.732E-2	6.415E-2	1.507E-2	-1.863E-2	2.397E-2	5.839E-2	-0.341	0.346
5.689	2.893E-2	-5.779E-2	6.463E-2	1.044E-2	-2.350E-2	2.571E-2	-4.170E-3	1.714E-2	1.764E-2
5.706	2.915E-2	-5.810E-2	6.500E-2	1.619E-2	-1.578E-2	2.261E-2	-8.186E-3	0.321	0.321
5.722	2.947E-2	-5.832E-2	6.534E-2	1.184E-2	-1.261E-2	1.730E-2	-0.320	0.160	0.358
5.739	2.954E-2	-5.852E-2	6.556E-2	3.022E-3	-1.103E-2	1.143E-2	-9.218E-2	0.203	0.223
5.756	2.957E-2	-5.868E-2	6.571E-2	8.551E-3	-5.984E-3	1.044E-2	0.100	0.186	0.211
5.772	2.983E-2	-5.872E-2	6.586E-2	9.314E-3	-3.796E-3	1.006E-2	4.568E-2	0.249	0.254
5.789	2.988E-2	-5.881E-2	6.597E-2	6.906E-3	5.872E-4	6.931E-3	0.193	-0.105	0.220
5.806	3.006E-2	-5.870E-2	6.595E-2	1.672E-2	-3.963E-3	1.718E-2	0.391	-8.157E-2	0.400
5.822	3.044E-2	-5.894E-2	6.634E-2	2.146E-2	-6.973E-3	2.256E-2	0.181	-0.174	0.251
5.839	3.077E-2	-5.894E-2	6.649E-2	2.123E-2	-5.380E-3	2.190E-2	-0.632	-0.298	0.698
5.856	3.115E-2	-5.912E-2	6.683E-2	3.663E-3	-1.855E-2	1.891E-2	-0.563	-0.346	0.661
5.873	3.090E-2	-5.955E-2	6.709E-2	-4.647E-3	-1.920E-2	1.975E-2	-9.631E-2	0.189	0.212
5.889	3.099E-2	-5.976E-2	6.732E-2	6.128E-3	-9.646E-3	1.143E-2	0.395	0.242	0.463
5.906	3.110E-2	-5.988E-2	6.747E-2	7.004E-3	-1.075E-2	1.283E-2	-5.346E-2	4.792E-2	7.179E-2
5.923	3.123E-2	-6.012E-2	6.775E-2	4.894E-3	-1.019E-2	1.130E-2	8.022E-2	-7.821E-2	0.112
5.939	3.126E-2	-6.022E-2	6.785E-2	7.964E-3	-1.081E-2	1.343E-2	0.352	-0.242	0.427
5.956	3.149E-2	-6.048E-2	6.819E-2	1.809E-2	-1.978E-2	2.680E-2	0.218	-0.154	0.267
5.973	3.187E-2	-6.088E-2	6.871E-2	1.648E-2	-1.725E-2	2.386E-2	-0.260	0.254	0.364
5.989	3.204E-2	-6.106E-2	6.895E-2	7.555E-3	-9.140E-3	1.186E-2	-0.165	5.913E-2	0.176
6.006	3.212E-2	-6.118E-2	6.910E-2	1.014E-2	-1.468E-2	1.785E-2	0.560	2.435E-2	0.560
6.023	3.238E-2	-6.155E-2	6.955E-2	2.670E-2	-1.204E-2	2.929E-2	0.121	0.304	0.327
6.039	3.301E-2	-6.158E-2	6.987E-2	1.915E-2	-8.774E-4	1.917E-2	-0.489	7.971E-2	0.495
6.056	3.302E-2	-6.158E-2	6.987E-2	3.179E-3	-9.068E-3	9.609E-3	-0.323	-0.640	0.716
6.073	3.312E-2	-6.189E-2	7.019E-2	1.099E-2	-2.430E-2	2.667E-2	9.307E-2	-0.116	0.149
6.089	3.339E-2	-6.239E-2	7.076E-2	8.541E-3	-1.534E-2	1.756E-2	7.529E-2	6.405E-2	9.885E-2
6.106	3.340E-2	-6.240E-2	7.077E-2	9.319E-3	-1.508E-2	1.773E-2	-7.653E-2	0.263	0.274
6.123	3.370E-2	-6.289E-2	7.135E-2	1.057E-2	-1.488E-2	1.825E-2	-0.211	0.210	0.298
6.139	3.375E-2	-6.289E-2	7.138E-2	-4.865E-4	-1.642E-3	1.713E-3	0.104	0.320	0.336
6.156	3.368E-2	-6.294E-2	7.139E-2	1.170E-2	-6.249E-3	1.327E-2	0.479	-0.439	0.650
6.173	3.414E-2	-6.310E-2	7.175E-2	2.149E-2	-1.605E-2	2.682E-2	0.399	-0.649	0.762
6.190	3.440E-2	-6.348E-2	7.220E-2	2.027E-2	-2.850E-2	3.497E-2	-0.481	-0.304	0.569
6.206	3.482E-2	-6.405E-2	7.291E-2	9.933E-3	-2.785E-2	2.957E-2	-0.485	0.230	0.537
6.223	3.473E-2	-6.441E-2	7.318E-2	-1.544E-3	-1.853E-2	1.860E-2	-0.179	0.289	0.340
6.240	3.477E-2	-6.467E-2	7.343E-2	6.635E-3	-1.800E-2	1.918E-2	0.139	0.285	0.317
6.256	3.495E-2	-6.501E-2	7.381E-2	4.678E-3	-1.136E-2	1.229E-2	-5.520E-2	4.830E-2	7.335E-2
6.273	3.493E-2	-6.505E-2	7.383E-2	1.872E-3	-1.213E-2	1.227E-2	-0.155	7.565E-2	0.173
6.290	3.501E-2	-6.541E-2	7.420E-2	1.899E-3	-1.400E-2	1.413E-2	-6.072E-2	-0.344	0.349
6.306	3.499E-2	-6.552E-2	7.428E-2	-1.635E-3	-1.827E-2	1.834E-2	3.681E-2	-2.638E-2	4.529E-2
6.323	3.496E-2	-6.602E-2	7.471E-2	2.942E-3	-2.081E-2	2.102E-2	0.219	1.401E-2	0.220
6.340	3.509E-2	-6.621E-2	7.493E-2	7.090E-3	-1.309E-2	1.488E-2	2.807E-2	9.042E-2	9.468E-2
6.356	3.520E-2	-6.646E-2	7.521E-2	3.515E-3	-1.908E-2	1.940E-2	0.483	7.151E-2	0.489
6.373	3.520E-2	-6.685E-2	7.555E-2	1.966E-2	-1.309E-2	2.362E-2	0.356	0.463	0.584
6.390	3.585E-2	-6.690E-2	7.590E-2	2.352E-2	-4.658E-4	2.353E-2	-0.233	0.450	0.507
6.406	3.599E-2	-6.686E-2	7.593E-2	5.176E-3	1.278E-3	5.331E-3	-0.522	-0.142	0.541
6.423	3.603E-2	-6.686E-2	7.594E-2	6.797E-3	-4.967E-3	8.418E-3	0.116	-0.140	0.182
6.440	3.622E-2	-6.703E-2	7.619E-2	1.085E-2	-5.588E-3	1.221E-2	-0.279	-0.207	0.347
6.456	3.639E-2	-6.704E-2	7.628E-2	-1.605E-3	-8.556E-3	8.705E-3	-0.142	-0.225	0.266
6.473	3.616E-2	-6.732E-2	7.641E-2	7.488E-4	-1.609E-2	1.611E-2	0.111	-0.316	0.335
6.490	3.641E-2	-6.758E-2	7.676E-2	8.777E-3	-1.760E-2	1.967E-2	0.483	0.234	0.536
6.506	3.645E-2	-6.790E-2	7.707E-2	1.171E-2	-1.020E-2	1.553E-2	0.120	0.324	0.345
6.523	3.680E-2	-6.792E-2	7.725E-2	1.686E-2	-3.513E-3	1.722E-2	0.204	2.199E-2	0.205
6.540	3.702E-2	-6.802E-2	7.744E-2	1.565E-2	-1.085E-2	1.904E-2	-0.391	-0.258	0.469
6.557	3.733E-2	-6.828E-2	7.782E-2	6.850E-3	-1.343E-2	1.508E-2	-0.207	-0.126	0.242
6.573	3.725E-2	-6.847E-2	7.794E-2	3.804E-3	-1.345E-2	1.398E-2	-0.159	8.089E-2	0.179
6.590	3.745E-2	-6.873E-2	7.827E-2	6.491E-3	-1.217E-2	1.379E-2	0.289	7.443E-2	0.299
6.607	3.746E-2	-6.887E-2	7.840E-2	9.309E-3	-9.539E-3	1.333E-2	-7.380E-2	-6.367E-2	9.747E-2
6.623	3.776E-2	-6.905E-2	7.870E-2	8.689E-3	-1.445E-2	1.686E-2	-0.235	7.493E-2	0.246
6.640	3.775E-2	-6.936E-2	7.897E-2	-2.203E-3	-9.382E-3	9.637E-3	-0.136	0.340	0.366
6.657	3.769E-2	-6.936E-2	7.894E-2	3.926E-3	2.713E-5	3.926E-3	0.141	0.142	0.200
6.673	3.788E-2	-6.936E-2	7.903E-2	5.765E-3	-5.092E-3	7.692E-3	0.188	-0.289	0.345
6.690	3.788E-2	-6.953E-2	7.918E-2	6.490E-3	-1.112E-2	1.287E-2	0.385	-0.236	0.451
6.707	3.810E-2	-6.973E-2	7.946E-2	2.028E-2	-1.229E-2	2.372E-2	0.253	-0.136	0.287
6.723	3.856E-2	-6.994E-2	7.987E-2	1.747E-2	-1.536E-2	2.326E-2	-0.169	-0.156	0.230
6.740	3.868E-2	-7.024E-2	8.019E-2	1.033E-2	-1.811E-2	2.085E-2	-0.267	8.079E-2	0.279
6.757	3.890E-2	-7.055E-2	8.056E-2	1.113E-2	-1.311E-2	1.720E-2	0.196	0.168	0.258
6.773	3.905E-2	-7.068E-2	8.075E-2	1.501E-2	-1.058E-2	1.836E-2	0.153	-5.377E-2	0.162
6.790	3.940E-2	-7.090E-2	8.111E-2	1.856E-2	-1.602E-2	2.452E-2	6.742E-2	-0.401	0.406
6.807	3.967E-2	-7.121E-2	8.152E-2	1.577E-2	-2.366E-2	2.843E-2	-0.349	0.104	0.364
6.823	3.993E-2	-7.169E-2	8.206E-2	8.166E-3	-1.543E-2	1.746E-2	-0.217	0.343	0.406
6.840	3.995E-2	-7.173E-2	8.210E-2	5.809E-3	-7.098E-3	9.173E-3	0.129	0.105	0.167
6.857	4.012E-2	-7.192E-2	8.236E-2	1.437E-2	-1.474E-2	2.058E-2	6.965E-2	-0.466	0.471
6.874	4.043E-2	-7.222E-2	8.276E-2	9.690E-3	-2.214E-2	2.417E-2	-0.188	-0.160	0.246
6.890	4.045E-2	-7.266E-2	8.316E-2	4.708E-3	-2.166E-2	2.216E-2	-0.344	0.198	0.397
6.907	4.058E-2	-7.294E-2	8.347E-2	1.340E-3	-1.385E-2	1.392E-2	-0.189	0.305	0.359
6.924	4.049E-2	-7.313E-2	8.359E-2	-4.182E-3	-1.136E-2	1.210E-2	3.376E-2	0.245	0.248
6.940	4.044E-2	-7.332E-2	8.373E-2	2.945E-3	-6.834E-3	7.442E-3	0.873	0.147	0.886
6.957	4.059E-2	-7.335E-2	8.384E-2	2.426E-2	-4.654E-3	2.470E-2	0.543	8.474E-2	0.549
6.974	4.125E-2	-7.348E-2	8.426E-2	2.650E-2	-5.681E-3	2.710E-2	-0.177	-0.157	0.237
6.990	4.147E-2	-7.354E-2	8.443E-2	1.249E-2	-8.445E-3	1.508E-2	-0.494	-0.367	0.615
7.007	4.167E-2	-7.376E-2	8.471E-2	1.168E-2	-1.860E-2	2.196E-2	-7.484E-2	-0.273	0.283
7.024	4.186E-2	-7.416E-2	8.516E-2	1.031E-2	-1.930E-2	2.188E-2	-0.217	9.035E-2	0.235
7.040	4.201E-2	-7.440E-2	8.544E-2	4.654E-3	-1.342E-2	1.421E-2	-0.237	0.299	0.381
7.057	4.202E-2	-7.461E-2	8.563E-2	1.255E-3	-1.018E-2	1.026E-2	0.502	0.258	0.564
7.074	4.206E-2	-7.474E-2	8.576E-2	1.975E-2	-4.682E-3	2.029E-2	0.624	-4.373E-2	0.626
7.090	4.268E-2	-7.477E-2	8.609E-2	2.828E-2	-9.929E-3	2.998E-2	-0.290	-7.116E-2	0.299
7.107	4.300E-2	-7.507E-2	8.651E-2	6.736E-3	-1.091E-2	1.282E-2	-0.779	-0.202	0.805
7.124	4.290E-2	-7.513E-2	8.652E-2	-6.949E-4	-1.215E-2	1.217E-2	0.142	-6.034E-2	0.154
7.140	4.298E-2	-7.548E-2	8.685E-2	1.340E-2	-1.695E-2	2.161E-2	0.315	7.943E-2	0.325
7.157	4.335E-2	-7.570E-2	8.723E-2	1.303E-2	-7.953E-3	1.526E-2	0.130	0.144	0.194
7.174	4.341E-2	-7.574E-2	8.730E-2	1.249E-2	-1.013E-2	1.609E-2	0.159	7.539E-2	0.176
7.191	4.377E-2	-7.604E-2	8.773E-2	2.213E-2	-9.461E-3	2.406E-2	0.181	-0.186	0.260
7.207	4.415E-2	-7.606E-2	8.794E-2	1.816E-2	-1.153E-2	2.152E-2	-0.379	-0.179	0.419
7.224	4.437E-2	-7.642E-2	8.837E-2	8.717E-3	-1.978E-2	2.162E-2	-0.433	-0.221	0.486
7.241	4.444E-2	-7.672E-2	8.866E-2	3.164E-3	-1.703E-2	1.733E-2	-0.258	0.755	0.798
7.257	4.448E-2	-7.699E-2	8.891E-2	7.878E-4	2.676E-3	2.790E-3	-7.163E-2	3.398	3.399
7.274	4.447E-2	-7.663E-2	8.860E-2	2.896E-4	9.160E-2	9.161E-2	0.253	5.057	5.063
7.291	4.449E-2	-7.393E-2	8.629E-2	8.701E-3	0.185	0.186	0.641	4.323	4.370
7.307	4.476E-2	-7.044E-2	8.346E-2	2.269E-2	0.230	0.231	0.109	2.282	2.284
7.324	4.525E-2	-6.627E-2	8.024E-2	1.521E-2	0.262	0.263	-0.622	1.925	2.023
7.341	4.526E-2	-6.169E-2	7.652E-2	-2.543E-3	0.292	0.292	-0.385	2.087	2.122
7.357	4.516E-2	-5.653E-2	7.235E-2	2.170E-3	0.332	0.332	0.355	1.749	1.784
7.374	4.534E-2	-5.062E-2	6.795E-2	1.199E-2	0.354	0.354	-2.811E-2	1.168	1.168
7.391	4.556E-2	-4.471E-2	6.384E-2	2.089E-3	0.366	0.366	-0.264	0.521	0.584
7.407	4.541E-2	-3.841E-2	5.947E-2	-1.414E-3	0.375	0.375	-6.699E-2	0.923	0.926
7.424	4.551E-2	-3.219E-2	5.574E-2	4.075E-3	0.392	0.392	-3.596E-2	0.665	0.666
7.441	4.554E-2	-2.534E-2	5.212E-2	-3.660E-3	0.404	0.404	0.335	0.321	0.464
7.457	4.539E-2	-1.870E-2	4.909E-2	1.120E-2	0.398	0.398	0.843	-0.359	0.916
7.474	4.592E-2	-1.206E-2	4.747E-2	3.105E-2	0.394	0.395	0.742	-0.253	0.784
7.491	4.643E-2	-5.565E-3	4.676E-2	3.268E-2	0.388	0.390	0.603	1.129	1.280
7.508	4.701E-2	8.987E-4	4.701E-2	4.965E-2	0.426	0.429	-2.460E-2	0.535	0.535
7.524	4.808E-2	8.651E-3	4.886E-2	3.946E-2	0.423	0.425	-5.193E-2	-0.286	0.291
7.541	4.832E-2	1.503E-2	5.060E-2	3.554E-2	0.397	0.399	-0.482	-0.899	1.020
7.558	4.927E-2	2.190E-2	5.392E-2	3.604E-2	0.405	0.406	-0.726	-0.300	0.785
7.574	4.952E-2	2.853E-2	5.715E-2	3.971E-3	0.385	0.385	-0.820	-1.266	1.509
7.591	4.940E-2	3.473E-2	6.039E-2	6.440E-3	0.361	0.361	3.817E-2	-0.716	0.717
7.608	4.974E-2	4.058E-2	6.420E-2	1.197E-2	0.358	0.359	0.431	-0.284	0.517
7.624	4.980E-2	4.669E-2	6.827E-2	1.491E-2	0.357	0.357	0.266	-0.224	0.348
7.641	5.024E-2	5.249E-2	7.266E-2	2.533E-2	0.347	0.348	0.217	-0.571	0.611
7.658	5.065E-2	5.828E-2	7.721E-2	2.088E-2	0.340	0.341	-0.539	-0.927	1.073
7.674	5.093E-2	6.384E-2	8.167E-2	7.743E-3	0.317	0.317	-0.591	-0.601	0.843
7.691	5.091E-2	6.885E-2	8.562E-2	-1.097E-3	0.314	0.314	-0.276	-0.328	0.428
7.708	5.090E-2	7.432E-2	9.008E-2	-3.103E-6	0.314	0.314	-3.459E-3	-0.397	0.397
7.724	5.091E-2	7.933E-2	9.426E-2	-9.586E-4	0.296	0.296	8.347E-2	-0.944	0.947
7.741	5.087E-2	8.419E-2	9.836E-2	1.716E-3	0.284	0.284	8.694E-2	-0.163	0.185
7.758	5.096E-2	8.882E-2	0.102	3.635E-3	0.287	0.288	-7.217E-2	-4.804E-2	8.670E-2
7.774	5.099E-2	9.378E-2	0.107	-1.487E-3	0.288	0.288	-0.326	-0.599	0.682
7.791	5.091E-2	9.843E-2	0.111	-7.347E-3	0.265	0.265	6.270E-2	-0.832	0.834
7.808	5.074E-2	0.103	0.114	-1.121E-3	0.257	0.257	0.281	-0.373	0.467
7.824	5.088E-2	0.107	0.118	5.445E-3	0.257	0.257	-6.121E-2	-0.119	0.133
7.841	5.092E-2	0.111	0.122	-4.203E-3	0.251	0.251	-0.377	9.308E-2	0.388
7.858	5.074E-2	0.115	0.126	-9.089E-3	0.259	0.259	-0.213	-0.119	0.244
7.875	5.062E-2	0.120	0.130	-9.322E-3	0.252	0.252	0.180	-0.694	0.717
7.891	5.042E-2	0.124	0.134	-5.048E-3	0.231	0.231	0.190	-0.794	0.817
7.908	5.045E-2	0.128	0.137	-4.274E-4	0.226	0.226	-0.374	-0.279	0.467
7.925	5.041E-2	0.131	0.141	-1.699E-2	0.223	0.224	-0.515	-0.341	0.618
7.941	4.988E-2	0.135	0.144	-2.273E-2	0.214	0.216	-0.352	-0.539	0.644
7.958	4.965E-2	0.138	0.147	-2.289E-2	0.205	0.206	0.538	-0.456	0.705
7.975	4.912E-2	0.142	0.150	-1.149E-2	0.199	0.199	-0.262	-0.340	0.429
7.991	4.927E-2	0.145	0.153	-2.039E-2	0.194	0.195	0.177	-0.504	0.534
8.008	4.844E-2	0.148	0.156	-2.094E-2	0.182	0.184	6.136E-2	4.708E-2	7.734E-2
8.025	4.857E-2	0.151	0.159	-4.261E-3	0.191	0.191	0.487	-0.248	0.546
8.041	4.830E-2	0.155	0.162	-1.271E-2	0.184	0.184	-0.673	-0.475	0.824
8.058	4.815E-2	0.157	0.165	-2.214E-2	0.165	0.166	-6.667E-2	0.174	0.187
8.075	4.756E-2	0.160	0.167	-2.114E-2	0.192	0.193	0.376	0.879	0.956
8.091	4.744E-2	0.164	0.170	-4.181E-3	0.201	0.201	0.573	-0.353	0.673
8.108	4.742E-2	0.167	0.174	-2.903E-3	0.176	0.176	-0.216	-1.336	1.354
8.125	4.734E-2	0.170	0.176	-1.136E-2	0.155	0.156	-0.575	-0.474	0.745
8.141	4.704E-2	0.172	0.178	-2.306E-2	0.158	0.160	-0.355	0.434	0.561
8.158	4.657E-2	0.175	0.181	-2.422E-2	0.173	0.175	0.269	-0.311	0.411
8.175	4.623E-2	0.178	0.184	-1.329E-2	0.152	0.152	0.645	-0.544	0.844
8.192	4.613E-2	0.180	0.186	-1.835E-3	0.144	0.144	0.386	3.084E-2	0.387
8.208	4.617E-2	0.183	0.188	1.576E-4	0.162	0.162	8.632E-2	0.381	0.390
8.225	4.614E-2	0.185	0.191	-4.899E-4	0.155	0.155	-0.676	-0.476	0.827
8.242	4.616E-2	0.188	0.193	-1.873E-2	0.145	0.146	-0.321	-0.617	0.695
8.258	4.551E-2	0.190	0.196	-1.983E-2	0.135	0.136	1.259E-2	-0.451	0.452
8.275	4.549E-2	0.192	0.198	-8.943E-3	0.129	0.129	-0.104	0.243	0.264
8.292	4.521E-2	0.194	0.200	-2.685E-2	0.142	0.144	-0.479	0.304	0.567
8.308	4.460E-2	0.197	0.202	-2.790E-2	0.144	0.147	0.155	-0.500	0.523
8.325	4.428E-2	0.199	0.204	-1.786E-2	0.122	0.123	0.134	-0.507	0.525
8.342	4.400E-2	0.201	0.206	-2.344E-2	0.124	0.126	0.197	-0.107	0.225
8.358	4.350E-2	0.203	0.208	-1.545E-2	0.125	0.126	0.677	-0.306	0.743
8.375	4.349E-2	0.205	0.210	3.673E-3	0.109	0.109	0.182	-5.784E-3	0.182
8.392	4.362E-2	0.207	0.212	-7.927E-3	0.123	0.123	-0.693	0.523	0.868
8.408	4.322E-2	0.209	0.214	-2.457E-2	0.133	0.136	-0.231	-0.196	0.303
8.425	4.280E-2	0.212	0.216	-1.499E-2	0.113	0.114	0.346	-0.359	0.499
8.442	4.272E-2	0.213	0.217	-9.360E-3	0.117	0.117	-0.405	-2.390E-2	0.405
8.458	4.249E-2	0.215	0.220	-2.908E-2	0.120	0.124	-0.744	0.170	0.763
8.475	4.175E-2	0.217	0.221	-3.865E-2	0.116	0.122	0.285	-0.643	0.703
8.492	4.120E-2	0.219	0.223	-1.796E-2	0.105	0.107	0.812	-0.486	0.946
8.508	4.115E-2	0.221	0.225	-7.385E-3	9.263E-2	9.292E-2	0.312	0.131	0.338
8.525	4.095E-2	0.222	0.226	-1.112E-2	0.112	0.112	-0.260	4.736E-2	0.264
8.542	4.078E-2	0.224	0.228	-1.458E-2	0.101	0.102	-0.226	0.170	0.283
8.559	4.047E-2	0.226	0.229	-1.984E-2	0.104	0.106	-6.011E-2	-2.297E-2	6.435E-2
8.575	4.012E-2	0.228	0.231	-1.684E-2	0.114	0.116	0.225	-3.305E-2	0.228
8.592	3.990E-2	0.230	0.233	-1.126E-2	9.439E-2	9.505E-2	-0.120	-0.730	0.739
8.609	3.974E-2	0.231	0.234	-1.955E-2	9.201E-2	9.406E-2	-0.394	-0.331	0.515
8.625	3.925E-2	0.233	0.236	-2.769E-2	8.459E-2	8.900E-2	-0.118	0.291	0.314
8.642	3.882E-2	0.234	0.237	-2.214E-2	9.691E-2	9.941E-2	0.310	0.107	0.328
8.659	3.851E-2	0.236	0.239	-1.673E-2	9.745E-2	9.888E-2	9.362E-2	-0.532	0.540
8.675	3.826E-2	0.237	0.240	-1.861E-2	7.191E-2	7.428E-2	-0.214	-0.562	0.601
8.692	3.789E-2	0.238	0.241	-2.471E-2	7.774E-2	8.158E-2	-2.903E-2	0.416	0.417
8.709	3.744E-2	0.240	0.243	-2.077E-2	9.027E-2	9.263E-2	8.899E-2	0.601	0.608
8.725	3.720E-2	0.241	0.244	-1.883E-2	9.535E-2	9.719E-2	0.141	-0.233	0.272
8.742	3.681E-2	0.243	0.246	-1.898E-2	8.595E-2	8.802E-2	6.361E-2	-2.405E-2	6.800E-2
8.759	3.657E-2	0.244	0.247	-1.474E-2	8.746E-2	8.869E-2	8.821E-2	-7.943E-2	0.119
8.775	3.632E-2	0.246	0.249	-1.652E-2	9.158E-2	9.305E-2	-0.367	-3.849E-2	0.369
8.792	3.602E-2	0.247	0.250	-2.623E-2	8.045E-2	8.462E-2	0.115	-0.605	0.615
8.809	3.544E-2	0.249	0.251	-1.724E-2	7.424E-2	7.622E-2	0.445	1.008E-2	0.445
8.825	3.544E-2	0.250	0.252	-4.671E-3	7.732E-2	7.746E-2	-0.211	-0.120	0.243
8.842	3.529E-2	0.251	0.254	-2.569E-2	7.571E-2	7.995E-2	-0.460	0.234	0.516
8.859	3.458E-2	0.252	0.255	-2.633E-2	7.839E-2	8.269E-2	0.241	-0.174	0.297
8.876	3.441E-2	0.254	0.256	-1.075E-2	7.774E-2	7.848E-2	0.462	-3.092E-2	0.463
8.892	3.422E-2	0.255	0.257	-1.296E-2	7.006E-2	7.124E-2	-0.212	-4.594E-2	0.216
8.909	3.397E-2	0.256	0.258	-1.791E-2	7.999E-2	8.197E-2	-0.333	0.407	0.526
8.926	3.363E-2	0.257	0.260	-2.417E-2	8.333E-2	8.676E-2	-0.355	-0.629	0.723
8.942	3.317E-2	0.259	0.261	-2.992E-2	6.191E-2	6.876E-2	-0.411	-0.860	0.953
8.959	3.263E-2	0.260	0.262	-3.742E-2	4.723E-2	6.025E-2	0.422	-0.104	0.435
8.976	3.192E-2	0.260	0.262	-2.010E-2	6.252E-2	6.567E-2	0.475	0.445	0.650
8.992	3.196E-2	0.262	0.264	-1.238E-2	6.419E-2	6.537E-2	0.459	0.401	0.609
9.009	3.151E-2	0.263	0.264	-1.402E-2	7.109E-2	7.246E-2	-0.560	-4.976E-2	0.562
9.026	3.149E-2	0.264	0.266	-2.224E-2	6.933E-2	7.281E-2	0.172	-0.418	0.452
9.042	3.076E-2	0.265	0.267	-1.961E-2	5.142E-2	5.503E-2	-0.618	-0.853	1.053
9.059	3.083E-2	0.266	0.267	-2.837E-2	4.295E-2	5.147E-2	0.304	-8.013E-2	0.314
9.076	2.982E-2	0.266	0.268	-2.703E-2	4.633E-2	5.364E-2	-2.551E-2	0.330	0.331
9.092	2.993E-2	0.267	0.269	-1.215E-2	5.702E-2	5.830E-2	0.381	-7.939E-2	0.389
9.109	2.941E-2	0.268	0.270	-2.544E-2	4.492E-2	5.162E-2	-0.452	1.502E-2	0.452
9.126	2.908E-2	0.269	0.270	-2.247E-2	5.050E-2	5.527E-2	-0.180	0.204	0.272
9.142	2.866E-2	0.270	0.271	-3.209E-2	6.061E-2	6.858E-2	6.032E-3	-0.210	0.210
9.159	2.801E-2	0.271	0.272	-2.571E-2	3.968E-2	4.728E-2	-0.208	-0.770	0.797
9.176	2.781E-2	0.271	0.273	-3.155E-2	3.237E-2	4.520E-2	0.279	-7.574E-2	0.289
9.193	2.696E-2	0.272	0.273	-2.708E-2	3.958E-2	4.796E-2	0.448	0.190	0.487
9.209	2.690E-2	0.273	0.274	-6.709E-3	3.941E-2	3.997E-2	0.216	-0.457	0.506
9.226	2.674E-2	0.273	0.274	-2.234E-2	2.465E-2	3.327E-2	-0.679	-0.428	0.803
9.243	2.616E-2	0.273	0.275	-3.276E-2	2.111E-2	3.897E-2	0.106	0.274	0.294
9.259	2.564E-2	0.274	0.275	-1.821E-2	3.667E-2	4.095E-2	0.707	0.440	0.832
9.276	2.555E-2	0.275	0.276	-5.883E-3	3.772E-2	3.817E-2	0.351	0.367	0.508
9.293	2.545E-2	0.275	0.276	-8.042E-3	4.415E-2	4.488E-2	-0.733	-0.414	0.842
9.309	2.528E-2	0.276	0.277	-2.828E-2	3.208E-2	4.276E-2	-0.213	-0.653	0.687
9.326	2.450E-2	0.276	0.277	-2.339E-2	1.260E-2	2.657E-2	-6.470E-2	-0.173	0.185
9.343	2.450E-2	0.277	0.278	-1.860E-2	2.978E-2	3.511E-2	0.172	0.466	0.497
9.359	2.388E-2	0.277	0.278	-2.755E-2	3.204E-2	4.226E-2	-0.485	-0.503	0.699
9.376	2.358E-2	0.278	0.279	-2.806E-2	1.038E-2	2.991E-2	0.479	-0.389	0.617
9.393	2.295E-2	0.278	0.278	-1.853E-2	1.455E-2	2.355E-2	0.204	0.194	0.281
9.409	2.296E-2	0.278	0.279	-1.238E-2	2.425E-2	2.722E-2	0.116	-9.314E-2	0.149
9.426	2.253E-2	0.278	0.279	-2.178E-2	8.461E-3	2.336E-2	-0.635	-0.110	0.644
9.443	2.224E-2	0.278	0.279	-2.897E-2	1.650E-2	3.334E-2	-0.492	9.170E-4	0.492
9.459	2.157E-2	0.279	0.280	-4.168E-2	1.703E-2	4.503E-2	2.654E-2	-1.116E-2	2.879E-2
9.476	2.084E-2	0.279	0.280	-2.901E-2	7.894E-3	3.007E-2	0.931	7.467E-2	0.934
9.493	2.060E-2	0.279	0.280	-7.362E-3	2.292E-2	2.407E-2	0.535	0.312	0.619
9.509	2.060E-2	0.280	0.280	-9.719E-3	2.080E-2	2.296E-2	-0.597	-0.347	0.690
9.526	2.027E-2	0.280	0.281	-2.963E-2	7.928E-3	3.067E-2	-0.451	-0.599	0.750
9.543	1.961E-2	0.280	0.281	-2.799E-2	1.745E-3	2.804E-2	-2.598E-2	-0.206	0.208
9.560	1.934E-2	0.280	0.281	-2.447E-2	3.883E-4	2.447E-2	0.550	0.259	0.608
9.576	1.879E-2	0.280	0.281	-1.608E-2	1.014E-2	1.901E-2	0.310	3.766E-2	0.313
9.593	1.880E-2	0.280	0.281	-7.048E-3	5.517E-3	8.950E-3	0.250	-0.192	0.316
9.610	1.856E-2	0.280	0.281	-1.262E-2	-1.818E-3	1.275E-2	-0.658	-7.622E-2	0.663
9.626	1.838E-2	0.280	0.281	-2.522E-2	5.964E-3	2.591E-2	-0.333	0.211	0.394
9.643	1.772E-2	0.280	0.281	-2.969E-2	5.547E-3	3.020E-2	0.278	-3.768E-2	0.281
9.660	1.739E-2	0.280	0.281	-1.197E-2	3.436E-3	1.246E-2	0.238	0.235	0.335
9.676	1.732E-2	0.280	0.281	-1.899E-2	1.278E-2	2.289E-2	-0.606	0.209	0.641
9.693	1.676E-2	0.281	0.281	-3.692E-2	1.383E-2	3.942E-2	-0.396	-0.200	0.444
9.710	1.609E-2	0.281	0.281	-3.228E-2	3.158E-3	3.243E-2	0.210	-0.356	0.414
9.726	1.568E-2	0.281	0.281	-2.674E-2	1.873E-3	2.681E-2	0.317	0.115	0.337
9.743	1.519E-2	0.281	0.281	-2.429E-2	7.448E-3	2.541E-2	0.301	9.259E-2	0.314
9.760	1.487E-2	0.281	0.282	-1.548E-2	6.442E-3	1.677E-2	9.598E-2	-0.316	0.330
9.776	1.468E-2	0.281	0.282	-1.957E-2	-4.148E-3	2.001E-2	-0.400	-0.265	0.480
9.793	1.422E-2	0.281	0.281	-3.111E-2	-4.231E-3	3.140E-2	-4.674E-2	7.900E-2	9.179E-2
9.810	1.364E-2	0.281	0.281	-2.274E-2	1.043E-3	2.277E-2	1.538E-2	0.142	0.143
9.826	1.346E-2	0.281	0.281	-2.467E-2	-3.186E-4	2.468E-2	-6.486E-2	-0.258	0.266
9.843	1.282E-2	0.281	0.281	-3.159E-2	-6.916E-3	3.234E-2	6.281E-3	2.285E-2	2.370E-2
9.860	1.241E-2	0.281	0.281	-2.099E-2	-2.517E-3	2.114E-2	0.473	0.264	0.541
9.877	1.212E-2	0.281	0.281	-1.598E-2	5.848E-3	1.702E-2	-8.718E-2	3.585E-2	9.426E-2
9.893	1.187E-2	0.281	0.281	-2.284E-2	-2.352E-3	2.296E-2	-0.365	-0.363	0.515
9.910	1.135E-2	0.281	0.281	-3.077E-2	-7.982E-3	3.179E-2	0.150	5.120E-2	0.158
9.927	1.085E-2	0.281	0.281	-1.830E-2	-4.547E-4	1.830E-2	0.414	0.331	0.530
9.943	1.074E-2	0.281	0.281	-1.261E-2	5.054E-3	1.358E-2	0.210	-0.217	0.302
9.960	1.042E-2	0.281	0.281	-1.539E-2	-7.385E-3	1.707E-2	-0.481	-0.449	0.658
9.977	1.023E-2	0.281	0.281	-2.482E-2	-1.367E-2	2.834E-2	-1.014	-0.413	1.094
9.993	9.597E-3	0.280	0.281	-5.153E-2	-1.696E-2	5.425E-2	-0.446	-2.714E-3	0.446
10.010	8.510E-3	0.280	0.280	-4.464E-2	-1.787E-2	4.808E-2	0.673	0.164	0.693
10.027	8.107E-3	0.280	0.280	-2.162E-2	-8.495E-3	2.323E-2	0.314	6.912E-2	0.321
10.043	7.788E-3	0.280	0.280	-3.422E-2	-1.483E-2	3.729E-2	-8.438E-2	-0.117	0.145
10.060	6.965E-3	0.279	0.279	-3.164E-2	-1.611E-2	3.550E-2	-0.637	-0.228	0.676
10.077	6.733E-3	0.279	0.279	-4.396E-2	-1.794E-2	4.748E-2	0.344	-0.220	0.408
10.093	5.499E-3	0.279	0.279	-3.660E-2	-2.700E-2	4.548E-2	0.106	-0.348	0.364
10.110	5.511E-3	0.278	0.278	-2.219E-2	-2.817E-2	3.586E-2	0.201	0.354	0.406
10.127	4.758E-3	0.278	0.278	-4.223E-2	-1.720E-2	4.559E-2	-0.868	0.116	0.875
10.143	4.102E-3	0.278	0.278	-4.606E-2	-1.877E-2	4.973E-2	8.021E-2	0.209	0.224
10.160	3.221E-3	0.277	0.277	-4.327E-2	-1.788E-2	4.682E-2	0.384	-0.300	0.488
10.177	2.659E-3	0.277	0.277	-3.006E-2	-2.030E-2	3.627E-2	0.484	0.157	0.509
10.194	2.218E-3	0.277	0.277	-2.731E-2	-2.176E-2	3.491E-2	-0.983	-0.537	1.120
10.210	1.748E-3	0.276	0.276	-5.921E-2	-2.826E-2	6.561E-2	-0.494	-0.330	0.594
10.227	2.423E-4	0.276	0.276	-5.724E-2	-4.235E-2	7.121E-2	0.880	-0.436	0.982
10.244	-1.624E-4	0.275	0.275	-1.702E-2	-3.707E-2	4.079E-2	1.233	0.616	1.378
10.260	-3.256E-4	0.274	0.274	-1.763E-2	-2.564E-2	3.111E-2	-1.170	-0.100	1.174
10.277	-7.507E-4	0.274	0.274	-5.511E-2	-3.299E-2	6.423E-2	-0.880	-0.221	0.907
10.294	-2.164E-3	0.273	0.273	-5.813E-2	-4.277E-2	7.217E-2	-3.144E-3	-0.774	0.774
10.310	-2.690E-3	0.273	0.273	-4.189E-2	-4.981E-2	6.509E-2	0.632	0.233	0.674
10.327	-3.562E-3	0.272	0.272	-4.486E-2	-4.528E-2	6.374E-2	5.865E-2	0.297	0.303
10.344	-4.187E-3	0.271	0.271	-3.647E-2	-2.956E-2	4.695E-2	-0.526	-0.146	0.546
10.360	-4.779E-3	0.271	0.271	-5.975E-2	-5.326E-2	8.004E-2	5.042E-2	-0.336	0.340
10.377	-6.181E-3	0.269	0.270	-4.713E-2	-4.751E-2	6.692E-2	-8.378E-2	-0.192	0.210
10.394	-6.352E-3	0.269	0.269	-4.376E-2	-4.786E-2	6.485E-2	-0.262	-0.367	0.451
10.410	-7.641E-3	0.268	0.268	-7.152E-2	-6.942E-2	9.967E-2	-0.167	-0.648	0.669
10.427	-8.738E-3	0.267	0.267	-4.578E-2	-6.635E-2	8.061E-2	0.668	-0.288	0.727
10.444	-9.168E-3	0.266	0.266	-4.203E-2	-7.669E-2	8.746E-2	0.491	0.511	0.709
10.460	-1.014E-2	0.264	0.264	-3.956E-2	-5.774E-2	6.999E-2	-0.261	0.705	0.751
10.477	-1.049E-2	0.264	0.264	-4.029E-2	-4.035E-2	5.702E-2	-0.455	-0.152	0.480
10.494	-1.149E-2	0.263	0.263	-6.257E-2	-6.926E-2	9.334E-2	-0.359	-0.589	0.690
10.511	-1.258E-2	0.261	0.262	-5.218E-2	-6.494E-2	8.330E-2	0.386	0.162	0.419
10.527	-1.323E-2	0.261	0.261	-4.468E-2	-5.498E-2	7.084E-2	0.364	0.375	0.523
10.544	-1.407E-2	0.260	0.260	-4.441E-2	-5.854E-2	7.348E-2	0.179	0.268	0.322
10.561	-1.471E-2	0.259	0.259	-3.647E-2	-4.438E-2	5.744E-2	-0.488	-0.178	0.519
10.577	-1.528E-2	0.258	0.259	-5.767E-2	-5.943E-2	8.281E-2	-0.448	-0.348	0.568
10.594	-1.663E-2	0.257	0.257	-6.113E-2	-6.638E-2	9.024E-2	0.570	0.535	0.782
10.611	-1.732E-2	0.256	0.256	-3.117E-2	-3.545E-2	4.721E-2	0.365	0.352	0.507
10.627	-1.767E-2	0.256	0.256	-4.535E-2	-4.898E-2	6.675E-2	-0.737	-0.298	0.795
10.644	-1.884E-2	0.254	0.255	-6.490E-2	-5.801E-2	8.705E-2	-0.246	-0.572	0.623
10.661	-1.984E-2	0.254	0.254	-5.011E-2	-5.634E-2	7.540E-2	0.313	8.864E-2	0.325
10.677	-2.051E-2	0.252	0.253	-5.080E-2	-6.394E-2	8.167E-2	0.157	-0.279	0.320
10.694	-2.153E-2	0.251	0.252	-5.084E-2	-5.975E-2	7.845E-2	5.526E-2	0.320	0.325
10.711	-2.220E-2	0.250	0.251	-4.390E-2	-5.721E-2	7.211E-2	-8.769E-3	-0.413	0.413
10.727	-2.300E-2	0.250	0.251	-5.291E-2	-6.793E-2	8.611E-2	5.070E-2	-0.407	0.410
10.744	-2.397E-2	0.248	0.249	-4.510E-2	-7.835E-2	9.041E-2	6.054E-2	0.544	0.547
10.761	-2.450E-2	0.247	0.248	-4.455E-2	-4.801E-2	6.549E-2	-0.133	0.349	0.373
10.777	-2.546E-2	0.246	0.248	-5.530E-2	-5.704E-2	7.944E-2	-0.200	-0.641	0.672
10.794	-2.635E-2	0.245	0.246	-4.944E-2	-8.238E-2	9.607E-2	0.606	-0.303	0.678
10.811	-2.711E-2	0.244	0.245	-3.562E-2	-6.291E-2	7.229E-2	-0.612	0.253	0.662
10.827	-2.754E-2	0.243	0.244	-6.238E-2	-6.824E-2	9.245E-2	-5.001E-2	0.228	0.233
10.844	-2.919E-2	0.241	0.243	-5.538E-2	-6.567E-2	8.591E-2	-2.582E-2	-2.686E-2	3.726E-2
10.861	-2.938E-2	0.241	0.243	-4.133E-2	-5.832E-2	7.148E-2	0.164	2.132E-2	0.165
10.878	-3.057E-2	0.240	0.241	-6.537E-2	-7.208E-2	9.731E-2	-0.376	0.243	0.448
10.894	-3.156E-2	0.238	0.240	-4.957E-2	-5.108E-2	7.117E-2	0.566	9.387E-2	0.573
10.911	-3.222E-2	0.238	0.240	-4.371E-2	-5.899E-2	7.342E-2	-1.002E-2	-0.581	0.581
10.928	-3.302E-2	0.236	0.239	-5.208E-2	-8.234E-2	9.742E-2	-0.258	-0.720	0.765
10.944	-3.396E-2	0.235	0.238	-5.320E-2	-7.738E-2	9.391E-2	2.955E-2	0.226	0.228
10.961	-3.480E-2	0.234	0.236	-4.981E-2	-7.590E-2	9.078E-2	-9.858E-3	0.192	0.193
10.978	-3.562E-2	0.233	0.235	-5.320E-2	-7.087E-2	8.861E-2	-0.130	0.243	0.275
10.994	-3.657E-2	0.231	0.234	-5.560E-2	-6.720E-2	8.721E-2	2.722E-2	-2.256E-2	3.535E-2
11.011	-3.747E-2	0.230	0.233	-5.162E-2	-7.130E-2	8.802E-2	0.148	-0.203	0.251
11.028	-3.830E-2	0.229	0.232	-5.008E-2	-7.539E-2	9.051E-2	0.173	-0.549	0.576
11.044	-3.915E-2	0.228	0.231	-4.699E-2	-8.712E-2	9.898E-2	0.109	-0.153	0.188
11.061	-3.986E-2	0.226	0.230	-4.490E-2	-8.596E-2	9.698E-2	0.104	0.295	0.313
11.078	-4.064E-2	0.225	0.229	-4.490E-2	-7.184E-2	8.471E-2	0.328	0.385	0.506
11.094	-4.136E-2	0.224	0.228	-3.439E-2	-7.433E-2	8.190E-2	-0.195	-0.499	0.536
11.111	-4.179E-2	0.222	0.226	-4.627E-2	-8.804E-2	9.946E-2	-0.219	-0.299	0.370
11.128	-4.291E-2	0.221	0.225	-5.104E-2	-8.827E-2	0.102	0.225	0.147	0.269
11.144	-4.349E-2	0.219	0.224	-3.185E-2	-7.864E-2	8.484E-2	0.146	0.270	0.307
11.161	-4.397E-2	0.218	0.223	-4.505E-2	-8.067E-2	9.240E-2	-0.414	-0.877	0.970
11.178	-4.500E-2	0.217	0.221	-5.226E-2	-0.105	0.117	-0.410	-0.214	0.462
11.195	-4.571E-2	0.215	0.219	-5.228E-2	-9.835E-2	0.111	0.240	-5.261E-3	0.240
11.211	-4.674E-2	0.214	0.219	-5.000E-2	-9.039E-2	0.103	-9.604E-2	0.634	0.642
11.228	-4.738E-2	0.212	0.217	-4.920E-2	-9.059E-2	0.103	0.533	-7.071E-2	0.537
11.245	-4.838E-2	0.210	0.216	-3.993E-2	-8.179E-2	9.102E-2	-0.125	0.254	0.283
11.261	-4.871E-2	0.209	0.215	-4.274E-2	-8.944E-2	9.913E-2	6.423E-2	-0.766	0.768
11.278	-4.981E-2	0.207	0.213	-4.958E-2	-0.102	0.113	-0.116	-1.799E-2	0.117
11.295	-5.037E-2	0.206	0.212	-3.802E-2	-9.854E-2	0.106	0.162	0.474	0.501
11.311	-5.108E-2	0.204	0.211	-4.717E-2	-7.771E-2	9.090E-2	-0.581	3.135E-2	0.582
11.328	-5.194E-2	0.203	0.209	-5.724E-2	-9.736E-2	0.113	-0.376	-0.459	0.593
11.345	-5.299E-2	0.201	0.208	-6.092E-2	-0.101	0.118	6.694E-2	-0.405	0.410
11.361	-5.397E-2	0.200	0.207	-5.434E-2	-0.101	0.115	0.270	5.475E-2	0.276
11.378	-5.480E-2	0.198	0.205	-5.069E-2	-0.108	0.119	0.577	-0.170	0.602
11.395	-5.567E-2	0.196	0.204	-3.800E-2	-0.101	0.108	-6.323E-2	0.337	0.343
11.411	-5.607E-2	0.194	0.202	-4.567E-2	-9.936E-2	0.109	-0.131	0.135	0.188
11.428	-5.719E-2	0.193	0.201	-5.252E-2	-9.485E-2	0.108	6.442E-2	0.390	0.395
11.445	-5.782E-2	0.191	0.200	-3.652E-2	-8.820E-2	9.546E-2	-0.167	-0.492	0.520
11.461	-5.841E-2	0.190	0.198	-5.666E-2	-0.106	0.120	-9.715E-2	4.801E-2	0.108
11.478	-5.971E-2	0.188	0.197	-5.015E-2	-9.908E-2	0.111	0.366	-0.425	0.561
11.495	-6.008E-2	0.186	0.196	-3.193E-2	-0.102	0.107	0.267	0.171	0.317
11.511	-6.078E-2	0.184	0.194	-4.731E-2	-0.111	0.121	-0.986	-7.031E-2	0.988
11.528	-6.166E-2	0.183	0.193	-6.345E-2	-9.169E-2	0.112	9.274E-2	0.407	0.417
11.545	-6.290E-2	0.181	0.192	-4.993E-2	-0.103	0.114	0.677	-0.144	0.692
11.562	-6.333E-2	0.179	0.190	-3.161E-2	-9.830E-2	0.103	-0.430	-0.409	0.593
11.578	-6.395E-2	0.178	0.189	-6.541E-2	-0.110	0.128	-0.579	-0.690	0.901
11.595	-6.551E-2	0.176	0.187	-6.249E-2	-0.129	0.143	0.309	0.609	0.683
11.612	-6.604E-2	0.173	0.186	-4.094E-2	-9.126E-2	0.100	0.800	0.765	1.107
11.628	-6.687E-2	0.173	0.185	-4.380E-2	-8.861E-2	9.884E-2	-0.411	-0.286	0.501
11.645	-6.750E-2	0.171	0.183	-4.971E-2	-0.116	0.126	1.504E-2	-0.801	0.801
11.662	-6.853E-2	0.169	0.182	-4.955E-2	-0.109	0.120	-1.146E-2	0.694	0.694
11.678	-6.915E-2	0.167	0.181	-4.377E-2	-9.517E-2	0.105	-3.499E-2	0.110	0.115
11.695	-6.999E-2	0.165	0.180	-5.395E-2	-9.967E-2	0.113	6.073E-4	-0.921	0.921
11.712	-7.095E-2	0.164	0.178	-4.546E-2	-0.131	0.138	0.100	-0.472	0.482
11.728	-7.151E-2	0.161	0.176	-4.508E-2	-0.120	0.129	-9.175E-2	0.769	0.774
11.745	-7.245E-2	0.160	0.175	-5.390E-2	-9.616E-2	0.110	-0.181	0.610	0.636
11.762	-7.331E-2	0.158	0.174	-4.902E-2	-0.102	0.114	0.122	-0.484	0.499
11.778	-7.409E-2	0.156	0.173	-4.925E-2	-0.114	0.124	9.195E-2	-6.694E-2	0.114
11.795	-7.495E-2	0.154	0.171	-4.754E-2	-0.107	0.117	-4.474E-2	0.330	0.333
11.812	-7.568E-2	0.153	0.170	-4.850E-2	-9.821E-2	0.110	6.058E-2	-0.476	0.480
11.828	-7.657E-2	0.151	0.169	-4.831E-2	-0.122	0.131	0.635	1.828E-2	0.635
11.845	-7.729E-2	0.148	0.167	-2.733E-2	-0.108	0.112	-0.156	-0.201	0.254
11.862	-7.748E-2	0.147	0.166	-4.499E-2	-0.110	0.119	-0.444	0.206	0.489
11.879	-7.879E-2	0.145	0.165	-5.698E-2	-0.121	0.134	6.518E-2	-0.322	0.329
11.895	-7.938E-2	0.143	0.164	-3.239E-2	-0.106	0.111	0.444	2.982E-2	0.445
11.912	-7.987E-2	0.141	0.162	-4.242E-2	-0.126	0.133	-0.387	7.395E-2	0.394
11.929	-8.080E-2	0.139	0.161	-5.029E-2	-0.108	0.119	-0.206	0.315	0.376
11.945	-8.155E-2	0.138	0.160	-4.578E-2	-0.104	0.114	0.324	-0.314	0.451
11.962	-8.233E-2	0.136	0.159	-4.125E-2	-0.128	0.134	-4.389E-3	-0.499	0.499
11.979	-8.292E-2	0.133	0.157	-4.322E-2	-0.120	0.127	5.518E-2	0.399	0.403
11.995	-8.377E-2	0.132	0.156	-4.331E-2	-0.111	0.119	0.154	0.211	0.261
12.012	-8.437E-2	0.130	0.155	-3.511E-2	-0.114	0.120	-0.381	-0.378	0.537
12.029	-8.494E-2	0.128	0.153	-5.396E-2	-0.123	0.134	-0.104	-0.112	0.153
12.045	-8.617E-2	0.126	0.152	-4.803E-2	-0.121	0.130	0.473	0.885	1.004
12.062	-8.654E-2	0.124	0.151	-2.729E-2	-9.270E-2	9.664E-2	0.728	-1.180E-2	0.728
12.079	-8.708E-2	0.122	0.150	-2.928E-2	-0.112	0.116	-0.401	-0.304	0.504
12.095	-8.752E-2	0.120	0.148	-3.751E-2	-0.121	0.127	0.106	-0.266	0.286
12.112	-8.833E-2	0.118	0.148	-3.180E-2	-0.105	0.110	-0.120	-0.497	0.511
12.129	-8.858E-2	0.116	0.146	-3.253E-2	-0.142	0.146	-7.533E-2	-0.349	0.357
12.145	-8.942E-2	0.114	0.145	-4.284E-2	-0.127	0.134	-0.362	0.198	0.412
12.162	-9.001E-2	0.112	0.144	-3.940E-2	-0.117	0.123	0.592	0.600	0.843
12.179	-9.073E-2	0.110	0.142	-2.751E-2	-0.124	0.127	0.112	-2.268E-2	0.114
12.196	-9.093E-2	0.108	0.141	-2.823E-2	-0.107	0.110	-0.233	0.509	0.560
12.212	-9.167E-2	0.106	0.140	-4.258E-2	-0.111	0.119	3.686E-2	-3.001E-2	4.753E-2
12.229	-9.235E-2	0.104	0.139	-2.606E-2	-0.108	0.111	0.299	-0.519	0.599
12.246	-9.254E-2	0.103	0.138	-2.669E-2	-0.124	0.127	0.445	-0.297	0.535
12.262	-9.324E-2	0.100	0.137	-2.055E-2	-0.127	0.128	-0.176	-0.333	0.376
12.279	-9.323E-2	9.841E-2	0.136	-2.129E-2	-0.125	0.127	-9.808E-2	0.395	0.407
12.296	-9.395E-2	9.605E-2	0.134	-3.433E-2	-0.124	0.128	-0.230	0.211	0.313
12.312	-9.438E-2	9.429E-2	0.133	-2.362E-2	-0.110	0.112	0.460	-2.251E-2	0.461
12.329	-9.474E-2	9.239E-2	0.132	-1.995E-2	-0.126	0.128	0.295	-0.877	0.925
12.346	-9.504E-2	9.008E-2	0.131	-1.413E-2	-0.141	0.142	0.573	-0.136	0.589
12.362	-9.521E-2	8.767E-2	0.129	-1.190E-3	-0.132	0.132	0.323	0.999	1.049
12.379	-9.508E-2	8.569E-2	0.128	-2.699E-4	-0.106	0.106	0.221	1.175	1.195
12.396	-9.522E-2	8.414E-2	0.127	1.272E-3	-9.076E-2	9.077E-2	7.263E-3	1.043	1.043
12.412	-9.504E-2	8.266E-2	0.126	4.694E-3	-7.443E-2	7.458E-2	0.108	1.683	1.687
12.429	-9.506E-2	8.165E-2	0.125	1.392E-3	-3.459E-2	3.462E-2	3.905E-2	1.555	1.556
12.446	-9.499E-2	8.151E-2	0.125	7.223E-3	-1.614E-2	1.769E-2	0.121	0.495	0.509
12.462	-9.482E-2	8.111E-2	0.125	6.446E-3	-2.382E-2	2.467E-2	1.799E-2	0.217	0.218
12.479	-9.478E-2	8.071E-2	0.124	5.834E-3	-9.981E-3	1.156E-2	-0.442	0.181	0.478
12.496	-9.463E-2	8.078E-2	0.124	-4.858E-3	-1.144E-2	1.243E-2	-0.188	-0.291	0.346
12.512	-9.494E-2	8.033E-2	0.124	-6.620E-3	-2.629E-2	2.711E-2	0.131	-0.428	0.447
12.529	-9.485E-2	7.990E-2	0.124	5.052E-3	-2.353E-2	2.406E-2	0.150	-0.239	0.282
12.546	-9.477E-2	7.954E-2	0.124	-2.474E-3	-3.229E-2	3.238E-2	0.114	-5.211E-2	0.125
12.563	-9.493E-2	7.883E-2	0.123	4.852E-3	-3.041E-2	3.080E-2	-0.338	-0.169	0.378
12.579	-9.461E-2	7.853E-2	0.123	-5.146E-3	-3.091E-2	3.134E-2	0.201	0.178	0.269
12.596	-9.510E-2	7.779E-2	0.123	-1.455E-3	-3.177E-2	3.181E-2	-0.101	-0.370	0.383
12.613	-9.466E-2	7.747E-2	0.122	5.950E-3	-3.559E-2	3.608E-2	0.338	-0.232	0.410
12.629	-9.490E-2	7.661E-2	0.122	-1.920E-3	-4.657E-2	4.660E-2	-0.246	7.227E-3	0.246
12.646	-9.472E-2	7.592E-2	0.121	5.166E-3	-3.284E-2	3.324E-2	0.104	8.921E-2	0.137
12.663	-9.473E-2	7.551E-2	0.121	-1.738E-3	-3.964E-2	3.968E-2	-4.841E-2	2.078E-2	5.268E-2
12.679	-9.478E-2	7.459E-2	0.121	3.153E-3	-3.995E-2	4.008E-2	-0.190	-4.302E-2	0.195
12.696	-9.462E-2	7.418E-2	0.120	-4.237E-3	-3.333E-2	3.360E-2	0.179	0.120	0.215
12.713	-9.492E-2	7.348E-2	0.120	1.627E-3	-4.070E-2	4.073E-2	9.671E-2	-1.766E-2	9.831E-2
12.729	-9.457E-2	7.282E-2	0.119	8.259E-3	-3.328E-2	3.429E-2	0.545	-6.532E-2	0.549
12.746	-9.464E-2	7.237E-2	0.119	1.119E-2	-3.946E-2	4.102E-2	-0.454	-0.612	0.762
12.763	-9.420E-2	7.150E-2	0.118	2.820E-3	-5.737E-2	5.744E-2	-0.785	-0.518	0.940
12.779	-9.455E-2	7.046E-2	0.118	-2.374E-2	-5.729E-2	6.202E-2	-0.126	-0.195	0.232
12.796	-9.499E-2	6.959E-2	0.118	-2.127E-3	-6.032E-2	6.035E-2	0.352	-0.447	0.570
12.813	-9.462E-2	6.844E-2	0.117	-1.372E-3	-7.463E-2	7.464E-2	0.587	-2.655E-2	0.587
12.829	-9.504E-2	6.710E-2	0.116	3.300E-3	-6.398E-2	6.406E-2	-8.497E-2	0.352	0.362
12.846	-9.451E-2	6.631E-2	0.115	1.019E-2	-5.614E-2	5.706E-2	-0.101	0.520	0.530
12.863	-9.470E-2	6.523E-2	0.115	-1.024E-2	-5.309E-2	5.407E-2	-0.693	-0.435	0.818
12.880	-9.485E-2	6.454E-2	0.115	-9.651E-3	-6.302E-2	6.375E-2	0.472	-0.215	0.519
12.896	-9.502E-2	6.313E-2	0.114	3.461E-3	-7.015E-2	7.024E-2	0.371	-0.115	0.389
12.913	-9.474E-2	6.220E-2	0.113	7.830E-3	-5.916E-2	5.968E-2	-0.299	0.400	0.500
12.930	-9.476E-2	6.115E-2	0.113	-9.718E-3	-6.018E-2	6.096E-2	-8.847E-2	-0.486	0.494
12.946	-9.506E-2	6.019E-2	0.113	9.325E-4	-7.215E-2	7.216E-2	0.384	-0.331	0.507
12.963	-9.472E-2	5.874E-2	0.111	1.114E-2	-7.702E-2	7.783E-2	0.275	9.396E-2	0.290
12.980	-9.469E-2	5.762E-2	0.111	4.416E-3	-6.465E-2	6.480E-2	-0.222	0.250	0.335
12.996	-9.458E-2	5.659E-2	0.110	5.828E-3	-6.829E-2	6.854E-2	-0.155	-8.961E-2	0.179
13.013	-9.450E-2	5.534E-2	0.110	-5.611E-4	-7.051E-2	7.051E-2	-0.346	-0.543	0.644
13.030	-9.460E-2	5.423E-2	0.109	-7.009E-3	-8.202E-2	8.232E-2	0.198	-0.150	0.248
13.046	-9.473E-2	5.260E-2	0.108	4.729E-3	-8.278E-2	8.292E-2	4.670E-2	0.127	0.135
13.063	-9.444E-2	5.147E-2	0.108	7.177E-4	-7.080E-2	7.080E-2	-0.114	0.182	0.214
13.080	-9.471E-2	5.024E-2	0.107	-6.966E-3	-7.900E-2	7.931E-2	-0.454	-0.463	0.648
13.096	-9.467E-2	4.884E-2	0.107	-8.013E-3	-8.688E-2	8.725E-2	-0.241	-0.370	0.442
13.113	-9.497E-2	4.734E-2	0.106	-1.907E-2	-9.118E-2	9.315E-2	0.424	-7.614E-2	0.431
13.130	-9.531E-2	4.579E-2	0.106	3.881E-3	-8.989E-2	8.997E-2	0.791	-1.780E-2	0.791
13.146	-9.484E-2	4.434E-2	0.105	1.596E-2	-9.027E-2	9.167E-2	0.509	-0.111	0.520
13.163	-9.477E-2	4.278E-2	0.104	1.282E-2	-9.474E-2	9.561E-2	-0.645	0.208	0.677
13.180	-9.442E-2	4.118E-2	0.103	1.478E-3	-8.482E-2	8.483E-2	-0.554	-0.166	0.578
13.197	-9.472E-2	3.995E-2	0.103	-1.335E-2	-9.399E-2	9.494E-2	-0.462	-0.398	0.609
13.213	-9.486E-2	3.804E-2	0.102	-9.407E-3	-0.107	0.107	0.307	-0.338	0.457
13.230	-9.504E-2	3.640E-2	0.102	-5.007E-3	-9.999E-2	0.100	0.499	0.341	0.605
13.247	-9.503E-2	3.471E-2	0.101	7.985E-3	-9.720E-2	9.753E-2	6.636E-2	-0.230	0.239
13.263	-9.477E-2	3.315E-2	0.100	6.053E-4	-0.105	0.105	8.058E-2	0.351	0.360
13.280	-9.501E-2	3.121E-2	0.100	2.973E-3	-9.269E-2	9.274E-2	-0.134	-0.141	0.195
13.297	-9.467E-2	3.006E-2	9.933E-2	5.234E-3	-9.711E-2	9.725E-2	0.219	-0.389	0.446
13.313	-9.483E-2	2.797E-2	9.887E-2	1.938E-3	-0.118	0.118	-6.129E-2	0.124	0.139
13.330	-9.461E-2	2.612E-2	9.815E-2	9.215E-3	-8.996E-2	9.043E-2	3.226E-2	1.002	1.002
13.347	-9.453E-2	2.497E-2	9.777E-2	7.478E-4	-7.825E-2	7.825E-2	-0.862	0.959	1.289
13.363	-9.458E-2	2.351E-2	9.746E-2	-1.805E-2	-6.661E-2	6.901E-2	-4.810E-2	0.699	0.701
13.380	-9.513E-2	2.275E-2	9.781E-2	-7.954E-3	-4.737E-2	4.804E-2	0.395	0.761	0.857
13.397	-9.485E-2	2.193E-2	9.735E-2	5.815E-3	-4.523E-2	4.560E-2	0.150	-5.647E-2	0.160
13.413	-9.493E-2	2.124E-2	9.728E-2	-9.031E-3	-4.710E-2	4.796E-2	-0.120	-2.390E-2	0.123
13.430	-9.515E-2	2.036E-2	9.730E-2	3.392E-4	-4.879E-2	4.879E-2	0.291	1.867E-2	0.291
13.447	-9.492E-2	1.961E-2	9.693E-2	6.101E-3	-4.454E-2	4.496E-2	8.406E-3	-0.233	0.233
13.463	-9.495E-2	1.887E-2	9.680E-2	-3.182E-3	-5.549E-2	5.558E-2	-0.101	4.946E-2	0.113
13.480	-9.503E-2	1.776E-2	9.667E-2	2.275E-3	-4.868E-2	4.873E-2	0.300	-0.220	0.372
13.497	-9.487E-2	1.725E-2	9.643E-2	9.178E-3	-5.292E-2	5.371E-2	0.238	-0.496	0.550
13.514	-9.472E-2	1.600E-2	9.606E-2	9.073E-3	-7.427E-2	7.482E-2	-3.934E-2	-0.807	0.808
13.530	-9.457E-2	1.477E-2	9.571E-2	8.129E-3	-7.605E-2	7.648E-2	-0.210	-8.786E-2	0.227
13.547	-9.445E-2	1.346E-2	9.541E-2	2.383E-3	-7.815E-2	7.819E-2	-0.347	-0.470	0.585
13.564	-9.449E-2	1.216E-2	9.527E-2	-4.315E-3	-8.952E-2	8.962E-2	0.167	-0.269	0.317
13.580	-9.460E-2	1.047E-2	9.517E-2	6.218E-3	-9.197E-2	9.218E-2	-0.176	0.103	0.204
13.597	-9.428E-2	9.094E-3	9.472E-2	-3.135E-3	-8.180E-2	8.186E-2	8.906E-2	0.291	0.304
13.614	-9.470E-2	7.742E-3	9.502E-2	-2.173E-3	-8.312E-2	8.315E-2	-5.620E-2	9.500E-3	5.700E-2
13.630	-9.435E-2	6.321E-3	9.457E-2	6.696E-3	-8.255E-2	8.282E-2	0.459	-1.546E-2	0.459
13.647	-9.448E-2	4.987E-3	9.461E-2	4.182E-3	-8.226E-2	8.237E-2	0.146	0.693	0.709
13.664	-9.421E-2	3.576E-3	9.428E-2	1.675E-2	-6.347E-2	6.564E-2	0.386	0.749	0.843
13.680	-9.392E-2	2.869E-3	9.396E-2	1.594E-2	-4.983E-2	5.231E-2	-0.125	0.622	0.634
13.697	-9.368E-2	1.913E-3	9.370E-2	1.221E-2	-4.906E-2	5.056E-2	-0.147	0.466	0.489
13.714	-9.351E-2	1.232E-3	9.352E-2	1.070E-2	-3.210E-2	3.383E-2	-0.299	1.353	1.385
13.730	-9.332E-2	8.423E-4	9.333E-2	3.691E-3	-5.213E-3	6.387E-3	-5.108E-2	1.388	1.389
13.747	-9.339E-2	1.058E-3	9.339E-2	5.499E-3	1.752E-2	1.836E-2	-5.162E-2	0.626	0.628
13.764	-9.314E-2	1.427E-3	9.315E-2	6.801E-3	1.534E-2	1.678E-2	4.061E-2	-0.595	0.596
13.780	-9.316E-2	1.570E-3	9.317E-2	2.718E-3	-3.225E-3	4.217E-3	-0.110	-0.663	0.672
13.797	-9.305E-2	1.319E-3	9.306E-2	5.520E-3	-9.928E-3	1.136E-2	0.754	0.618	0.975
13.814	-9.298E-2	1.239E-3	9.298E-2	2.420E-2	1.738E-2	2.979E-2	0.452	1.840	1.894
13.830	-9.224E-2	1.899E-3	9.226E-2	2.858E-2	5.487E-2	6.187E-2	-9.159E-2	1.146	1.149
13.847	-9.202E-2	3.070E-3	9.207E-2	1.385E-2	5.848E-2	6.009E-2	0.209	-0.706	0.736
13.864	-9.178E-2	3.850E-3	9.186E-2	3.498E-2	2.841E-2	4.506E-2	-5.232E-2	-0.571	0.573
13.881	-9.086E-2	4.018E-3	9.094E-2	2.258E-2	3.262E-2	3.967E-2	-0.143	0.108	0.179
13.897	-9.103E-2	4.939E-3	9.116E-2	1.436E-2	4.286E-2	4.520E-2	-0.196	8.330E-2	0.213
13.914	-9.038E-2	5.448E-3	9.054E-2	2.921E-2	2.889E-2	4.108E-2	0.454	-0.582	0.738
13.931	-9.005E-2	5.903E-3	9.025E-2	2.270E-2	2.506E-2	3.381E-2	-7.661E-2	5.365E-2	9.353E-2
13.947	-8.962E-2	6.284E-3	8.984E-2	2.864E-2	2.936E-2	4.102E-2	-0.109	-0.171	0.202
13.964	-8.910E-2	6.882E-3	8.936E-2	2.083E-2	2.332E-2	3.127E-2	-0.177	-0.300	0.348
13.981	-8.892E-2	7.062E-3	8.920E-2	1.825E-2	1.433E-2	2.321E-2	-0.166	-0.458	0.487
13.997	-8.849E-2	7.361E-3	8.879E-2	1.992E-2	1.173E-2	2.311E-2	0.119	-0.144	0.187
14.014	-8.826E-2	7.454E-3	8.857E-2	1.863E-2	7.058E-3	1.993E-2	0.279	-0.173	0.328
14.031	-8.787E-2	7.596E-3	8.819E-2	3.051E-2	7.428E-3	3.141E-2	0.152	-0.145	0.210
14.047	-8.724E-2	7.702E-3	8.758E-2	2.657E-2	2.270E-3	2.667E-2	-0.109	-0.273	0.294
14.064	-8.698E-2	7.672E-3	8.732E-2	2.188E-2	-2.571E-3	2.203E-2	-0.250	-0.150	0.292
14.081	-8.651E-2	7.616E-3	8.685E-2	2.238E-2	-2.495E-3	2.252E-2	-0.461	-7.362E-3	0.461
14.097	-8.623E-2	7.589E-3	8.657E-2	5.540E-3	-2.352E-3	6.019E-3	0.196	-0.203	0.283
14.114	-8.633E-2	7.537E-3	8.665E-2	2.255E-2	-8.794E-3	2.421E-2	0.123	6.678E-2	0.140
14.131	-8.548E-2	7.295E-3	8.579E-2	2.319E-2	-3.261E-3	2.342E-2	0.220	-2.016E-2	0.221
14.147	-8.555E-2	7.428E-3	8.587E-2	1.525E-2	-3.757E-3	1.571E-2	-0.200	0.182	0.270
14.164	-8.497E-2	7.170E-3	8.527E-2	2.713E-2	-3.831E-3	2.740E-2	0.867	-0.567	1.036
14.181	-8.465E-2	7.301E-3	8.496E-2	3.672E-2	-1.449E-2	3.947E-2	-0.231	-0.476	0.529
14.198	-8.375E-2	6.686E-3	8.401E-2	2.902E-2	-2.890E-2	4.096E-2	-0.649	-0.578	0.869
14.214	-8.368E-2	6.336E-3	8.392E-2	5.307E-3	-2.740E-2	2.791E-2	-0.182	0.107	0.211
14.231	-8.357E-2	5.772E-3	8.377E-2	2.432E-2	-2.899E-2	3.784E-2	0.445	-4.509E-2	0.447
14.248	-8.287E-2	5.369E-3	8.304E-2	2.720E-2	-2.630E-2	3.784E-2	0.266	0.249	0.364
14.264	-8.266E-2	4.894E-3	8.281E-2	2.462E-2	-2.280E-2	3.355E-2	0.457	-0.264	0.527
14.281	-8.205E-2	4.608E-3	8.218E-2	4.670E-2	-3.118E-2	5.615E-2	0.262	-0.163	0.309
14.298	-8.110E-2	3.854E-3	8.120E-2	3.714E-2	-3.458E-2	5.075E-2	-0.620	0.268	0.675
14.314	-8.081E-2	3.454E-3	8.088E-2	1.895E-2	-1.805E-2	2.617E-2	-0.778	0.367	0.860
14.331	-8.047E-2	3.252E-3	8.054E-2	1.499E-2	-2.091E-2	2.573E-2	-9.449E-3	-9.423E-2	9.470E-2
14.348	-8.031E-2	2.757E-3	8.035E-2	1.614E-2	-2.519E-2	2.991E-2	0.517	0.138	0.535
14.364	-7.993E-2	2.412E-3	7.997E-2	3.319E-2	-1.463E-2	3.627E-2	0.366	0.737	0.823
14.381	-7.920E-2	2.269E-3	7.923E-2	3.223E-2	-6.377E-4	3.223E-2	-0.208	0.606	0.641
14.398	-7.886E-2	2.390E-3	7.889E-2	2.122E-2	7.034E-3	2.235E-2	-0.326	0.453	0.559
14.414	-7.849E-2	2.503E-3	7.853E-2	2.309E-2	1.247E-2	2.624E-2	0.218	0.169	0.275
14.431	-7.809E-2	2.806E-3	7.814E-2	2.812E-2	1.481E-2	3.178E-2	0.148	1.500E-2	0.148
14.448	-7.755E-2	2.997E-3	7.761E-2	2.936E-2	1.123E-2	3.144E-2	-0.244	-0.300	0.387
14.464	-7.711E-2	3.181E-3	7.717E-2	1.965E-2	5.933E-3	2.052E-2	-0.660	-0.479	0.816
14.481	-7.690E-2	3.195E-3	7.696E-2	6.565E-3	-5.305E-3	8.441E-3	-4.158E-2	-0.546	0.548
14.498	-7.689E-2	3.004E-3	7.695E-2	1.541E-2	-1.311E-2	2.023E-2	0.561	-0.346	0.659
14.514	-7.638E-2	2.758E-3	7.643E-2	3.038E-2	-1.621E-2	3.443E-2	0.467	-0.104	0.478
14.531	-7.588E-2	2.463E-3	7.592E-2	2.907E-2	-1.687E-2	3.361E-2	-7.308E-2	0.181	0.195
14.548	-7.541E-2	2.195E-3	7.545E-2	2.755E-2	-1.051E-2	2.949E-2	6.858E-2	0.445	0.450
14.565	-7.496E-2	2.112E-3	7.499E-2	3.100E-2	-1.109E-3	3.102E-2	0.104	0.699	0.707
14.581	-7.438E-2	2.158E-3	7.441E-2	3.240E-2	1.182E-2	3.449E-2	-0.167	0.398	0.432
14.598	-7.387E-2	2.507E-3	7.392E-2	2.503E-2	1.504E-2	2.920E-2	0.323	1.548E-2	0.324
14.615	-7.354E-2	2.660E-3	7.359E-2	3.925E-2	9.351E-3	4.035E-2	0.211	-0.214	0.301
14.631	-7.257E-2	2.819E-3	7.262E-2	4.090E-2	8.889E-3	4.186E-2	-0.341	-0.412	0.535
14.648	-7.218E-2	2.957E-3	7.224E-2	2.043E-2	-2.999E-3	2.065E-2	-0.683	-0.598	0.908
14.665	-7.188E-2	2.719E-3	7.193E-2	1.960E-2	-1.420E-2	2.420E-2	-0.129	-4.579E-2	0.137
14.681	-7.152E-2	2.483E-3	7.157E-2	1.762E-2	-4.301E-3	1.814E-2	0.694	0.191	0.720
14.698	-7.130E-2	2.575E-3	7.134E-2	3.793E-2	-3.716E-3	3.811E-2	0.205	-0.137	0.246
14.715	-7.026E-2	2.359E-3	7.030E-2	3.569E-2	-1.293E-2	3.796E-2	-0.245	-0.502	0.558
14.731	-7.010E-2	2.143E-3	7.014E-2	1.756E-2	-1.835E-2	2.540E-2	-0.578	0.285	0.644
14.748	-6.967E-2	1.747E-3	6.970E-2	2.298E-2	-7.344E-3	2.412E-2	0.490	0.551	0.737
14.765	-6.934E-2	1.898E-3	6.936E-2	3.042E-2	5.955E-3	3.100E-2	0.517	0.375	0.639
14.781	-6.866E-2	1.945E-3	6.869E-2	4.324E-2	2.028E-3	4.328E-2	-0.181	-0.213	0.280
14.798	-6.790E-2	1.966E-3	6.792E-2	2.637E-2	-6.604E-4	2.637E-2	-0.619	-5.689E-2	0.622
14.815	-6.778E-2	1.923E-3	6.781E-2	1.548E-2	-5.842E-4	1.550E-2	-0.249	7.044E-2	0.259
14.831	-6.738E-2	1.947E-3	6.741E-2	2.334E-2	2.386E-3	2.346E-2	0.406	0.225	0.464
14.848	-6.700E-2	2.003E-3	6.703E-2	2.702E-2	6.483E-3	2.779E-2	-3.668E-2	0.187	0.190
14.865	-6.648E-2	2.163E-3	6.651E-2	2.442E-2	9.391E-3	2.616E-2	-0.200	5.254E-2	0.206
14.882	-6.619E-2	2.316E-3	6.623E-2	1.774E-2	7.918E-3	1.943E-2	0.454	-0.116	0.468
14.898	-6.589E-2	2.427E-3	6.593E-2	3.778E-2	5.369E-3	3.816E-2	6.592E-2	-0.300	0.307
14.915	-6.492E-2	2.495E-3	6.497E-2	2.957E-2	-1.477E-3	2.961E-2	-0.443	-0.348	0.563
14.932	-6.490E-2	2.378E-3	6.494E-2	1.085E-2	-7.574E-3	1.323E-2	-0.410	-6.009E-2	0.414
14.948	-6.456E-2	2.243E-3	6.460E-2	2.225E-2	-3.493E-3	2.252E-2	0.289	0.251	0.383
14.965	-6.416E-2	2.261E-3	6.420E-2	2.034E-2	2.069E-3	2.044E-2	4.546E-2	0.267	0.271
14.982	-6.388E-2	2.312E-3	6.393E-2	2.157E-2	4.790E-3	2.209E-2	-1.548E-2	-9.908E-3	1.838E-2
14.998	-6.344E-2	2.421E-3	6.348E-2	2.251E-2	2.661E-3	2.267E-2	0.226	-0.232	0.324
15.015	-6.313E-2	2.401E-3	6.318E-2	2.600E-2	-3.932E-3	2.630E-2	-9.734E-2	-0.347	0.360
15.032	-6.257E-2	2.290E-3	6.261E-2	2.357E-2	-8.809E-3	2.516E-2	-0.145	2.174E-3	0.145
15.048	-6.235E-2	2.107E-3	6.238E-2	1.665E-2	-4.956E-3	1.737E-2	-0.433	-0.129	0.452
15.065	-6.201E-2	2.124E-3	6.205E-2	1.259E-2	-9.547E-3	1.580E-2	0.446	0.295	0.534
15.082	-6.193E-2	1.788E-3	6.195E-2	2.597E-2	-1.661E-3	2.603E-2	0.228	0.315	0.389
15.098	-6.115E-2	2.069E-3	6.118E-2	2.964E-2	8.899E-3	3.094E-2	-0.235	0.177	0.294
15.115	-6.094E-2	2.085E-3	6.097E-2	1.056E-2	-4.551E-4	1.057E-2	-0.707	-0.174	0.728
15.132	-6.079E-2	2.054E-3	6.083E-2	8.005E-3	3.117E-3	8.590E-3	-6.832E-2	0.368	0.375
15.148	-6.067E-2	2.189E-3	6.071E-2	8.274E-3	1.279E-2	1.524E-2	0.756	-0.183	0.778
15.165	-6.052E-2	2.481E-3	6.057E-2	3.051E-2	1.271E-4	3.051E-2	0.304	-0.265	0.403
15.182	-5.965E-2	2.193E-3	5.969E-2	2.783E-2	-3.610E-3	2.806E-2	-0.375	-0.101	0.388
15.199	-5.959E-2	2.360E-3	5.964E-2	7.530E-3	3.995E-3	8.524E-3	-0.671	0.326	0.746
15.215	-5.940E-2	2.327E-3	5.945E-2	1.012E-2	2.912E-3	1.053E-2	0.489	3.340E-2	0.490
15.232	-5.925E-2	2.457E-3	5.930E-2	2.121E-2	7.437E-3	2.247E-2	0.403	-0.174	0.439
15.249	-5.869E-2	2.575E-3	5.875E-2	2.801E-2	-2.382E-3	2.811E-2	0.360	-0.228	0.426
15.265	-5.832E-2	2.378E-3	5.837E-2	2.898E-2	-3.912E-3	2.924E-2	-0.228	-3.188E-2	0.230
15.282	-5.773E-2	2.444E-3	5.778E-2	2.457E-2	6.272E-4	2.458E-2	-0.369	5.953E-2	0.373
15.299	-5.750E-2	2.399E-3	5.755E-2	1.280E-2	-3.845E-3	1.336E-2	-0.390	-0.156	0.420
15.315	-5.730E-2	2.316E-3	5.735E-2	1.273E-2	-4.497E-3	1.350E-2	-6.811E-2	-0.169	0.182
15.332	-5.707E-2	2.249E-3	5.712E-2	1.124E-2	-8.545E-3	1.412E-2	-0.306	0.103	0.323
15.349	-5.692E-2	2.031E-3	5.696E-2	2.605E-3	-3.747E-3	4.563E-3	-0.220	0.283	0.359
15.365	-5.699E-2	2.124E-3	5.703E-2	1.686E-3	4.394E-3	4.706E-3	0.168	0.361	0.398
15.382	-5.687E-2	2.177E-3	5.691E-2	1.018E-2	6.200E-3	1.192E-2	0.128	2.427E-2	0.131
15.399	-5.665E-2	2.331E-3	5.669E-2	7.000E-3	6.598E-3	9.620E-3	7.651E-2	8.148E-3	7.694E-2
15.415	-5.663E-2	2.398E-3	5.669E-2	9.257E-3	5.141E-3	1.059E-2	0.126	-0.229	0.262
15.432	-5.634E-2	2.502E-3	5.639E-2	1.497E-2	4.689E-4	1.498E-2	0.218	-0.267	0.345
15.449	-5.614E-2	2.413E-3	5.619E-2	1.420E-2	-5.550E-3	1.524E-2	-0.223	-0.163	0.276
15.465	-5.586E-2	2.317E-3	5.591E-2	9.504E-3	-4.387E-3	1.047E-2	-0.295	0.116	0.317
15.482	-5.582E-2	2.267E-3	5.586E-2	2.201E-3	-1.476E-3	2.650E-3	-1.656E-2	9.615E-3	1.915E-2
15.499	-5.579E-2	2.268E-3	5.584E-2	8.761E-3	-3.337E-3	9.376E-3	0.201	6.209E-2	0.211
15.515	-5.553E-2	2.155E-3	5.557E-2	1.162E-2	-1.363E-3	1.170E-2	-0.164	4.772E-2	0.170
15.532	-5.540E-2	2.222E-3	5.545E-2	1.878E-3	7.431E-4	2.020E-3	-0.274	0.239	0.364
15.549	-5.546E-2	2.180E-3	5.551E-2	8.454E-4	3.969E-3	4.058E-3	8.660E-2	-8.211E-2	0.119
15.566	-5.537E-2	2.355E-3	5.542E-2	6.653E-3	1.593E-3	6.841E-3	0.598	3.749E-2	0.599
15.582	-5.524E-2	2.233E-3	5.529E-2	1.897E-2	6.283E-4	1.898E-2	6.162E-2	-5.728E-2	8.413E-2
15.599	-5.474E-2	2.376E-3	5.479E-2	1.395E-2	3.874E-3	1.448E-2	-0.322	-0.140	0.351
15.616	-5.478E-2	2.363E-3	5.483E-2	1.557E-3	-5.791E-3	5.997E-3	-0.129	-0.138	0.189
15.632	-5.469E-2	2.183E-3	5.473E-2	1.198E-2	-2.671E-3	1.228E-2	0.108	5.934E-2	0.123
15.649	-5.438E-2	2.274E-3	5.442E-2	8.109E-3	3.834E-6	8.109E-3	-0.333	6.058E-2	0.339
15.666	-5.442E-2	2.183E-3	5.446E-2	-3.089E-3	-3.627E-3	4.765E-3	-4.784E-2	2.835E-2	5.561E-2
15.682	-5.448E-2	2.153E-3	5.452E-2	6.453E-3	1.741E-3	6.684E-3	9.105E-2	0.273	0.288
15.699	-5.420E-2	2.241E-3	5.425E-2	4.599E-3	6.118E-3	7.654E-3	-8.889E-2	8.096E-2	0.120
15.716	-5.433E-2	2.357E-3	5.438E-2	-2.099E-3	4.519E-3	4.982E-3	-0.102	-0.246	0.267
15.732	-5.427E-2	2.392E-3	5.433E-2	4.227E-3	-2.284E-3	4.804E-3	0.122	-0.211	0.244
15.749	-5.418E-2	2.280E-3	5.423E-2	2.010E-3	-3.835E-3	4.330E-3	-0.161	5.177E-2	0.170
15.766	-5.421E-2	2.264E-3	5.425E-2	-2.151E-3	6.395E-4	2.244E-3	-0.177	0.128	0.218
15.782	-5.426E-2	2.302E-3	5.431E-2	-3.587E-3	7.125E-4	3.657E-3	5.740E-2	7.522E-3	5.789E-2
15.799	-5.433E-2	2.287E-3	5.437E-2	-7.750E-4	7.039E-5	7.782E-4	5.753E-2	-5.841E-2	8.198E-2
15.816	-5.428E-2	2.304E-3	5.433E-2	-2.011E-4	-5.251E-4	5.623E-4	-3.447E-2	0.141	0.145
15.832	-5.433E-2	2.270E-3	5.438E-2	-3.200E-3	3.415E-3	4.680E-3	-4.288E-2	0.109	0.117
15.849	-5.439E-2	2.418E-3	5.444E-2	-1.534E-3	5.386E-3	5.600E-3			
15.866	-5.438E-2	2.450E-3	5.444E-2						
