	mass C									
t	x	y	r	vx	vy	v	ax	ay	a	
0.000	5.466E-4	6.613E-4	8.579E-4						
0.017	4.748E-4	6.154E-4	7.772E-4	4.745E-3	-1.002E-3	4.850E-3			
0.033	7.049E-4	6.279E-4	9.440E-4	5.173E-3	-1.462E-4	5.175E-3	-9.784E-2	8.805E-3	9.823E-2
0.050	6.474E-4	6.105E-4	8.898E-4	-2.421E-3	-1.193E-3	2.699E-3	-0.272	-0.107	0.293
0.067	6.241E-4	5.881E-4	8.575E-4	-2.259E-3	-3.360E-3	4.048E-3	7.378E-2	1.111E-2	7.461E-2
0.083	5.720E-4	4.984E-4	7.587E-4	-6.989E-4	-1.877E-3	2.003E-3	4.152E-2	0.228	0.231
0.100	6.008E-4	5.254E-4	7.981E-4	1.651E-4	5.037E-3	5.039E-3	-9.568E-2	1.341E-2	9.661E-2
0.117	5.775E-4	6.664E-4	8.818E-4	-4.272E-3	2.214E-4	4.278E-3	-0.116	-0.146	0.187
0.133	4.582E-4	5.328E-4	7.028E-4	-4.667E-3	-3.353E-3	5.746E-3	0.133	-0.147	0.198
0.150	4.218E-4	5.545E-4	6.967E-4	8.490E-4	-1.742E-3	1.937E-3	0.235	0.175	0.293
0.167	4.866E-4	4.747E-4	6.798E-4	3.698E-3	2.307E-4	3.705E-3	0.128	0.152	0.199
0.184	5.452E-4	5.622E-4	7.832E-4	4.501E-3	5.196E-3	6.874E-3	-0.112	0.122	0.165
0.200	6.367E-4	6.481E-4	9.086E-4	9.129E-4	3.755E-3	3.864E-3	-0.174	-0.131	0.218
0.217	5.756E-4	6.875E-4	8.967E-4	-2.871E-3	6.816E-4	2.951E-3	-6.198E-2	-8.146E-2	0.102
0.234	5.409E-4	6.708E-4	8.618E-4	-5.013E-4	5.363E-4	7.341E-4	0.130	-0.151	0.199
0.250	5.589E-4	7.054E-4	9.000E-4	1.712E-3	-2.948E-3	3.409E-3	9.403E-3	-3.940E-2	4.051E-2
0.267	5.981E-4	5.725E-4	8.279E-4	9.029E-5	-3.124E-3	3.125E-3	-1.529E-3	1.812E-2	1.819E-2
0.284	5.619E-4	6.012E-4	8.229E-4	5.394E-4	3.181E-6	5.394E-4	-0.232	0.170	0.287
0.300	6.161E-4	5.726E-4	8.411E-4	-5.324E-3	9.734E-4	5.412E-3	-3.651E-2	3.176E-2	4.839E-2
0.317	3.843E-4	6.337E-4	7.411E-4	-4.811E-3	2.274E-3	5.321E-3	0.187	-6.751E-2	0.199
0.334	4.555E-4	6.485E-4	7.925E-4	4.671E-3	-1.691E-3	4.968E-3	0.174	-0.103	0.203
0.350	5.401E-4	5.772E-4	7.905E-4	4.809E-4	-2.033E-3	2.090E-3	-0.108	3.940E-2	0.115
0.367	4.716E-4	5.806E-4	7.480E-4	-7.714E-4	5.773E-4	9.635E-4	-5.851E-2	0.195	0.204
0.384	5.144E-4	5.965E-4	7.877E-4	4.416E-4	3.846E-3	3.871E-3	3.105E-2	-1.407E-2	3.409E-2
0.400	4.863E-4	7.089E-4	8.597E-4	-9.274E-4	1.613E-3	1.861E-3	3.265E-2	-9.524E-2	0.101
0.417	4.835E-4	6.503E-4	8.103E-4	1.773E-3	-1.498E-3	2.321E-3	4.980E-2	-0.184	0.191
0.434	5.455E-4	6.590E-4	8.554E-4	1.499E-3	-2.753E-3	3.135E-3	-3.926E-2	2.351E-2	4.576E-2
0.450	5.335E-4	5.585E-4	7.723E-4	-4.825E-4	-2.447E-3	2.494E-3	-3.794E-2	-1.350E-2	4.027E-2
0.467	5.294E-4	5.773E-4	7.833E-4	5.096E-4	-1.358E-3	1.451E-3	5.776E-3	0.208	0.208
0.484	5.505E-4	5.131E-4	7.525E-4	6.351E-5	2.375E-3	2.376E-3	-1.518E-2	6.097E-2	6.283E-2
0.500	5.315E-4	6.566E-4	8.447E-4	-5.340E-4	3.533E-3	3.573E-3	7.633E-3	-7.715E-2	7.753E-2
0.517	5.327E-4	6.310E-4	8.258E-4	5.880E-4	-2.410E-3	2.481E-3	3.033E-2	-0.217	0.219
0.534	5.511E-4	5.762E-4	7.973E-4	6.108E-4	-3.228E-3	3.285E-3	-9.788E-3	-3.852E-2	3.974E-2
0.551	5.530E-4	5.233E-4	7.614E-4	5.431E-5	-3.505E-3	3.505E-3	-8.141E-2	9.274E-2	0.123
0.567	5.529E-4	4.592E-4	7.188E-4	-1.796E-3	-6.885E-4	1.924E-3	0.164	0.279	0.324
0.584	4.931E-4	5.003E-4	7.025E-4	3.946E-3	6.220E-3	7.366E-3	-2.853E-2	7.528E-2	8.051E-2
0.601	6.846E-4	6.668E-4	9.556E-4	1.137E-3	3.387E-3	3.573E-3	-0.170	-0.182	0.250
0.617	5.310E-4	6.134E-4	8.113E-4	-6.200E-3	-2.400E-3	6.649E-3	0.256	-0.234	0.347
0.634	4.777E-4	5.867E-4	7.566E-4	1.012E-2	-3.052E-3	1.057E-2	0.263	2.329E-2	0.264
0.651	8.686E-4	5.115E-4	1.008E-3	8.142E-3	-2.446E-3	8.502E-3	-0.330	-2.650E-2	0.331
0.667	7.494E-4	5.051E-4	9.037E-4	-7.172E-3	-2.796E-3	7.698E-3	-0.517	8.135E-3	0.517
0.684	6.293E-4	4.182E-4	7.556E-4	-6.959E-3	-3.413E-3	7.751E-3	0.202	1.482E-2	0.203
0.701	5.172E-4	3.912E-4	6.485E-4	-1.149E-3	-1.468E-3	1.864E-3	0.247	-0.175	0.303
0.717	5.909E-4	3.692E-4	6.968E-4	3.029E-3	-8.451E-3	8.977E-3	-5.869E-2	-0.246	0.252
0.734	6.182E-4	1.092E-4	6.278E-4	-3.559E-3	-1.221E-2	1.271E-2	-0.226	-0.396	0.456
0.751	4.722E-4	-3.801E-5	4.737E-4	-6.158E-3	-1.831E-2	1.932E-2	0.155	-0.265	0.307
0.767	4.128E-4	-5.018E-4	6.498E-4	2.259E-3	-2.468E-2	2.479E-2	0.182	-0.446	0.482
0.784	5.476E-4	-8.616E-4	1.021E-3	2.073E-3	-2.978E-2	2.985E-2	4.943E-3	-3.947E-2	3.978E-2
0.801	4.819E-4	-1.495E-3	1.571E-3	-6.004E-4	-2.994E-2	2.995E-2	-1.868E-2	0.175	0.176
0.817	5.275E-4	-1.861E-3	1.934E-3	3.194E-3	-2.066E-2	2.090E-2	-3.778E-2	0.314	0.316
0.834	5.885E-4	-2.185E-3	2.263E-3	-1.473E-3	-2.016E-2	2.021E-2	-8.706E-3	-0.441	0.441
0.851	4.784E-4	-2.533E-3	2.578E-3	3.759E-4	-3.389E-2	3.389E-2	0.117	-0.107	0.158
0.868	6.011E-4	-3.316E-3	3.370E-3	5.421E-3	-2.978E-2	3.027E-2	6.549E-2	4.854E-2	8.152E-2
0.884	6.593E-4	-3.527E-3	3.588E-3	1.322E-3	-2.392E-2	2.396E-2	-0.163	-0.342	0.379
0.901	6.452E-4	-4.114E-3	4.164E-3	-4.123E-4	-4.539E-2	4.539E-2	4.582E-2	-0.441	0.444
0.918	6.455E-4	-5.042E-3	5.083E-3	2.876E-3	-4.192E-2	4.202E-2	8.337E-2	0.197	0.213
0.934	7.411E-4	-5.513E-3	5.562E-3	3.450E-3	-3.281E-2	3.299E-2	-0.126	0.135	0.185
0.951	7.606E-4	-6.136E-3	6.183E-3	-1.953E-3	-4.027E-2	4.032E-2	-0.164	-0.366	0.401
0.968	6.760E-4	-6.856E-3	6.890E-3	-2.907E-3	-4.494E-2	4.504E-2	-0.128	-0.367	0.389
0.984	6.636E-4	-7.636E-3	7.665E-3	-4.615E-3	-5.189E-2	5.209E-2	7.389E-2	0.373	0.380
1.001	5.220E-4	-8.588E-3	8.604E-3	-2.687E-3	-3.664E-2	3.674E-2	4.784E-2	0.675	0.677
1.018	5.740E-4	-8.858E-3	8.877E-3	-3.172E-4	-2.197E-2	2.198E-2	0.338	0.860	0.924
1.034	5.114E-4	-9.321E-3	9.335E-3	5.474E-3	-1.441E-2	1.541E-2	-5.258E-2	0.300	0.305
1.051	7.566E-4	-9.339E-3	9.370E-3	2.760E-3	-6.552E-3	7.110E-3	-0.337	-9.905E-2	0.352
1.068	6.035E-4	-9.540E-3	9.559E-3	-1.035E-2	-2.003E-2	2.254E-2	-0.144	-0.488	0.509
1.084	4.114E-4	-1.001E-2	1.002E-2	-2.042E-3	-2.482E-2	2.490E-2	0.348	-7.748E-3	0.348
1.101	5.354E-4	-1.037E-2	1.038E-2	4.543E-3	-1.864E-2	1.919E-2	-8.802E-2	-0.129	0.156
1.118	5.630E-4	-1.063E-2	1.064E-2	-6.055E-3	-2.712E-2	2.778E-2	-0.219	-0.242	0.327
1.134	3.333E-4	-1.127E-2	1.128E-2	-5.712E-3	-3.142E-2	3.194E-2	0.153	-0.440	0.466
1.151	3.724E-4	-1.168E-2	1.168E-2	2.449E-3	-3.640E-2	3.648E-2	0.220	-0.242	0.327
1.168	4.150E-4	-1.249E-2	1.249E-2	7.784E-4	-4.452E-2	4.453E-2	-0.125	-0.513	0.528
1.185	3.984E-4	-1.316E-2	1.317E-2	-2.091E-3	-4.941E-2	4.945E-2	5.668E-2	-5.133E-2	7.647E-2
1.201	3.452E-4	-1.414E-2	1.414E-2	1.886E-3	-5.045E-2	5.048E-2	-5.556E-3	1.141E-2	1.269E-2
1.218	4.613E-4	-1.485E-2	1.485E-2	2.822E-4	-4.517E-2	4.517E-2	-2.905E-2	9.102E-2	9.555E-2
1.235	3.547E-4	-1.564E-2	1.565E-2	-2.300E-3	-4.905E-2	4.911E-2	0.175	5.132E-2	0.183
1.251	3.846E-4	-1.648E-2	1.649E-2	7.447E-3	-4.435E-2	4.497E-2	5.580E-2	0.433	0.436
1.268	6.031E-4	-1.712E-2	1.713E-2	2.156E-3	-3.339E-2	3.346E-2	-9.648E-2	0.305	0.320
1.285	4.565E-4	-1.760E-2	1.760E-2	-8.418E-4	-3.300E-2	3.301E-2	-0.181	-9.377E-2	0.204
1.301	5.751E-4	-1.822E-2	1.823E-2	8.412E-4	-3.838E-2	3.839E-2	-2.102E-2	-0.117	0.119
1.318	4.846E-4	-1.888E-2	1.888E-2	-4.587E-3	-3.687E-2	3.716E-2	-8.430E-2	2.096E-2	8.687E-2
1.335	4.220E-4	-1.945E-2	1.946E-2	-1.203E-3	-3.657E-2	3.659E-2	0.118	-5.295E-2	0.129
1.351	4.445E-4	-2.010E-2	2.010E-2	1.302E-4	-3.946E-2	3.947E-2	0.167	0.118	0.205
1.368	4.263E-4	-2.077E-2	2.078E-2	3.070E-3	-3.352E-2	3.366E-2	-0.202	-0.211	0.292
1.385	5.469E-4	-2.122E-2	2.122E-2	-3.675E-3	-4.227E-2	4.243E-2	-0.134	-0.172	0.218
1.401	3.037E-4	-2.218E-2	2.218E-2	-6.300E-3	-4.628E-2	4.671E-2	8.116E-2	-0.365	0.374
1.418	3.367E-4	-2.276E-2	2.276E-2	2.833E-3	-4.719E-2	4.728E-2	0.479	0.106	0.491
1.435	3.983E-4	-2.376E-2	2.376E-2	8.122E-3	-4.939E-2	5.005E-2	9.762E-2	-0.202	0.225
1.451	6.077E-4	-2.441E-2	2.442E-2	7.899E-3	-4.801E-2	4.866E-2	-0.314	-0.101	0.329
1.468	6.618E-4	-2.536E-2	2.537E-2	-3.359E-3	-5.675E-2	5.685E-2	-0.404	-0.226	0.463
1.485	4.956E-4	-2.630E-2	2.631E-2	-7.198E-3	-5.457E-2	5.504E-2	7.424E-2	-0.356	0.363
1.501	4.216E-4	-2.718E-2	2.718E-2	1.905E-4	-6.608E-2	6.608E-2	0.321	-0.417	0.527
1.518	5.020E-4	-2.851E-2	2.851E-2	4.496E-3	-7.357E-2	7.371E-2	1.605E-3	0.115	0.115
1.535	5.717E-4	-2.963E-2	2.964E-2	7.804E-5	-5.965E-2	5.965E-2	-6.718E-2	1.207	1.209
1.552	5.046E-4	-3.050E-2	3.050E-2	4.851E-4	-3.443E-2	3.443E-2	-6.226E-2	0.447	0.452
1.568	5.878E-4	-3.078E-2	3.079E-2	5.133E-4	-3.787E-2	3.787E-2	-0.374	-2.798E-2	0.375
1.585	5.217E-4	-3.176E-2	3.177E-2	-1.266E-2	-4.569E-2	4.741E-2	7.792E-3	-0.521	0.521
1.602	1.654E-4	-3.231E-2	3.231E-2	-3.607E-3	-4.655E-2	4.669E-2	0.516	-0.258	0.577
1.618	4.014E-4	-3.332E-2	3.332E-2	1.128E-2	-6.017E-2	6.122E-2	0.235	-0.181	0.296
1.635	5.419E-4	-3.431E-2	3.432E-2	1.823E-3	-5.167E-2	5.170E-2	-0.335	0.303	0.452
1.652	4.622E-4	-3.504E-2	3.504E-2	-1.798E-3	-4.722E-2	4.726E-2	-7.698E-2	-0.199	0.213
1.668	4.819E-4	-3.589E-2	3.589E-2	1.067E-3	-5.936E-2	5.937E-2	8.679E-2	0.109	0.140
1.685	4.978E-4	-3.702E-2	3.702E-2	6.769E-4	-4.822E-2	4.822E-2	-4.946E-2	0.715	0.717
1.702	5.045E-4	-3.750E-2	3.750E-2	-5.136E-4	-2.872E-2	2.872E-2	-3.656E-2	0.666	0.667
1.718	4.807E-4	-3.798E-2	3.798E-2	-8.493E-4	-2.878E-2	2.879E-2	0.151	-0.323	0.357
1.735	4.762E-4	-3.846E-2	3.846E-2	4.193E-3	-3.817E-2	3.840E-2	8.290E-2	0.103	0.133
1.752	6.206E-4	-3.925E-2	3.926E-2	3.802E-3	-3.043E-2	3.067E-2	-1.143E-2	9.604E-3	1.493E-2
1.768	6.030E-4	-3.947E-2	3.948E-2	1.433E-3	-2.935E-2	2.938E-2	-0.130	-0.253	0.285
1.785	6.684E-4	-4.023E-2	4.024E-2	1.261E-3	-4.583E-2	4.585E-2	0.122	-0.189	0.224
1.802	6.451E-4	-4.100E-2	4.101E-2	3.657E-3	-3.510E-2	3.529E-2	-4.831E-2	0.747	0.748
1.818	7.904E-4	-4.140E-2	4.141E-2	2.377E-3	-1.842E-2	1.858E-2	3.257E-2	0.361	0.362
1.835	7.244E-4	-4.162E-2	4.162E-2	1.442E-3	-2.183E-2	2.188E-2	-1.783E-2	-0.468	0.468
1.852	8.385E-4	-4.213E-2	4.214E-2	4.555E-3	-3.651E-2	3.680E-2	-0.254	-9.825E-2	0.272
1.869	8.764E-4	-4.284E-2	4.285E-2	-7.106E-3	-2.761E-2	2.851E-2	-0.124	0.202	0.237
1.885	6.014E-4	-4.305E-2	4.306E-2	-3.747E-3	-2.326E-2	2.356E-2	0.256	-0.146	0.294
1.902	7.514E-4	-4.361E-2	4.362E-2	6.730E-3	-3.704E-2	3.765E-2	9.076E-2	-0.611	0.617
1.919	8.260E-4	-4.429E-2	4.430E-2	-2.227E-3	-4.280E-2	4.285E-2	-0.160	4.741E-2	0.167
1.935	6.771E-4	-4.504E-2	4.505E-2	-1.299E-3	-3.683E-2	3.685E-2	0.178	0.238	0.297
1.952	7.826E-4	-4.552E-2	4.552E-2	6.791E-3	-3.170E-2	3.242E-2	0.107	0.321	0.338
1.969	9.037E-4	-4.610E-2	4.611E-2	2.057E-3	-2.905E-2	2.913E-2	-0.161	-0.101	0.190
1.985	8.513E-4	-4.649E-2	4.649E-2	-5.042E-4	-3.173E-2	3.174E-2	-0.200	9.451E-2	0.221
2.002	8.869E-4	-4.716E-2	4.717E-2	-2.466E-3	-3.054E-2	3.064E-2	2.115E-2	4.969E-2	5.400E-2
2.019	7.690E-4	-4.750E-2	4.751E-2	-2.186E-3	-2.544E-2	2.553E-2	4.658E-2	6.739E-3	4.707E-2
2.035	8.139E-4	-4.801E-2	4.801E-2	1.333E-3	-3.264E-2	3.267E-2	4.972E-2	4.489E-2	6.699E-2
2.052	8.135E-4	-4.859E-2	4.860E-2	-1.414E-3	-2.544E-2	2.547E-2	-0.269	0.283	0.391
2.069	7.667E-4	-4.885E-2	4.886E-2	-7.223E-3	-1.946E-2	2.075E-2	-6.251E-2	0.215	0.223
2.085	5.725E-4	-4.924E-2	4.925E-2	-5.450E-3	-2.109E-2	2.179E-2	0.223	-0.277	0.355
2.102	5.849E-4	-4.956E-2	4.956E-2	2.372E-3	-2.643E-2	2.654E-2	0.201	-0.438	0.482
2.119	6.516E-4	-5.013E-2	5.013E-2	1.237E-3	-3.766E-2	3.768E-2	4.319E-2	-3.522E-2	5.573E-2
2.135	6.262E-4	-5.081E-2	5.082E-2	2.252E-3	-2.930E-2	2.939E-2	-0.232	0.243	0.336
2.152	7.267E-4	-5.110E-2	5.111E-2	-3.636E-3	-2.455E-2	2.482E-2	-0.139	6.338E-3	0.139
2.169	5.048E-4	-5.163E-2	5.164E-2	-6.644E-3	-3.275E-2	3.342E-2	0.249	-0.394	0.466
2.186	5.051E-4	-5.220E-2	5.220E-2	6.963E-3	-3.650E-2	3.716E-2	6.455E-3	-0.142	0.142
2.202	7.372E-4	-5.285E-2	5.286E-2	-2.980E-3	-3.831E-2	3.843E-2	-0.229	-0.319	0.393
2.219	4.056E-4	-5.347E-2	5.348E-2	-8.160E-3	-4.531E-2	4.604E-2	-2.980E-2	3.818E-2	4.844E-2
2.236	4.649E-4	-5.436E-2	5.437E-2	2.006E-3	-4.121E-2	4.125E-2	0.362	0.331	0.490
2.252	4.725E-4	-5.485E-2	5.485E-2	1.630E-3	-2.959E-2	2.964E-2	-0.141	0.304	0.335
2.269	5.193E-4	-5.535E-2	5.535E-2	-1.530E-3	-3.258E-2	3.262E-2	5.565E-2	9.270E-2	0.108
2.286	4.215E-4	-5.594E-2	5.594E-2	1.089E-3	-2.813E-2	2.815E-2	-8.101E-2	5.014E-2	9.527E-2
2.302	5.556E-4	-5.629E-2	5.629E-2	-4.195E-4	-2.765E-2	2.765E-2	-0.218	-0.484	0.530
2.319	4.075E-4	-5.686E-2	5.686E-2	-9.501E-3	-4.547E-2	4.646E-2	-0.241	-0.373	0.444
2.336	2.386E-4	-5.781E-2	5.781E-2	-7.761E-3	-4.421E-2	4.489E-2	0.213	0.124	0.246
2.352	1.485E-4	-5.833E-2	5.833E-2	-2.109E-3	-3.553E-2	3.559E-2	7.443E-2	0.231	0.243
2.369	1.683E-4	-5.899E-2	5.899E-2	-3.943E-3	-3.944E-2	3.964E-2	0.274	-6.898E-2	0.282
2.386	1.697E-5	-5.965E-2	5.965E-2	3.324E-3	-3.753E-2	3.768E-2	-9.454E-2	0.169	0.194
2.402	2.792E-4	-6.024E-2	6.025E-2	-5.076E-4	-3.356E-2	3.356E-2	-7.651E-2	-0.268	0.279
2.419	3.707E-8	-6.077E-2	6.077E-2	-7.021E-3	-4.431E-2	4.486E-2	0.218	-0.601	0.639
2.436	4.487E-5	-6.172E-2	6.172E-2	1.070E-2	-5.751E-2	5.850E-2	0.285	0.168	0.330
2.452	3.570E-4	-6.269E-2	6.269E-2	5.293E-3	-3.960E-2	3.995E-2	-0.274	0.480	0.553
2.469	2.215E-4	-6.304E-2	6.304E-2	-4.010E-3	-3.436E-2	3.459E-2	-0.534	1.006E-2	0.534
2.486	2.231E-4	-6.384E-2	6.384E-2	-8.245E-3	-4.583E-2	4.656E-2	0.100	-5.484E-2	0.114
2.502	-5.364E-5	-6.457E-2	6.457E-2	-5.262E-3	-3.518E-2	3.557E-2	0.231	0.496	0.547
2.519	4.757E-5	-6.501E-2	6.501E-2	4.158E-3	-2.679E-2	2.712E-2	0.307	9.940E-2	0.322
2.536	8.511E-5	-6.547E-2	6.547E-2	2.734E-3	-3.263E-2	3.274E-2	-5.350E-2	-0.229	0.236
2.553	1.388E-4	-6.610E-2	6.610E-2	2.838E-3	-3.606E-2	3.617E-2	-0.322	9.006E-3	0.322
2.569	1.798E-4	-6.667E-2	6.667E-2	-6.849E-3	-3.151E-2	3.225E-2	-0.451	3.422E-2	0.453
2.586	-8.975E-5	-6.715E-2	6.715E-2	-1.499E-2	-3.363E-2	3.683E-2	-2.088E-3	-0.153	0.153
2.603	-3.205E-4	-6.779E-2	6.779E-2	-6.329E-3	-3.847E-2	3.898E-2	0.154	-8.054E-2	0.173
2.619	-3.009E-4	-6.843E-2	6.843E-2	-6.757E-3	-3.592E-2	3.655E-2	-5.424E-2	0.159	0.168
2.636	-5.460E-4	-6.899E-2	6.899E-2	-1.188E-2	-3.261E-2	3.470E-2	-3.710E-2	-0.121	0.127
2.653	-6.973E-4	-6.952E-2	6.952E-2	-6.435E-3	-3.900E-2	3.953E-2	0.253	-8.448E-2	0.267
2.669	-7.607E-4	-7.029E-2	7.030E-2	-3.169E-3	-3.872E-2	3.885E-2	0.135	0.230	0.266
2.686	-8.030E-4	-7.081E-2	7.082E-2	-2.190E-3	-2.850E-2	2.859E-2	-0.146	0.353	0.382
2.703	-8.338E-4	-7.124E-2	7.125E-2	-7.272E-3	-2.709E-2	2.805E-2	-2.136E-2	-7.003E-2	7.321E-2
2.719	-1.046E-3	-7.172E-2	7.172E-2	-5.527E-3	-3.116E-2	3.165E-2	2.329E-2	-0.157	0.158
2.736	-1.018E-3	-7.228E-2	7.229E-2	-3.006E-3	-3.309E-2	3.322E-2	0.127	-4.744E-2	0.136
2.753	-1.146E-3	-7.282E-2	7.283E-2	-4.141E-3	-3.209E-2	3.236E-2	-0.169	-0.343	0.382
2.769	-1.156E-3	-7.335E-2	7.336E-2	-6.170E-3	-4.306E-2	4.350E-2	3.078E-2	-0.137	0.141
2.786	-1.352E-3	-7.426E-2	7.427E-2	-6.014E-3	-4.162E-2	4.205E-2	-0.138	0.368	0.393
2.803	-1.357E-3	-7.474E-2	7.476E-2	-7.357E-3	-2.608E-2	2.710E-2	-0.154	0.406	0.434
2.819	-1.597E-3	-7.513E-2	7.514E-2	-1.402E-2	-2.823E-2	3.152E-2	-0.200	0.164	0.259
2.836	-1.825E-3	-7.569E-2	7.571E-2	-1.302E-2	-2.388E-2	2.720E-2	0.360	-0.335	0.492
2.853	-2.032E-3	-7.592E-2	7.595E-2	-3.188E-3	-3.324E-2	3.339E-2	0.442	-0.255	0.511
2.870	-1.931E-3	-7.679E-2	7.682E-2	4.495E-3	-4.080E-2	4.105E-2	0.132	0.412	0.433
2.886	-1.882E-3	-7.729E-2	7.731E-2	-9.155E-5	-1.554E-2	1.554E-2	-0.393	0.579	0.700
2.903	-1.934E-3	-7.731E-2	7.734E-2	-8.508E-3	-1.693E-2	1.895E-2	-4.698E-2	-0.364	0.367
2.920	-2.166E-3	-7.785E-2	7.788E-2	-4.141E-3	-3.381E-2	3.406E-2	0.132	-0.822	0.832
2.936	-2.073E-3	-7.844E-2	7.847E-2	1.951E-4	-4.171E-2	4.171E-2	3.267E-2	-3.164E-2	4.548E-2
2.953	-2.159E-3	-7.924E-2	7.927E-2	-5.881E-3	-3.789E-2	3.835E-2	-8.776E-2	8.001E-2	0.119
2.970	-2.269E-3	-7.971E-2	7.974E-2	-2.712E-3	-3.431E-2	3.441E-2	0.256	6.056E-2	0.263
2.986	-2.250E-3	-8.039E-2	8.042E-2	3.512E-3	-3.940E-2	3.955E-2	5.074E-2	5.954E-2	7.822E-2
3.003	-2.152E-3	-8.102E-2	8.105E-2	-4.814E-5	-3.184E-2	3.184E-2	-0.136	0.274	0.306
3.020	-2.251E-3	-8.145E-2	8.148E-2	-3.413E-3	-2.834E-2	2.854E-2	-4.738E-2	-7.491E-2	8.864E-2
3.036	-2.266E-3	-8.197E-2	8.200E-2	-1.516E-4	-3.533E-2	3.533E-2	-0.123	0.854	0.863
3.053	-2.256E-3	-8.263E-2	8.266E-2	-6.654E-3	-5.595E-3	8.693E-3	-0.241	3.945	3.952
3.070	-2.488E-3	-8.215E-2	8.219E-2	-1.078E-2	9.691E-2	9.750E-2	-0.227	5.209	5.214
3.086	-2.616E-3	-7.939E-2	7.944E-2	-1.174E-2	0.181	0.181	1.455E-2	3.453	3.453
3.103	-2.879E-3	-7.612E-2	7.618E-2	-1.237E-2	0.205	0.206	5.471E-2	2.427	2.428
3.120	-3.029E-3	-7.254E-2	7.260E-2	-8.442E-3	0.256	0.256	7.678E-2	2.674	2.675
3.136	-3.161E-3	-6.757E-2	6.765E-2	-9.868E-3	0.304	0.304	-0.377	1.978	2.013
3.153	-3.358E-3	-6.239E-2	6.248E-2	-2.042E-2	0.317	0.318	-0.425	0.935	1.027
3.170	-3.842E-3	-5.699E-2	5.712E-2	-2.656E-2	0.335	0.336	-0.147	1.524	1.531
3.187	-4.245E-3	-5.122E-2	5.140E-2	-2.350E-2	0.367	0.368	0.359	1.336	1.384
3.203	-4.626E-3	-4.474E-2	4.497E-2	-1.579E-2	0.384	0.385	0.537	0.841	0.998
3.220	-4.771E-3	-3.839E-2	3.869E-2	-4.267E-3	0.390	0.390	0.486	6.675E-2	0.491
3.237	-4.769E-3	-3.173E-2	3.209E-2	6.194E-4	0.391	0.391	-9.005E-2	-0.180	0.201
3.253	-4.751E-3	-2.534E-2	2.578E-2	-6.667E-3	0.380	0.381	0.111	4.844E-2	0.122
3.270	-4.991E-3	-1.904E-2	1.968E-2	1.850E-6	0.391	0.391	0.755	0.341	0.828
3.287	-4.751E-3	-1.229E-2	1.317E-2	2.258E-2	0.397	0.398	0.849	0.982	1.298
3.303	-4.238E-3	-5.786E-3	7.172E-3	2.887E-2	0.416	0.417	-3.530E-2	0.473	0.474
3.320	-3.787E-3	1.600E-3	4.111E-3	2.061E-2	0.424	0.425	-0.284	-4.887E-2	0.288
3.337	-3.550E-3	8.369E-3	9.090E-3	1.739E-2	0.405	0.406	0.148	-9.326E-2	0.175
3.353	-3.207E-3	1.513E-2	1.547E-2	2.650E-2	0.421	0.422	-0.150	-0.165	0.223
3.370	-2.666E-3	2.243E-2	2.259E-2	1.599E-2	0.409	0.409	-0.731	-1.174	1.383
3.387	-2.674E-3	2.877E-2	2.889E-2	-3.091E-3	0.373	0.373	-0.298	-1.289	1.323
3.403	-2.769E-3	3.486E-2	3.497E-2	5.977E-3	0.367	0.368	0.676	-0.454	0.814
3.420	-2.474E-3	4.103E-2	4.110E-2	2.248E-2	0.360	0.361	0.223	-0.408	0.465
3.437	-2.019E-3	4.689E-2	4.693E-2	1.489E-2	0.351	0.351	-0.211	-0.828	0.855
3.453	-1.977E-3	5.274E-2	5.278E-2	1.012E-2	0.336	0.336	-0.619	-0.196	0.649
3.470	-1.681E-3	5.811E-2	5.813E-2	6.507E-4	0.338	0.338	-0.414	-0.725	0.834
3.487	-1.956E-3	6.402E-2	6.405E-2	-1.051E-2	0.323	0.323	0.243	-0.634	0.679
3.503	-2.032E-3	6.889E-2	6.892E-2	1.073E-2	0.304	0.304	0.188	-0.687	0.712
3.520	-1.598E-3	7.416E-2	7.418E-2	2.616E-3	0.309	0.309	-0.278	0.138	0.310
3.537	-1.944E-3	7.920E-2	7.923E-2	-9.075E-3	0.305	0.305	-0.373	-0.455	0.588
3.554	-1.900E-3	8.432E-2	8.434E-2	-2.432E-3	0.297	0.297	0.227	-0.645	0.684
3.570	-2.025E-3	8.911E-2	8.913E-2	-4.975E-3	0.281	0.281	-0.111	-0.470	0.483
3.587	-2.066E-3	9.369E-2	9.371E-2	-4.427E-3	0.280	0.280	0.106	-0.153	0.186
3.604	-2.173E-3	9.845E-2	9.848E-2	-2.860E-3	0.279	0.279	0.402	-0.438	0.594
3.620	-2.162E-3	0.103	0.103	9.071E-3	0.264	0.264	2.929E-2	-0.717	0.718
3.637	-1.870E-3	0.107	0.107	2.193E-3	0.254	0.254	-0.192	-9.475E-2	0.214
3.654	-2.089E-3	0.111	0.111	-4.176E-3	0.261	0.261	-0.150	-5.506E-2	0.160
3.670	-2.010E-3	0.116	0.116	2.268E-3	0.256	0.256	0.125	-0.709	0.720
3.687	-2.013E-3	0.120	0.120	-1.753E-3	0.234	0.234	-0.173	-0.683	0.704
3.704	-2.068E-3	0.124	0.124	-3.564E-3	0.231	0.231	-0.114	-9.081E-2	0.146
3.720	-2.132E-3	0.128	0.128	-5.216E-3	0.235	0.235	0.100	-0.234	0.255
3.737	-2.242E-3	0.132	0.132	-1.334E-3	0.222	0.222	0.117	-0.571	0.583
3.754	-2.176E-3	0.135	0.135	8.520E-4	0.214	0.214	0.106	-0.338	0.354
3.770	-2.214E-3	0.139	0.139	2.089E-4	0.213	0.213	-5.154E-3	5.117E-2	5.143E-2
3.787	-2.169E-3	0.142	0.142	1.929E-3	0.215	0.215	0.113	-0.117	0.162
3.804	-2.150E-3	0.146	0.146	3.133E-3	0.211	0.211	-0.285	-0.737	0.790
3.820	-2.065E-3	0.149	0.149	-5.408E-3	0.189	0.190	-0.473	-0.652	0.805
3.837	-2.330E-3	0.152	0.152	-1.591E-2	0.185	0.186	-0.447	0.113	0.461
3.854	-2.596E-3	0.155	0.155	-1.847E-2	0.198	0.198	0.682	0.346	0.765
3.871	-2.946E-3	0.159	0.159	2.735E-3	0.197	0.197	0.525	-0.380	0.649
3.887	-2.505E-3	0.162	0.162	8.737E-3	0.184	0.185	-7.678E-2	-0.901	0.905
3.904	-2.655E-3	0.165	0.165	-8.372E-3	0.166	0.166	-0.446	-9.488E-2	0.456
3.921	-2.784E-3	0.168	0.168	-3.962E-3	0.177	0.177	-0.267	-0.132	0.298
3.937	-2.787E-3	0.171	0.171	-1.428E-2	0.173	0.173	7.306E-2	-0.260	0.270
3.954	-3.261E-3	0.173	0.173	-8.885E-3	0.157	0.157	0.377	-0.364	0.524
3.971	-3.083E-3	0.176	0.176	6.492E-3	0.166	0.166	0.198	0.482	0.521
3.987	-3.044E-3	0.179	0.179	-5.184E-3	0.171	0.171	-0.310	-0.385	0.494
4.004	-3.256E-3	0.182	0.182	-6.334E-3	0.157	0.157	2.790E-2	-0.314	0.316
4.021	-3.255E-3	0.184	0.184	-1.173E-3	0.153	0.153	0.225	-0.235	0.326
4.037	-3.296E-3	0.187	0.187	-3.698E-4	0.157	0.157	-4.747E-3	-0.362	0.362
4.054	-3.268E-3	0.189	0.189	-2.946E-4	0.137	0.137	2.358E-2	-0.417	0.417
4.071	-3.305E-3	0.191	0.192	-6.612E-4	0.140	0.140	0.119	-3.591E-2	0.124
4.087	-3.290E-3	0.194	0.194	3.970E-3	0.143	0.143	-0.101	0.642	0.650
4.104	-3.173E-3	0.196	0.196	-2.094E-3	0.154	0.154	4.271E-2	-0.356	0.358
4.121	-3.360E-3	0.199	0.199	6.656E-4	0.143	0.143	6.864E-2	-0.283	0.291
4.137	-3.151E-3	0.201	0.201	5.841E-3	0.130	0.130	-7.517E-2	-0.338	0.347
4.154	-3.165E-3	0.204	0.204	-4.872E-3	0.142	0.143	-0.406	3.752E-2	0.407
4.171	-3.313E-3	0.206	0.206	-8.011E-3	0.128	0.128	7.574E-2	-0.570	0.575
4.188	-3.432E-3	0.208	0.208	-2.217E-3	0.121	0.121	0.131	7.764E-2	0.153
4.204	-3.387E-3	0.210	0.210	-1.719E-3	0.131	0.131	1.481E-3	0.369	0.369
4.221	-3.489E-3	0.212	0.212	-4.378E-3	0.136	0.136	-0.269	-0.728	0.776
4.238	-3.533E-3	0.214	0.214	-8.687E-3	0.109	0.109	-2.993E-2	-0.494	0.494
4.254	-3.779E-3	0.216	0.216	-8.281E-3	0.109	0.109	4.774E-2	0.803	0.804
4.271	-3.810E-3	0.218	0.218	-4.061E-3	0.145	0.145	-4.713E-2	0.298	0.302
4.288	-3.915E-3	0.221	0.221	-1.078E-2	0.123	0.124	-0.420	-0.672	0.793
4.304	-4.169E-3	0.222	0.222	-1.856E-2	0.109	0.111	8.362E-2	-0.403	0.411
4.321	-4.534E-3	0.224	0.224	-9.990E-3	0.120	0.121	0.438	4.079E-2	0.440
4.338	-4.503E-3	0.226	0.226	1.561E-4	0.107	0.107	0.239	-0.363	0.434
4.354	-4.529E-3	0.228	0.228	-3.879E-3	0.106	0.106	-0.175	-0.493	0.523
4.371	-4.632E-3	0.230	0.230	-6.121E-3	9.555E-2	9.575E-2	0.204	3.652E-2	0.207
4.388	-4.733E-3	0.231	0.231	2.097E-3	9.892E-2	9.894E-2	0.189	-0.258	0.319
4.404	-4.562E-3	0.233	0.233	3.466E-3	9.813E-2	9.819E-2	8.514E-2	-7.882E-3	8.551E-2
4.421	-4.617E-3	0.234	0.234	1.192E-3	8.820E-2	8.821E-2	-0.213	-3.491E-2	0.216
4.438	-4.522E-3	0.236	0.236	-4.915E-4	0.103	0.103	-0.349	0.458	0.576
4.454	-4.634E-3	0.238	0.238	-1.211E-2	0.103	0.104	-3.983E-2	-0.736	0.737
4.471	-4.926E-3	0.239	0.239	-4.365E-3	7.978E-2	7.990E-2	-8.631E-2	-0.540	0.546
4.488	-4.779E-3	0.240	0.240	-8.044E-3	7.715E-2	7.756E-2	0.137	-0.214	0.254
4.504	-5.195E-3	0.242	0.242	-8.782E-3	8.260E-2	8.306E-2	-0.501	0.492	0.702
4.521	-5.072E-3	0.243	0.243	-1.462E-2	8.517E-2	8.642E-2	-2.209E-2	-8.516E-2	8.797E-2
4.538	-5.682E-3	0.245	0.245	-2.040E-2	8.772E-2	9.006E-2	0.510	-0.265	0.575
4.555	-5.753E-3	0.246	0.246	8.354E-3	7.111E-2	7.160E-2	0.560	-0.682	0.882
4.571	-5.404E-3	0.247	0.247	2.236E-3	6.584E-2	6.587E-2	-0.501	-0.316	0.592
4.588	-5.678E-3	0.248	0.248	-1.562E-2	6.122E-2	6.318E-2	-0.248	0.254	0.355
4.605	-5.925E-3	0.249	0.249	-4.579E-3	7.160E-2	7.175E-2	0.267	0.267	0.378
4.621	-5.831E-3	0.251	0.251	-2.717E-3	7.584E-2	7.589E-2	4.244E-2	-0.459	0.461
4.638	-6.016E-3	0.252	0.252	-7.504E-3	5.349E-2	5.401E-2	-0.429	-0.448	0.621
4.655	-6.082E-3	0.252	0.252	-1.348E-2	5.629E-2	5.788E-2	-0.401	-1.616E-2	0.402
4.671	-6.465E-3	0.254	0.254	-2.398E-2	6.087E-2	6.543E-2	-0.232	0.173	0.289
4.688	-6.882E-3	0.254	0.255	-2.075E-2	5.578E-2	5.951E-2	0.601	-0.134	0.616
4.705	-7.158E-3	0.255	0.256	-4.327E-3	5.998E-2	6.013E-2	0.458	0.206	0.502
4.721	-7.026E-3	0.256	0.257	-1.268E-3	6.088E-2	6.089E-2	7.045E-2	0.228	0.239
4.738	-7.200E-3	0.257	0.258	-6.841E-3	6.801E-2	6.835E-2	-0.531	-0.232	0.580
4.755	-7.254E-3	0.259	0.259	-1.500E-2	5.630E-2	5.826E-2	-0.222	-0.404	0.461
4.771	-7.700E-3	0.259	0.259	-1.917E-2	4.815E-2	5.182E-2	7.378E-2	-0.493	0.498
4.788	-7.894E-3	0.260	0.260	-9.068E-3	4.589E-2	4.678E-2	0.167	-2.271E-3	0.167
4.805	-8.003E-3	0.261	0.261	-1.302E-2	4.297E-2	4.490E-2	0.127	-0.336	0.360
4.821	-8.329E-3	0.262	0.262	-8.605E-3	3.972E-2	4.065E-2	0.164	-0.289	0.332
4.838	-8.290E-3	0.262	0.262	-2.775E-3	2.925E-2	2.938E-2	-0.246	-8.997E-2	0.262
4.855	-8.421E-3	0.263	0.263	-1.834E-2	3.714E-2	4.142E-2	-0.437	0.429	0.612
4.872	-8.902E-3	0.263	0.264	-2.077E-2	4.568E-2	5.018E-2	-0.228	0.233	0.326
4.888	-9.114E-3	0.264	0.264	-2.098E-2	4.431E-2	4.902E-2	9.086E-2	2.944E-2	9.551E-2
4.905	-9.602E-3	0.265	0.265	-2.225E-2	4.549E-2	5.064E-2	1.158E-2	-0.552	0.552
4.922	-9.857E-3	0.266	0.266	-1.715E-2	2.983E-2	3.441E-2	0.337	-0.185	0.384
4.938	-1.017E-2	0.266	0.266	-1.336E-2	3.062E-2	3.341E-2	-0.447	-0.132	0.466
4.955	-1.030E-2	0.267	0.267	-2.737E-2	3.583E-2	4.509E-2	8.120E-2	0.263	0.275
4.972	-1.109E-2	0.267	0.267	-2.083E-2	3.103E-2	3.737E-2	0.378	-0.329	0.501
4.988	-1.100E-2	0.268	0.268	-3.239E-3	3.108E-2	3.125E-2	0.276	0.208	0.346
5.005	-1.120E-2	0.268	0.268	-1.708E-2	3.229E-2	3.653E-2	-0.454	0.112	0.468
5.022	-1.157E-2	0.269	0.269	-1.911E-2	3.979E-2	4.414E-2	-0.424	-0.251	0.493
5.038	-1.183E-2	0.269	0.270	-2.788E-2	2.327E-2	3.631E-2	-7.909E-3	-9.305E-2	9.338E-2
5.055	-1.250E-2	0.270	0.270	-2.531E-2	3.049E-2	3.963E-2	3.448E-2	0.351	0.353
5.072	-1.268E-2	0.271	0.271	-1.962E-2	4.371E-2	4.791E-2	0.168	-6.875E-2	0.182
5.088	-1.315E-2	0.271	0.271	-2.481E-2	2.490E-2	3.515E-2	8.543E-2	-0.778	0.782
5.105	-1.351E-2	0.271	0.272	-1.531E-2	1.518E-2	2.156E-2	-1.270E-2	-9.171E-2	9.258E-2
5.122	-1.366E-2	0.272	0.272	-2.224E-2	2.318E-2	3.212E-2	3.594E-2	0.757	0.758
5.138	-1.425E-2	0.272	0.272	-2.066E-2	4.033E-2	4.532E-2	0.144	0.211	0.256
5.155	-1.435E-2	0.273	0.273	-1.085E-2	3.489E-2	3.654E-2	5.882E-2	-0.173	0.183
5.172	-1.461E-2	0.273	0.274	-2.122E-2	2.702E-2	3.436E-2	-0.468	-0.239	0.526
5.189	-1.506E-2	0.274	0.274	-2.743E-2	3.222E-2	4.232E-2	-8.560E-2	-0.213	0.230
5.205	-1.552E-2	0.274	0.275	-2.391E-2	1.907E-2	3.059E-2	0.389	-0.516	0.646
5.222	-1.586E-2	0.275	0.275	-1.413E-2	1.230E-2	1.873E-2	0.107	0.213	0.238
5.239	-1.600E-2	0.275	0.275	-1.785E-2	2.675E-2	3.216E-2	-0.632	1.216	1.370
5.255	-1.645E-2	0.275	0.276	-3.738E-2	5.356E-2	6.531E-2	-0.720	2.011E-2	0.720
5.272	-1.724E-2	0.277	0.277	-4.383E-2	3.498E-2	5.607E-2	0.164	-0.779	0.796
5.289	-1.792E-2	0.277	0.277	-3.086E-2	1.388E-2	3.384E-2	0.777	-0.970	1.243
5.305	-1.827E-2	0.277	0.278	-1.638E-2	1.303E-2	2.093E-2	0.398	0.275	0.484
5.322	-1.846E-2	0.277	0.278	-1.675E-2	1.512E-2	2.257E-2	-0.103	0.238	0.259
5.339	-1.883E-2	0.278	0.278	-2.206E-2	2.781E-2	3.550E-2	0.123	0.439	0.456
5.355	-1.920E-2	0.278	0.279	-1.312E-2	2.644E-2	2.952E-2	0.389	-0.279	0.479
5.372	-1.927E-2	0.278	0.279	-6.258E-3	2.049E-2	2.142E-2	-0.166	-0.416	0.447
5.389	-1.941E-2	0.279	0.279	-1.897E-2	1.051E-2	2.169E-2	-0.590	-0.344	0.683
5.405	-1.990E-2	0.279	0.279	-2.884E-2	9.243E-3	3.029E-2	-0.185	5.169E-2	0.192
5.422	-2.037E-2	0.279	0.280	-2.395E-2	1.258E-2	2.706E-2	0.223	9.563E-3	0.223
5.439	-2.070E-2	0.279	0.280	-2.030E-2	1.063E-2	2.292E-2	0.221	-0.194	0.294
5.455	-2.105E-2	0.279	0.280	-1.771E-2	4.823E-3	1.836E-2	0.162	-0.190	0.250
5.472	-2.129E-2	0.279	0.280	-1.406E-2	4.269E-3	1.470E-2	0.255	-5.211E-2	0.261
5.489	-2.152E-2	0.279	0.280	-9.936E-3	3.846E-3	1.065E-2	-0.345	0.267	0.436
5.505	-2.162E-2	0.279	0.280	-2.238E-2	1.132E-2	2.508E-2	-0.247	0.218	0.330
5.522	-2.226E-2	0.280	0.281	-2.513E-2	1.470E-2	2.911E-2	0.202	-1.597E-3	0.202
5.539	-2.246E-2	0.280	0.281	-9.899E-3	8.468E-3	1.303E-2	0.642	-0.151	0.659
5.556	-2.259E-2	0.280	0.281	-5.370E-3	9.977E-3	1.133E-2	-0.538	-0.221	0.581
5.572	-2.264E-2	0.280	0.281	-2.435E-2	3.078E-3	2.454E-2	-0.330	-0.331	0.467
5.589	-2.341E-2	0.280	0.281	-2.573E-2	-4.196E-3	2.607E-2	0.142	-0.143	0.202
5.606	-2.350E-2	0.280	0.281	-1.015E-2	-2.379E-4	1.016E-2	0.611	-3.544E-3	0.611
5.622	-2.375E-2	0.280	0.281	-1.014E-2	-3.193E-3	1.063E-2	-0.632	-0.149	0.650
5.639	-2.384E-2	0.280	0.281	-2.635E-2	-7.165E-3	2.731E-2	-0.529	-0.355	0.637
5.656	-2.462E-2	0.280	0.281	-3.595E-2	-1.297E-2	3.822E-2	0.353	-0.281	0.451
5.672	-2.504E-2	0.280	0.281	-1.048E-2	-1.887E-2	2.159E-2	0.176	-0.260	0.314
5.689	-2.497E-2	0.279	0.280	-2.366E-2	-2.001E-2	3.098E-2	-0.483	0.130	0.501
5.706	-2.583E-2	0.279	0.280	-3.834E-2	-1.619E-2	4.162E-2	-0.299	-0.113	0.319
5.722	-2.625E-2	0.279	0.280	-2.597E-2	-2.028E-2	3.295E-2	0.291	-0.285	0.407
5.739	-2.669E-2	0.278	0.280	-3.008E-2	-2.959E-2	4.219E-2	0.144	0.315	0.346
5.756	-2.726E-2	0.278	0.279	-2.358E-2	-1.066E-2	2.588E-2	0.671	0.472	0.820
5.772	-2.748E-2	0.278	0.279	-5.400E-3	-6.788E-3	8.674E-3	-0.736	-0.286	0.790
5.789	-2.744E-2	0.278	0.279	-4.106E-2	-2.612E-2	4.866E-2	-0.307	-0.593	0.668
5.806	-2.885E-2	0.277	0.279	-3.620E-2	-2.666E-2	4.496E-2	0.716	-1.592E-2	0.716
5.822	-2.865E-2	0.277	0.278	4.111E-3	-2.429E-2	2.464E-2	0.507	2.721E-2	0.508
5.839	-2.871E-2	0.276	0.278	-2.550E-2	-2.698E-2	3.712E-2	-1.111	-0.242	1.137
5.856	-2.950E-2	0.276	0.277	-3.901E-2	-3.159E-2	5.020E-2	-0.221	-1.497E-2	0.222
5.873	-3.002E-2	0.275	0.277	-2.802E-2	-2.948E-2	4.067E-2	0.199	0.217	0.294
5.889	-3.043E-2	0.275	0.276	-3.165E-2	-2.213E-2	3.861E-2	0.220	0.110	0.246
5.906	-3.107E-2	0.274	0.276	-2.496E-2	-2.572E-2	3.584E-2	-2.237E-2	-0.510	0.510
5.923	-3.126E-2	0.274	0.276	-2.558E-2	-3.936E-2	4.694E-2	-3.007E-2	-0.213	0.215
5.939	-3.192E-2	0.273	0.275	-3.286E-2	-3.640E-2	4.904E-2	-0.505	0.206	0.545
5.956	-3.236E-2	0.273	0.275	-3.693E-2	-2.740E-2	4.598E-2	-0.198	-0.111	0.227
5.973	-3.316E-2	0.272	0.274	-4.407E-2	-4.107E-2	6.024E-2	0.778	5.040E-2	0.780
5.989	-3.383E-2	0.271	0.273	-1.236E-2	-3.131E-2	3.366E-2	0.360	0.157	0.393
6.006	-3.357E-2	0.271	0.273	-1.956E-2	-2.621E-2	3.270E-2	0.107	-1.706E-2	0.109
6.023	-3.448E-2	0.270	0.273	-2.682E-2	-3.953E-2	4.777E-2	-0.931	-0.723	1.179
6.039	-3.446E-2	0.270	0.272	-3.277E-2	-4.627E-2	5.670E-2	-0.329	-0.158	0.365
6.056	-3.558E-2	0.269	0.271	-5.336E-2	-4.857E-2	7.215E-2	-6.767E-2	6.550E-2	9.418E-2
6.073	-3.624E-2	0.268	0.271	-2.810E-2	-4.108E-2	4.977E-2	0.254	-6.763E-3	0.254
6.089	-3.651E-2	0.268	0.270	-3.995E-2	-4.831E-2	6.269E-2	-0.430	9.110E-2	0.440
6.106	-3.758E-2	0.267	0.269	-5.257E-2	-4.250E-2	6.760E-2	0.328	0.310	0.451
6.123	-3.827E-2	0.266	0.269	-2.478E-2	-3.229E-2	4.070E-2	0.331	0.161	0.368
6.139	-3.840E-2	0.266	0.268	-3.460E-2	-3.967E-2	5.264E-2	0.157	-0.807	0.822
6.156	-3.942E-2	0.265	0.268	-3.339E-2	-5.765E-2	6.663E-2	-0.244	-0.532	0.585
6.173	-3.952E-2	0.264	0.267	-2.791E-2	-6.238E-2	6.834E-2	-4.833E-2	5.385E-3	4.863E-2
6.190	-4.035E-2	0.263	0.266	-4.587E-2	-5.269E-2	6.986E-2	-0.146	-0.246	0.286
6.206	-4.105E-2	0.262	0.265	-3.009E-2	-6.951E-2	7.574E-2	0.683	0.254	0.729
6.223	-4.136E-2	0.260	0.264	-2.012E-2	-5.371E-2	5.735E-2	9.695E-2	0.602	0.609
6.240	-4.172E-2	0.260	0.263	-2.808E-2	-3.559E-2	4.533E-2	-0.429	0.236	0.490
6.256	-4.229E-2	0.259	0.263	-3.579E-2	-5.410E-2	6.487E-2	-0.810	-0.970	1.263
6.273	-4.292E-2	0.258	0.262	-5.242E-2	-6.587E-2	8.418E-2	0.326	0.126	0.350
6.290	-4.404E-2	0.257	0.261	-3.389E-2	-5.433E-2	6.404E-2	0.600	0.508	0.786
6.306	-4.405E-2	0.256	0.260	-1.804E-2	-4.135E-2	4.511E-2	0.677	0.229	0.715
6.323	-4.465E-2	0.256	0.260	-2.307E-2	-5.085E-2	5.584E-2	-0.763	-1.006	1.263
6.340	-4.482E-2	0.255	0.259	-3.390E-2	-7.226E-2	7.982E-2	-0.497	-0.509	0.712
6.356	-4.578E-2	0.253	0.257	-4.944E-2	-7.487E-2	8.972E-2	1.031E-3	-0.102	0.102
6.373	-4.647E-2	0.252	0.256	-2.980E-2	-6.740E-2	7.370E-2	0.841	0.724	1.110
6.390	-4.677E-2	0.251	0.255	-1.913E-2	-5.785E-2	6.093E-2	0.309	0.254	0.400
6.406	-4.710E-2	0.250	0.255	-2.120E-2	-5.110E-2	5.532E-2	-0.636	-2.207E-3	0.637
6.423	-4.748E-2	0.249	0.254	-3.833E-2	-6.343E-2	7.411E-2	-0.609	-0.637	0.881
6.440	-4.838E-2	0.248	0.253	-4.694E-2	-7.034E-2	8.456E-2	-0.303	-0.190	0.358
6.456	-4.904E-2	0.247	0.252	-4.353E-2	-7.179E-2	8.396E-2	0.544	-5.022E-2	0.546
6.473	-4.984E-2	0.246	0.251	-3.301E-2	-6.972E-2	7.714E-2	0.437	9.760E-2	0.447
6.490	-5.015E-2	0.245	0.250	-2.357E-2	-6.999E-2	7.385E-2	2.913E-2	-0.295	0.296
6.506	-5.062E-2	0.243	0.249	-3.465E-2	-7.741E-2	8.481E-2	-0.416	-0.107	0.430
6.523	-5.130E-2	0.242	0.247	-3.877E-2	-7.774E-2	8.687E-2	1.482E-2	-0.220	0.220
6.540	-5.192E-2	0.241	0.246	-3.322E-2	-7.937E-2	8.604E-2	-7.916E-3	0.240	0.240
6.557	-5.241E-2	0.239	0.245	-3.722E-2	-7.601E-2	8.463E-2	-7.658E-2	8.523E-3	7.705E-2
6.573	-5.316E-2	0.238	0.244	-3.924E-2	-7.216E-2	8.214E-2	7.907E-3	0.337	0.337
6.590	-5.372E-2	0.237	0.243	-3.422E-2	-7.122E-2	7.901E-2	8.244E-2	-0.320	0.331
6.607	-5.430E-2	0.236	0.242	-3.709E-2	-7.600E-2	8.457E-2	-6.130E-4	-8.767E-2	8.767E-2
6.623	-5.496E-2	0.234	0.241	-3.541E-2	-8.168E-2	8.903E-2	0.203	0.328	0.386
6.640	-5.548E-2	0.233	0.240	-2.915E-2	-6.136E-2	6.793E-2	-0.175	6.742E-2	0.187
6.657	-5.593E-2	0.232	0.239	-3.939E-2	-7.461E-2	8.437E-2	-0.298	-0.501	0.583
6.673	-5.679E-2	0.231	0.238	-4.407E-2	-8.771E-2	9.816E-2	-0.126	-0.240	0.271
6.690	-5.740E-2	0.229	0.237	-3.918E-2	-7.645E-2	8.591E-2	6.232E-2	0.142	0.155
6.707	-5.810E-2	0.228	0.235	-4.370E-2	-8.312E-2	9.391E-2	0.258	-6.234E-2	0.265
6.723	-5.886E-2	0.227	0.234	-3.247E-2	-8.206E-2	8.825E-2	0.710	-0.387	0.808
6.740	-5.919E-2	0.225	0.233	-1.655E-2	-9.009E-2	9.160E-2	0.176	-2.397E-2	0.178
6.757	-5.941E-2	0.224	0.231	-2.579E-2	-9.109E-2	9.467E-2	-0.468	0.296	0.554
6.773	-6.005E-2	0.222	0.230	-3.638E-2	-7.361E-2	8.211E-2	-0.290	9.647E-2	0.305
6.790	-6.062E-2	0.221	0.229	-3.339E-2	-8.737E-2	9.353E-2	-0.112	-0.450	0.464
6.807	-6.116E-2	0.220	0.228	-3.901E-2	-9.454E-2	0.102	-0.102	-0.389	0.402
6.823	-6.193E-2	0.218	0.227	-3.981E-2	-9.452E-2	0.103	-0.195	0.396	0.441
6.840	-6.249E-2	0.216	0.225	-4.164E-2	-8.717E-2	9.660E-2	0.485	-0.278	0.559
6.857	-6.332E-2	0.215	0.224	-2.960E-2	-9.477E-2	9.928E-2	0.417	0.245	0.483
6.874	-6.348E-2	0.213	0.222	-1.949E-2	-9.169E-2	9.374E-2	-0.198	0.157	0.253
6.890	-6.397E-2	0.212	0.222	-4.032E-2	-7.697E-2	8.689E-2	-0.663	0.136	0.677
6.907	-6.482E-2	0.211	0.220	-4.432E-2	-9.357E-2	0.104	0.326	-0.295	0.439
6.924	-6.545E-2	0.209	0.219	-2.734E-2	-8.804E-2	9.218E-2	0.384	0.134	0.407
6.940	-6.573E-2	0.208	0.218	-2.809E-2	-8.444E-2	8.899E-2	-7.884E-2	0.128	0.150
6.957	-6.638E-2	0.206	0.217	-3.503E-2	-8.773E-2	9.447E-2	7.571E-2	1.070E-2	7.646E-2
6.974	-6.690E-2	0.205	0.215	-2.396E-2	-8.235E-2	8.576E-2	-0.102	-0.183	0.210
6.990	-6.718E-2	0.203	0.214	-3.440E-2	-9.217E-2	9.838E-2	-0.143	-0.426	0.449
7.007	-6.805E-2	0.202	0.213	-3.698E-2	-0.101	0.107	-9.361E-2	-8.398E-2	0.126
7.024	-6.842E-2	0.200	0.211	-2.959E-2	-9.301E-2	9.760E-2	-9.898E-2	-0.266	0.284
7.040	-6.904E-2	0.199	0.210	-4.371E-2	-0.106	0.115	-0.176	0.137	0.223
7.057	-6.987E-2	0.197	0.209	-3.794E-2	-9.779E-2	0.105	7.041E-2	-0.428	0.434
7.074	-7.030E-2	0.195	0.208	-3.556E-2	-0.106	0.112	-7.468E-2	0.248	0.259
7.090	-7.106E-2	0.193	0.206	-4.503E-2	-0.107	0.117	8.942E-2	-3.044E-2	9.446E-2
7.107	-7.181E-2	0.192	0.205	-3.277E-2	-9.056E-2	9.631E-2	0.618	0.766	0.984
7.124	-7.215E-2	0.190	0.203	-2.104E-2	-9.270E-2	9.506E-2	-0.251	-0.349	0.430
7.140	-7.251E-2	0.189	0.202	-4.019E-2	-9.425E-2	0.102	-0.558	-0.240	0.607
7.157	-7.350E-2	0.187	0.201	-4.681E-2	-0.107	0.117	0.458	0.126	0.475
7.174	-7.407E-2	0.185	0.199	-2.063E-2	-8.966E-2	9.201E-2	0.156	-0.114	0.194
7.191	-7.418E-2	0.184	0.198	-3.534E-2	-0.103	0.108	-0.119	-0.250	0.277
7.207	-7.525E-2	0.182	0.197	-3.838E-2	-0.111	0.118	-0.187	-0.207	0.279
7.224	-7.546E-2	0.180	0.195	-2.805E-2	-9.871E-2	0.103	0.151	0.744	0.759
7.241	-7.619E-2	0.178	0.194	-4.154E-2	-9.315E-2	0.102	-0.378	-0.644	0.747
7.257	-7.685E-2	0.177	0.193	-3.825E-2	-0.111	0.117	0.628	-0.268	0.683
7.274	-7.746E-2	0.175	0.191	-2.238E-2	-0.116	0.119	0.394	0.277	0.481
7.291	-7.760E-2	0.173	0.190	-1.963E-2	-9.023E-2	9.234E-2	-0.245	0.465	0.526
7.307	-7.812E-2	0.172	0.189	-3.529E-2	-0.102	0.108	-1.088	-1.414	1.784
7.324	-7.877E-2	0.170	0.187	-5.350E-2	-0.138	0.148	-0.316	-0.222	0.386
7.341	-7.990E-2	0.167	0.185	-5.153E-2	-0.120	0.131	0.741	-4.212E-2	0.742
7.357	-8.049E-2	0.166	0.184	-2.386E-2	-0.119	0.121	-6.868E-2	0.155	0.169
7.374	-8.070E-2	0.163	0.182	-4.770E-2	-0.135	0.143	-0.116	-0.212	0.241
7.391	-8.209E-2	0.161	0.181	-4.499E-2	-0.114	0.122	-0.516	0.679	0.853
7.407	-8.220E-2	0.159	0.179	-4.365E-2	-0.116	0.124	0.686	-8.709E-2	0.692
7.424	-8.354E-2	0.157	0.178	-4.339E-2	-0.117	0.125	-0.342	-0.141	0.370
7.441	-8.365E-2	0.155	0.176	-3.507E-2	-0.120	0.125	-5.547E-2	-0.238	0.245
7.457	-8.471E-2	0.153	0.175	-5.942E-2	-0.126	0.139	-0.154	-0.261	0.302
7.474	-8.563E-2	0.151	0.174	-3.732E-2	-0.129	0.134	0.702	0.123	0.713
7.491	-8.596E-2	0.149	0.172	-3.011E-2	-0.123	0.126	5.455E-2	7.868E-2	9.574E-2
7.507	-8.663E-2	0.147	0.171	-4.093E-2	-0.123	0.129	-0.561	-0.255	0.616
7.524	-8.732E-2	0.145	0.169	-4.670E-2	-0.134	0.142	0.172	-1.128E-2	0.173
7.541	-8.819E-2	0.143	0.168	-3.858E-2	-0.125	0.131	0.231	7.397E-2	0.243
7.558	-8.861E-2	0.141	0.166	-3.322E-2	-0.125	0.130	0.166	0.500	0.527
7.574	-8.930E-2	0.138	0.165	-3.778E-2	-0.117	0.123	-0.586	-0.279	0.649
7.591	-8.987E-2	0.137	0.164	-4.856E-2	-0.123	0.132	9.355E-2	-0.511	0.520
7.608	-9.092E-2	0.134	0.162	-4.221E-2	-0.145	0.151	0.212	-0.192	0.286
7.624	-9.128E-2	0.132	0.160	-3.205E-2	-0.126	0.130	0.123	0.319	0.342
7.641	-9.199E-2	0.130	0.159	-4.386E-2	-0.129	0.136	-0.302	-0.101	0.318
7.658	-9.274E-2	0.128	0.158	-4.152E-2	-0.138	0.144	2.970E-2	-0.282	0.284
7.674	-9.338E-2	0.126	0.156	-4.117E-2	-0.133	0.139	3.403E-2	-0.175	0.179
7.691	-9.412E-2	0.123	0.155	-4.218E-2	-0.145	0.151	-0.140	-0.524	0.543
7.708	-9.478E-2	0.121	0.153	-4.412E-2	-0.152	0.158	0.397	0.191	0.441
7.724	-9.559E-2	0.118	0.152	-3.269E-2	-0.139	0.142	-6.448E-2	0.792	0.795
7.741	-9.587E-2	0.116	0.151	-3.817E-2	-0.123	0.128	-0.196	-0.128	0.235
7.758	-9.686E-2	0.114	0.150	-4.899E-2	-0.141	0.149	-0.291	-0.609	0.675
7.774	-9.751E-2	0.111	0.148	-4.151E-2	-0.151	0.157	0.189	-0.115	0.221
7.791	-9.825E-2	0.109	0.147	-4.490E-2	-0.139	0.146	0.300	0.450	0.541
7.808	-9.901E-2	0.107	0.146	-3.304E-2	-0.137	0.141	-0.110	1.854E-2	0.112
7.824	-9.935E-2	0.104	0.144	-4.191E-2	-0.138	0.144	-0.212	-0.164	0.268
7.841	-0.100	0.102	0.143	-4.987E-2	-0.142	0.151	0.211	-0.252	0.328
7.858	-0.101	9.974E-2	0.142	-2.910E-2	-0.147	0.150	0.152	-5.023E-2	0.160
7.875	-0.101	9.726E-2	0.140	-4.170E-2	-0.145	0.150	-0.268	-0.350	0.441
7.891	-0.102	9.491E-2	0.140	-4.694E-2	-0.155	0.162	-0.217	0.113	0.245
7.908	-0.103	9.207E-2	0.138	-4.063E-2	-0.149	0.154	0.149	0.190	0.241
7.925	-0.104	8.995E-2	0.137	-4.684E-2	-0.139	0.147	-0.101	1.025	1.030
7.941	-0.105	8.743E-2	0.136	-4.245E-2	-0.125	0.132	0.793	1.044	1.311
7.958	-0.105	8.579E-2	0.136	-2.262E-2	-9.540E-2	9.805E-2	0.533	0.728	0.903
7.975	-0.105	8.425E-2	0.135	-1.803E-2	-0.102	0.104	9.750E-3	0.170	0.171
7.991	-0.106	8.239E-2	0.134	-2.890E-2	-9.526E-2	9.955E-2	2.988E-2	1.118	1.118
8.008	-0.106	8.107E-2	0.134	-1.603E-2	-6.114E-2	6.321E-2	0.937	2.139	2.336
8.025	-0.106	8.035E-2	0.133	3.769E-3	-2.391E-2	2.421E-2	0.604	1.735	1.837
8.041	-0.106	8.027E-2	0.133	6.184E-3	-7.384E-4	6.228E-3	-0.303	0.285	0.416
8.058	-0.106	8.032E-2	0.133	-8.451E-3	-1.375E-2	1.614E-2	-0.326	-0.330	0.464
8.075	-0.106	7.982E-2	0.133	-7.274E-3	-1.874E-2	2.011E-2	0.251	0.112	0.274
8.091	-0.106	7.970E-2	0.133	3.388E-3	-4.621E-3	5.730E-3	0.259	0.425	0.497
8.108	-0.106	7.966E-2	0.133	1.098E-3	-5.143E-3	5.259E-3	-0.207	-5.028E-2	0.213
8.125	-0.106	7.953E-2	0.133	-4.605E-3	-7.551E-3	8.845E-3	-0.426	-0.720	0.836
8.141	-0.106	7.941E-2	0.133	-1.224E-2	-2.590E-2	2.864E-2	-0.212	-0.436	0.485
8.158	-0.107	7.866E-2	0.133	-1.371E-2	-2.972E-2	3.273E-2	9.410E-2	0.175	0.199
8.175	-0.107	7.842E-2	0.133	-7.307E-3	-1.325E-2	1.514E-2	0.161	0.508	0.533
8.192	-0.107	7.822E-2	0.133	-7.988E-3	-1.419E-2	1.628E-2	0.171	-0.210	0.271
8.208	-0.107	7.794E-2	0.132	-3.673E-3	-2.055E-2	2.088E-2	7.428E-2	-0.335	0.343
8.225	-0.107	7.753E-2	0.132	-2.303E-3	-2.598E-2	2.608E-2	-0.623	-0.668	0.913
8.242	-0.107	7.708E-2	0.132	-2.468E-2	-4.077E-2	4.765E-2	-0.313	-0.143	0.344
8.258	-0.108	7.617E-2	0.132	-1.980E-2	-3.685E-2	4.183E-2	5.449E-2	-8.036E-2	9.709E-2
8.275	-0.108	7.585E-2	0.132	-1.229E-2	-3.447E-2	3.659E-2	0.340	4.939E-2	0.343
8.292	-0.108	7.502E-2	0.132	-1.693E-2	-4.286E-2	4.608E-2	4.409E-2	-0.216	0.221
8.308	-0.108	7.442E-2	0.132	-6.275E-3	-3.752E-2	3.804E-2	0.557	0.332	0.648
8.325	-0.109	7.377E-2	0.131	-8.025E-5	-3.376E-2	3.376E-2	0.133	-0.310	0.337
8.342	-0.108	7.329E-2	0.131	1.172E-4	-4.410E-2	4.410E-2	-6.464E-2	-0.659	0.663
8.358	-0.109	7.230E-2	0.130	-4.367E-3	-6.065E-2	6.080E-2	-0.136	6.413E-2	0.151
8.375	-0.109	7.127E-2	0.130	-3.705E-3	-4.287E-2	4.303E-2	-3.766E-2	0.565	0.566
8.392	-0.109	7.087E-2	0.130	-5.293E-3	-3.463E-2	3.503E-2	0.427	3.126E-2	0.428
8.408	-0.109	7.011E-2	0.129	7.786E-3	-4.736E-2	4.800E-2	4.541E-2	-0.335	0.338
8.425	-0.108	6.929E-2	0.129	3.540E-3	-4.537E-2	4.551E-2	-0.240	-0.188	0.305
8.442	-0.109	6.860E-2	0.128	-8.860E-3	-5.090E-2	5.167E-2	-0.745	-0.666	0.999
8.458	-0.109	6.759E-2	0.128	-1.477E-2	-6.953E-2	7.108E-2	-0.130	-0.482	0.499
8.475	-0.109	6.628E-2	0.128	-1.904E-2	-6.957E-2	7.213E-2	0.180	-0.236	0.297
8.492	-0.109	6.527E-2	0.127	-5.255E-3	-7.184E-2	7.203E-2	0.398	1.375E-2	0.398
8.508	-0.109	6.388E-2	0.127	-4.771E-3	-7.488E-2	7.504E-2	-0.222	0.378	0.438
8.525	-0.109	6.277E-2	0.126	-1.413E-2	-5.662E-2	5.835E-2	7.938E-2	0.424	0.431
8.542	-0.110	6.199E-2	0.126	-4.730E-3	-5.758E-2	5.777E-2	0.155	-3.192E-2	0.158
8.559	-0.110	6.085E-2	0.125	-2.630E-3	-6.297E-2	6.302E-2	0.255	-0.153	0.298
8.575	-0.110	5.989E-2	0.125	-3.199E-3	-5.932E-2	5.941E-2	4.165E-2	-0.334	0.336
8.592	-0.110	5.887E-2	0.125	4.226E-3	-7.361E-2	7.373E-2	0.204	-0.713	0.742
8.609	-0.110	5.743E-2	0.124	8.431E-4	-8.638E-2	8.638E-2	-0.619	-0.368	0.720
8.625	-0.110	5.599E-2	0.123	-1.360E-2	-8.448E-2	8.557E-2	3.651E-2	0.454	0.455
8.642	-0.110	5.462E-2	0.123	-5.547E-3	-7.204E-2	7.225E-2	0.214	0.358	0.417
8.659	-0.110	5.359E-2	0.122	4.143E-3	-6.891E-2	6.903E-2	0.349	-0.280	0.447
8.675	-0.110	5.232E-2	0.122	-2.001E-3	-8.378E-2	8.381E-2	-2.667E-2	-0.288	0.289
8.692	-0.110	5.079E-2	0.121	6.929E-3	-8.117E-2	8.147E-2	-0.226	-0.513	0.561
8.709	-0.110	4.961E-2	0.121	-7.712E-3	-9.359E-2	9.391E-2	-0.759	-0.227	0.793
8.725	-0.110	4.767E-2	0.120	-2.346E-2	-9.919E-2	0.102	-0.374	-0.424	0.566
8.742	-0.111	4.630E-2	0.120	-1.830E-2	-9.739E-2	9.910E-2	0.572	0.343	0.667
8.759	-0.111	4.442E-2	0.119	-4.527E-3	-9.686E-2	9.697E-2	0.557	-0.311	0.638
8.775	-0.111	4.307E-2	0.119	2.610E-3	-9.853E-2	9.857E-2	8.508E-2	0.291	0.303
8.792	-0.111	4.113E-2	0.118	-3.125E-3	-9.715E-2	9.720E-2	-0.442	-0.138	0.463
8.809	-0.111	3.982E-2	0.118	-1.208E-2	-9.308E-2	9.386E-2	-0.179	0.438	0.474
8.825	-0.111	3.802E-2	0.117	-1.105E-2	-9.180E-2	9.246E-2	7.530E-2	-0.664	0.668
8.842	-0.111	3.676E-2	0.117	-6.672E-3	-0.104	0.105	0.260	-0.590	0.645
8.859	-0.111	3.454E-2	0.117	-4.467E-3	-0.123	0.123	0.436	7.282E-2	0.442
8.876	-0.111	3.264E-2	0.116	8.182E-3	-9.738E-2	9.772E-2	0.213	1.117	1.137
8.892	-0.111	3.129E-2	0.115	5.942E-3	-8.266E-2	8.287E-2	-0.297	-3.296E-2	0.299
8.909	-0.111	2.989E-2	0.115	-5.818E-3	-9.911E-2	9.928E-2	-0.188	-0.591	0.620
8.926	-0.111	2.798E-2	0.115	-1.079E-4	-0.107	0.107	0.174	0.215	0.276
8.942	-0.111	2.630E-2	0.114	2.663E-3	-8.951E-2	8.955E-2	2.537E-2	0.413	0.414
8.959	-0.111	2.500E-2	0.114	-1.394E-3	-8.970E-2	8.971E-2	-0.243	-0.872	0.906
8.976	-0.111	2.331E-2	0.114	-4.441E-3	-0.121	0.121	-8.017E-2	-0.623	0.628
8.992	-0.111	2.097E-2	0.113	-5.257E-3	-0.118	0.118	-0.151	-0.158	0.218
9.009	-0.111	1.939E-2	0.113	-7.728E-3	-0.114	0.114	-2.766E-3	0.334	0.334
9.026	-0.112	1.717E-2	0.113	-7.687E-3	-0.117	0.118	-0.194	0.678	0.705
9.042	-0.112	1.547E-2	0.113	-1.101E-2	-8.644E-2	8.714E-2	-6.612E-2	2.277	2.278
9.059	-0.112	1.428E-2	0.113	-1.365E-2	-4.318E-2	4.529E-2	-8.112E-3	1.566	1.566
9.076	-0.112	1.403E-2	0.113	-8.536E-3	-2.680E-2	2.812E-2	0.327	0.649	0.727
9.092	-0.112	1.339E-2	0.113	-4.259E-3	-2.997E-2	3.027E-2	0.119	-0.209	0.240
9.109	-0.112	1.303E-2	0.113	-2.765E-3	-2.874E-2	2.887E-2	0.365	-0.425	0.560
9.126	-0.112	1.243E-2	0.113	4.851E-3	-4.591E-2	4.616E-2	-6.554E-2	-0.349	0.355
9.142	-0.112	1.150E-2	0.113	6.779E-4	-4.397E-2	4.398E-2	-0.104	-0.313	0.329
9.159	-0.112	1.096E-2	0.113	-5.616E-3	-4.902E-2	4.934E-2	9.082E-3	-1.045	1.045
9.176	-0.112	9.861E-3	0.113	5.239E-3	-8.301E-2	8.317E-2	0.201	-0.970	0.990
9.193	-0.112	8.194E-3	0.112	1.376E-3	-8.578E-2	8.579E-2	-8.116E-2	-0.252	0.265
9.209	-0.112	6.999E-3	0.112	-1.930E-4	-8.329E-2	8.329E-2	-3.022E-2	0.177	0.180
9.226	-0.112	5.415E-3	0.112	2.772E-3	-8.643E-2	8.647E-2	0.298	-7.632E-2	0.308
9.243	-0.112	4.115E-3	0.112	7.709E-3	-8.127E-2	8.163E-2	-0.211	0.184	0.279
9.259	-0.112	2.703E-3	0.112	-1.161E-4	-8.275E-2	8.275E-2	3.687E-3	0.479	0.479
9.276	-0.112	1.354E-3	0.112	6.404E-4	-6.636E-2	6.636E-2	1.856E-2	1.792	1.792
9.293	-0.112	4.892E-4	0.112	7.980E-3	-2.316E-2	2.450E-2	0.146	2.461	2.466
9.309	-0.112	5.811E-4	0.112	1.021E-3	1.984E-2	1.986E-2	-0.355	1.365	1.411
9.326	-0.112	1.151E-3	0.112	-1.969E-3	2.386E-2	2.394E-2	0.100	-0.410	0.422
9.343	-0.112	1.377E-3	0.112	2.052E-3	2.719E-3	3.407E-3	0.207	-0.484	0.526
9.359	-0.112	1.242E-3	0.112	7.978E-3	4.322E-3	9.073E-3	-9.578E-2	1.253	1.256
9.376	-0.112	1.521E-3	0.112	-1.691E-3	4.551E-2	4.554E-2	-0.409	1.574	1.626
9.393	-0.112	2.760E-3	0.112	-7.841E-3	6.464E-2	6.511E-2	0.171	0.538	0.564
9.409	-0.112	3.678E-3	0.112	4.113E-3	5.640E-2	5.655E-2	0.265	-0.233	0.353
9.426	-0.112	4.642E-3	0.112	5.058E-3	5.851E-2	5.873E-2	0.538	1.571E-2	0.538
9.443	-0.112	5.631E-3	0.112	1.513E-2	5.723E-2	5.919E-2	0.191	-0.409	0.451
9.459	-0.111	6.551E-3	0.111	2.036E-2	4.555E-2	4.989E-2	0.246	-0.622	0.669
9.476	-0.111	7.150E-3	0.111	1.521E-2	3.426E-2	3.748E-2	-0.253	-0.379	0.455
9.493	-0.111	7.694E-3	0.111	1.751E-2	3.367E-2	3.795E-2	-0.172	-0.168	0.241
9.509	-0.111	8.274E-3	0.111	6.796E-3	2.988E-2	3.064E-2	-0.333	-0.292	0.443
9.526	-0.110	8.692E-3	0.111	5.826E-3	2.272E-2	2.345E-2	4.576E-2	3.887E-3	4.592E-2
9.543	-0.110	9.032E-3	0.111	9.616E-3	2.884E-2	3.040E-2	0.375	-0.257	0.454
9.560	-0.110	9.654E-3	0.111	1.718E-2	1.944E-2	2.594E-2	0.251	-0.500	0.560
9.576	-0.110	9.680E-3	0.110	2.031E-2	5.318E-3	2.099E-2	-0.146	-0.520	0.540
9.593	-0.109	9.831E-3	0.110	1.110E-2	6.114E-3	1.267E-2	0.133	0.236	0.271
9.610	-0.109	9.884E-3	0.110	2.140E-2	1.074E-2	2.394E-2	0.140	0.218	0.259
9.626	-0.109	1.019E-2	0.109	2.313E-2	1.625E-2	2.827E-2	-6.197E-2	0.195	0.205
9.643	-0.109	1.043E-2	0.109	1.251E-2	1.542E-2	1.986E-2	-0.363	-0.432	0.564
9.660	-0.108	1.070E-2	0.109	1.431E-2	4.239E-3	1.492E-2	-0.120	-0.512	0.526
9.676	-0.108	1.057E-2	0.109	8.140E-3	-5.730E-3	9.954E-3	-4.274E-2	-0.317	0.320
9.693	-0.108	1.051E-2	0.109	1.085E-2	-3.816E-3	1.150E-2	-2.980E-2	-2.642E-2	3.983E-2
9.710	-0.108	1.044E-2	0.108	1.084E-2	-6.756E-3	1.277E-2	9.288E-2	-9.097E-2	0.130
9.726	-0.108	1.029E-2	0.108	9.987E-3	-7.687E-3	1.260E-2	0.218	1.868E-3	0.218
9.743	-0.107	1.018E-2	0.108	2.036E-2	-5.952E-3	2.121E-2	8.357E-2	-0.189	0.207
9.760	-0.107	1.009E-2	0.107	1.446E-2	-1.309E-2	1.950E-2	-0.289	-0.520	0.594
9.776	-0.107	9.748E-3	0.107	6.942E-3	-2.481E-2	2.576E-2	-0.299	-0.378	0.482
9.793	-0.107	9.261E-3	0.107	6.961E-3	-2.630E-2	2.721E-2	0.313	8.476E-2	0.324
9.810	-0.107	8.870E-3	0.107	1.486E-2	-2.091E-2	2.565E-2	0.309	-6.836E-3	0.309
9.826	-0.106	8.564E-3	0.107	2.115E-2	-2.523E-2	3.292E-2	-6.375E-2	-0.370	0.376
9.843	-0.106	8.028E-3	0.106	1.098E-2	-3.515E-2	3.683E-2	-0.455	-0.218	0.505
9.860	-0.106	7.391E-3	0.106	4.800E-3	-3.313E-2	3.348E-2	7.723E-2	6.515E-2	0.101
9.877	-0.106	6.923E-3	0.106	1.321E-2	-3.071E-2	3.344E-2	0.287	-0.302	0.417
9.893	-0.105	6.366E-3	0.106	1.740E-2	-4.329E-2	4.665E-2	-0.280	-0.227	0.360
9.910	-0.105	5.478E-3	0.105	2.907E-3	-4.230E-2	4.240E-2	-0.348	0.140	0.375
9.927	-0.105	4.955E-3	0.106	2.120E-3	-3.375E-2	3.382E-2	0.338	0.219	0.403
9.943	-0.105	4.352E-3	0.105	1.751E-2	-3.709E-2	4.101E-2	0.354	-0.264	0.442
9.960	-0.105	3.717E-3	0.105	1.543E-2	-4.195E-2	4.470E-2	-8.649E-2	-0.136	0.162
9.977	-0.105	2.952E-3	0.105	1.097E-2	-4.301E-2	4.439E-2	-0.107	9.572E-2	0.144
9.993	-0.104	2.282E-3	0.104	1.409E-2	-3.774E-2	4.028E-2	-0.305	0.225	0.379
10.010	-0.104	1.693E-3	0.104	1.845E-3	-3.521E-2	3.526E-2	-0.259	0.313	0.406
10.027	-0.104	1.107E-3	0.104	6.355E-4	-2.857E-2	2.858E-2	0.171	0.596	0.620
10.043	-0.104	7.397E-4	0.104	1.213E-2	-1.453E-2	1.893E-2	0.471	0.775	0.907
10.060	-0.104	6.221E-4	0.104	1.485E-2	-2.210E-3	1.502E-2	-8.113E-2	0.387	0.395
10.077	-0.104	6.660E-4	0.104	1.066E-2	-8.160E-4	1.070E-2	-0.278	0.333	0.433
10.093	-0.104	5.949E-4	0.104	3.754E-3	5.783E-3	6.895E-3	-0.163	0.402	0.434
10.110	-0.104	8.590E-4	0.104	5.454E-3	1.595E-2	1.686E-2	0.169	0.609	0.632
10.127	-0.103	1.127E-3	0.103	1.000E-2	2.362E-2	2.565E-2	-9.533E-2	0.329	0.342
10.143	-0.103	1.647E-3	0.103	3.636E-3	2.933E-2	2.955E-2	-0.129	-3.058E-2	0.133
10.160	-0.103	2.106E-3	0.103	2.076E-3	2.181E-2	2.191E-2	-6.066E-2	-0.396	0.400
10.177	-0.103	2.375E-3	0.103	5.234E-3	1.493E-2	1.582E-2	4.764E-2	-0.168	0.175
10.194	-0.103	2.604E-3	0.103	1.676E-3	1.631E-2	1.639E-2	0.221	0.215	0.308
10.210	-0.103	2.919E-3	0.103	1.169E-2	2.251E-2	2.536E-2	0.356	6.626E-2	0.362
10.227	-0.103	3.355E-3	0.103	1.708E-2	2.006E-2	2.634E-2	-3.217E-2	-0.436	0.437
10.244	-0.103	3.588E-3	0.103	8.448E-3	6.728E-3	1.080E-2	-0.441	-0.525	0.685
10.260	-0.102	3.579E-3	0.103	2.197E-3	1.121E-3	2.466E-3	0.215	-0.357	0.417
10.277	-0.102	3.625E-3	0.103	1.360E-2	-2.888E-3	1.391E-2	2.643E-2	-0.119	0.122
10.294	-0.102	3.483E-3	0.102	9.786E-3	-5.183E-3	1.107E-2	-0.279	2.903E-2	0.280
10.310	-0.102	3.453E-3	0.102	-3.253E-3	-3.645E-4	3.274E-3	-0.278	0.147	0.314
10.327	-0.102	3.471E-3	0.102	3.884E-3	-1.514E-4	3.887E-3	0.200	-8.019E-2	0.215
10.344	-0.102	3.447E-3	0.102	3.946E-3	-3.332E-3	5.165E-3	-0.114	-5.784E-2	0.128
10.360	-0.102	3.360E-3	0.102	-7.839E-4	-2.804E-3	2.912E-3	-7.159E-2	-0.141	0.158
10.377	-0.102	3.354E-3	0.102	8.212E-4	-6.218E-3	6.272E-3	0.532	0.162	0.556
10.394	-0.102	3.152E-3	0.102	1.660E-2	-1.010E-3	1.663E-2	0.491	7.412E-2	0.497
10.410	-0.101	3.320E-3	0.102	2.121E-2	1.485E-3	2.126E-2	-0.175	2.473E-2	0.177
10.427	-0.101	3.202E-3	0.101	7.745E-3	-4.579E-3	8.997E-3	-0.416	-0.220	0.471
10.444	-0.101	3.167E-3	0.101	6.079E-3	-3.689E-3	7.111E-3	-8.898E-2	5.292E-2	0.104
10.460	-0.101	3.079E-3	0.101	7.305E-3	-3.849E-3	8.257E-3	0.140	0.162	0.214
10.477	-0.101	3.039E-3	0.101	8.625E-3	1.770E-3	8.805E-3	-8.795E-2	0.203	0.221
10.494	-0.101	3.138E-3	0.101	6.942E-3	4.144E-3	8.085E-3	-0.247	3.452E-2	0.249
10.510	-0.101	3.177E-3	0.101	-1.623E-3	1.890E-3	2.492E-3	-5.694E-2	-6.615E-2	8.728E-2
10.527	-0.101	3.201E-3	0.101	4.044E-3	1.973E-3	4.500E-3	-0.108	0.166	0.198
10.544	-0.101	3.243E-3	0.101	-7.201E-4	7.016E-3	7.053E-3	-5.517E-2	2.867E-2	6.217E-2
10.561	-0.101	3.435E-3	0.101	-4.019E-3	5.051E-3	6.455E-3	-1.839E-2	-0.130	0.132
10.577	-0.101	3.412E-3	0.101	3.546E-3	-1.697E-5	3.546E-3	0.212	-0.194	0.287
10.594	-0.101	3.434E-3	0.101	1.139E-3	6.799E-5	1.141E-3	0.118	-4.552E-2	0.126
10.611	-0.101	3.414E-3	0.101	6.797E-3	-1.993E-3	7.083E-3	7.273E-2	-9.864E-2	0.123
10.627	-0.101	3.368E-3	0.101	6.274E-3	-3.195E-3	7.041E-3	4.447E-2	6.005E-2	7.472E-2
10.644	-0.101	3.307E-3	0.101	4.822E-3	-4.574E-4	4.844E-3	8.066E-2	8.130E-2	0.115
10.661	-0.100	3.353E-3	0.100	1.118E-2	7.650E-4	1.120E-2	0.210	2.442E-2	0.212
10.677	-0.100	3.333E-3	0.100	1.159E-2	-7.200E-4	1.161E-2	4.834E-3	-0.153	0.154
10.694	-9.995E-2	3.329E-3	0.100	1.089E-2	-3.482E-3	1.144E-2	-0.212	-9.790E-2	0.234
10.711	-9.977E-2	3.217E-3	9.982E-2	5.466E-3	-5.192E-3	7.539E-3	-0.138	-8.471E-2	0.162
10.727	-9.977E-2	3.155E-3	9.982E-2	4.065E-3	-5.196E-3	6.597E-3	8.731E-2	-6.955E-2	0.112
10.744	-9.963E-2	3.043E-3	9.968E-2	1.010E-2	-7.983E-3	1.288E-2	-2.307E-3	7.244E-2	7.248E-2
10.761	-9.943E-2	2.889E-3	9.948E-2	4.928E-3	-3.714E-3	6.171E-3	-0.174	0.270	0.321
10.777	-9.947E-2	2.919E-3	9.951E-2	1.499E-3	2.654E-3	3.048E-3	-0.269	0.227	0.352
10.794	-9.938E-2	2.978E-3	9.943E-2	-1.117E-3	3.343E-3	3.525E-3	-2.876E-2	-0.165	0.168
10.811	-9.951E-2	3.031E-3	9.955E-2	-2.453E-3	-2.241E-3	3.323E-3	1.101E-2	-9.594E-2	9.657E-2
10.827	-9.947E-2	2.903E-3	9.951E-2	1.649E-3	-2.178E-3	2.732E-3	0.109	9.308E-2	0.143
10.844	-9.945E-2	2.958E-3	9.950E-2	3.383E-4	3.228E-3	3.246E-3	0.207	-4.232E-2	0.211
10.861	-9.945E-2	3.010E-3	9.950E-2	7.422E-3	-3.462E-3	8.190E-3	5.898E-5	-0.306	0.306
10.878	-9.920E-2	2.843E-3	9.924E-2	4.144E-3	-9.005E-3	9.913E-3	-0.201	2.639E-2	0.203
10.894	-9.932E-2	2.710E-3	9.935E-2	-3.886E-3	-2.167E-3	4.449E-3	-0.106	0.232	0.255
10.911	-9.933E-2	2.770E-3	9.937E-2	2.488E-3	6.568E-4	2.573E-3	1.060E-2	-0.129	0.130
10.928	-9.923E-2	2.732E-3	9.927E-2	-1.818E-3	-7.426E-3	7.645E-3	1.906E-2	-0.278	0.279
10.944	-9.939E-2	2.523E-3	9.943E-2	-8.673E-4	-1.003E-2	1.007E-2	6.934E-3	-0.115	0.115
10.961	-9.926E-2	2.397E-3	9.929E-2	2.772E-3	-9.518E-3	9.913E-3	8.120E-2	0.182	0.200
10.978	-9.930E-2	2.205E-3	9.933E-2	-1.064E-3	-5.703E-3	5.802E-3	-4.258E-2	7.463E-2	8.593E-2
10.994	-9.930E-2	2.207E-3	9.932E-2	2.178E-3	-4.430E-3	4.937E-3	4.888E-2	-5.936E-2	7.690E-2
11.011	-9.923E-2	2.057E-3	9.925E-2	1.335E-3	-9.708E-3	9.800E-3	-0.103	2.202E-2	0.106
11.028	-9.925E-2	1.883E-3	9.927E-2	-2.231E-3	-4.154E-3	4.715E-3	1.129E-2	0.491	0.491
11.044	-9.930E-2	1.919E-3	9.932E-2	1.275E-3	7.771E-3	7.875E-3	0.267	0.283	0.389
11.061	-9.921E-2	2.142E-3	9.923E-2	7.707E-3	6.937E-3	1.037E-2	0.343	-4.386E-2	0.346
11.078	-9.905E-2	2.150E-3	9.907E-2	1.236E-2	3.255E-3	1.278E-2	0.174	-0.212	0.274
11.094	-9.880E-2	2.251E-3	9.882E-2	1.403E-2	2.149E-3	1.419E-2	3.892E-2	4.430E-2	5.897E-2
11.111	-9.858E-2	2.222E-3	9.860E-2	1.308E-2	2.601E-3	1.333E-2	-0.151	-0.154	0.215
11.128	-9.836E-2	2.338E-3	9.839E-2	9.571E-3	-1.602E-4	9.572E-3	-0.244	-0.163	0.294
11.144	-9.826E-2	2.216E-3	9.828E-2	4.267E-3	-5.726E-3	7.141E-3	4.894E-2	3.558E-2	6.050E-2
11.161	-9.822E-2	2.147E-3	9.824E-2	1.004E-2	1.649E-3	1.017E-2	-5.369E-2	3.991E-2	6.690E-2
11.178	-9.792E-2	2.272E-3	9.795E-2	6.545E-3	-1.644E-3	6.749E-3	-0.394	-0.180	0.433
11.195	-9.800E-2	2.092E-3	9.802E-2	-7.043E-3	-8.181E-3	1.079E-2	-0.224	-0.272	0.352
11.211	-9.816E-2	1.999E-3	9.818E-2	-1.187E-3	-8.296E-3	8.381E-3	0.476	-0.103	0.487
11.228	-9.804E-2	1.815E-3	9.806E-2	1.100E-2	-1.254E-2	1.668E-2	0.560	7.174E-3	0.560
11.245	-9.779E-2	1.580E-3	9.780E-2	1.712E-2	-8.858E-3	1.927E-2	1.198E-2	0.404	0.404
11.261	-9.747E-2	1.519E-3	9.748E-2	1.244E-2	1.872E-3	1.258E-2	-0.110	0.475	0.487
11.278	-9.738E-2	1.642E-3	9.739E-2	1.048E-2	7.747E-3	1.303E-2	-0.215	0.142	0.257
11.295	-9.712E-2	1.778E-3	9.714E-2	8.629E-3	6.197E-3	1.062E-2	-0.106	-0.182	0.210
11.311	-9.709E-2	1.849E-3	9.711E-2	4.001E-3	1.485E-3	4.267E-3	-4.154E-2	-7.206E-2	8.317E-2
11.328	-9.699E-2	1.827E-3	9.700E-2	8.478E-3	2.699E-3	8.897E-3	-1.469E-3	1.545E-2	1.552E-2
11.345	-9.681E-2	1.939E-3	9.683E-2	5.134E-3	3.937E-3	6.470E-3			
11.361	-9.682E-2	1.959E-3	9.684E-2						
