	mass A									
t	x	y	r	vx	vy	v	ax	ay	a	
0.000	-8.173E-4	1.451E-3	1.666E-3						
0.017	-7.846E-4	1.376E-3	1.584E-3	7.207E-4	-1.751E-3	1.893E-3			
0.033	-7.932E-4	1.393E-3	1.603E-3	-3.605E-3	7.822E-4	3.689E-3	-2.810E-2	0.115	0.118
0.050	-9.049E-4	1.402E-3	1.669E-3	-1.644E-3	1.485E-3	2.215E-3	0.212	-0.129	0.248
0.067	-8.481E-4	1.442E-3	1.673E-3	5.106E-3	-2.526E-3	5.696E-3	0.103	-5.326E-2	0.116
0.083	-7.345E-4	1.318E-3	1.509E-3	2.203E-3	-2.539E-3	3.361E-3	-0.260	7.861E-2	0.271
0.100	-7.746E-4	1.358E-3	1.563E-3	-4.782E-3	2.232E-3	5.277E-3	-0.126	0.202	0.239
0.117	-8.941E-4	1.392E-3	1.655E-3	-2.681E-3	3.296E-3	4.248E-3	3.232E-2	2.122E-2	3.866E-2
0.133	-8.640E-4	1.468E-3	1.703E-3	-1.596E-3	3.461E-3	3.811E-3	7.657E-2	-0.136	0.156
0.150	-9.474E-4	1.508E-3	1.781E-3	-2.145E-3	-1.191E-3	2.454E-3	0.116	-0.226	0.254
0.167	-9.356E-4	1.428E-3	1.707E-3	3.213E-3	-4.936E-3	5.890E-3	8.698E-2	2.367E-2	9.014E-2
0.184	-8.401E-4	1.343E-3	1.584E-3	1.648E-3	-5.737E-4	1.745E-3	-0.102	0.102	0.144
0.200	-8.806E-4	1.409E-3	1.661E-3	-1.802E-3	3.015E-4	1.827E-3	-0.166	-1.262E-2	0.167
0.217	-9.003E-4	1.353E-3	1.625E-3	-2.897E-3	-2.760E-3	4.001E-3	4.390E-2	2.221E-2	4.920E-2
0.234	-9.773E-4	1.317E-3	1.640E-3	-1.379E-3	1.237E-3	1.853E-3	0.117	0.236	0.264
0.250	-9.463E-4	1.394E-3	1.685E-3	2.139E-3	5.844E-3	6.223E-3	9.972E-2	-5.126E-2	0.112
0.267	-9.059E-4	1.512E-3	1.762E-3	1.673E-3	3.326E-4	1.706E-3	4.375E-3	-0.210	0.210
0.284	-8.905E-4	1.406E-3	1.664E-3	1.892E-3	-3.630E-3	4.094E-3	-2.622E-2	-7.207E-2	7.669E-2
0.300	-8.428E-4	1.391E-3	1.626E-3	1.391E-3	-4.050E-4	1.449E-3	-7.580E-2	0.167	0.184
0.317	-8.440E-4	1.392E-3	1.628E-3	-1.055E-3	1.497E-3	1.831E-3	-3.760E-2	3.482E-2	5.125E-2
0.334	-8.779E-4	1.441E-3	1.687E-3	-1.955E-4	1.317E-3	1.331E-3	-7.912E-2	7.526E-2	0.109
0.350	-8.506E-4	1.436E-3	1.669E-3	-2.446E-3	2.899E-3	3.793E-3	-7.149E-2	-3.772E-2	8.083E-2
0.367	-9.596E-4	1.537E-3	1.812E-3	-4.327E-3	1.802E-3	4.687E-3	0.120	-8.674E-2	0.148
0.384	-9.949E-4	1.496E-3	1.797E-3	2.170E-3	-1.768E-3	2.800E-3	0.193	-0.163	0.253
0.400	-8.871E-4	1.478E-3	1.724E-3	3.468E-3	-2.621E-3	4.347E-3	3.538E-2	2.582E-2	4.380E-2
0.417	-8.792E-4	1.409E-3	1.660E-3	1.707E-3	-1.791E-3	2.474E-3	-0.135	-0.101	0.168
0.434	-8.302E-4	1.418E-3	1.644E-3	1.513E-4	-4.380E-3	4.383E-3	-5.723E-2	-2.180E-2	6.124E-2
0.450	-8.742E-4	1.262E-3	1.536E-3	-1.358E-3	-4.913E-3	5.097E-3	-5.618E-3	-3.540E-2	3.584E-2
0.467	-8.755E-4	1.255E-3	1.530E-3	6.265E-4	-3.194E-3	3.255E-3	0.116	-0.171	0.206
0.484	-8.533E-4	1.156E-3	1.437E-3	2.381E-3	-1.126E-2	1.151E-2	-0.199	-0.487	0.526
0.500	-7.961E-4	8.789E-4	1.186E-3	-4.667E-3	-2.008E-2	2.061E-2	-3.979E-3	-0.312	0.312
0.517	-1.009E-3	4.860E-4	1.120E-3	-1.783E-3	-2.210E-2	2.217E-2	-5.338E-2	0.182	0.190
0.534	-8.556E-4	1.414E-4	8.672E-4	-7.358E-4	-1.404E-2	1.406E-2	0.131	0.261	0.292
0.551	-1.034E-3	1.770E-5	1.034E-3	-2.919E-3	-1.116E-2	1.154E-2	-1.320E-2	0.309	0.309
0.567	-9.529E-4	-2.311E-4	9.806E-4	2.753E-3	-6.903E-3	7.432E-3	9.687E-2	0.248	0.266
0.584	-9.417E-4	-2.126E-4	9.654E-4	-1.129E-3	8.797E-5	1.132E-3	-8.113E-2	-1.275E-3	8.114E-2
0.601	-9.906E-4	-2.281E-4	1.017E-3	-5.184E-4	-7.449E-3	7.467E-3	-2.375E-3	-6.610E-2	6.614E-2
0.617	-9.590E-4	-4.612E-4	1.064E-3	9.788E-6	-5.101E-3	5.101E-3	-0.118	-7.575E-2	0.141
0.634	-9.903E-4	-3.984E-4	1.067E-3	-4.919E-3	-5.227E-3	7.178E-3	-6.636E-2	-0.376	0.382
0.651	-1.123E-3	-6.356E-4	1.290E-3	-3.448E-3	-2.058E-2	2.087E-2	5.753E-2	-0.711	0.714
0.667	-1.105E-3	-1.085E-3	1.549E-3	-9.835E-4	-2.918E-2	2.919E-2	9.436E-2	-0.120	0.153
0.684	-1.156E-3	-1.609E-3	1.981E-3	-1.717E-3	-2.521E-2	2.527E-2	-3.706E-2	0.124	0.129
0.701	-1.163E-3	-1.926E-3	2.250E-3	-1.409E-3	-2.246E-2	2.250E-2	0.158	9.939E-2	0.187
0.717	-1.203E-3	-2.358E-3	2.647E-3	2.402E-3	-2.403E-2	2.415E-2	8.282E-2	-6.247E-3	8.306E-2
0.734	-1.082E-3	-2.728E-3	2.935E-3	3.418E-3	-2.170E-2	2.197E-2	5.584E-2	0.438	0.441
0.751	-1.089E-3	-3.083E-3	3.269E-3	2.132E-3	-1.102E-2	1.122E-2	-7.271E-2	0.532	0.537
0.767	-1.011E-3	-3.096E-3	3.257E-3	2.552E-3	-1.060E-3	2.763E-3	-0.112	-6.118E-2	0.128
0.784	-1.004E-3	-3.118E-3	3.276E-3	-2.188E-3	-1.294E-2	1.312E-2	-0.106	-0.723	0.731
0.801	-1.084E-3	-3.528E-3	3.690E-3	-1.860E-3	-2.799E-2	2.805E-2	-9.278E-4	-0.422	0.422
0.817	-1.066E-3	-4.052E-3	4.190E-3	-7.283E-4	-2.697E-2	2.698E-2	-2.606E-3	0.320	0.320
0.834	-1.109E-3	-4.427E-3	4.564E-3	-2.857E-3	-1.640E-2	1.665E-2	3.490E-4	0.280	0.280
0.851	-1.161E-3	-4.599E-3	4.743E-3	-8.614E-4	-1.573E-2	1.576E-2	0.165	-3.856E-2	0.169
0.868	-1.137E-3	-4.952E-3	5.081E-3	3.102E-3	-2.025E-2	2.048E-2	0.177	-1.808E-2	0.178
0.884	-1.058E-3	-5.275E-3	5.380E-3	5.136E-3	-1.580E-2	1.661E-2	6.541E-2	0.170	0.182
0.901	-9.660E-4	-5.479E-3	5.564E-3	5.189E-3	-1.352E-2	1.448E-2	-0.134	0.254	0.287
0.918	-8.845E-4	-5.726E-3	5.794E-3	1.071E-3	-9.018E-3	9.082E-3	-0.168	0.345	0.384
0.934	-9.303E-4	-5.780E-3	5.855E-3	-1.611E-3	-5.615E-4	1.706E-3	-0.141	1.338E-3	0.141
0.951	-9.382E-4	-5.745E-3	5.821E-3	-2.478E-3	-7.628E-3	8.020E-3	3.173E-2	-0.325	0.326
0.968	-1.013E-3	-6.035E-3	6.119E-3	-1.685E-3	-1.492E-2	1.502E-2	0.258	-0.396	0.472
0.984	-9.945E-4	-6.243E-3	6.321E-3	6.454E-3	-1.795E-2	1.907E-2	0.264	-2.395E-2	0.265
1.001	-7.976E-4	-6.634E-3	6.681E-3	8.687E-3	-1.837E-2	2.032E-2	-0.210	0.158	0.262
1.018	-7.046E-4	-6.856E-3	6.892E-3	-1.222E-3	-1.081E-2	1.088E-2	-0.300	0.190	0.355
1.034	-8.384E-4	-6.994E-3	7.044E-3	-3.460E-3	-1.158E-2	1.208E-2	-8.395E-2	0.140	0.163
1.051	-8.200E-4	-7.242E-3	7.288E-3	-1.393E-3	-8.355E-3	8.470E-3	0.306	-0.121	0.330
1.068	-8.849E-4	-7.273E-3	7.327E-3	4.239E-3	-1.188E-2	1.261E-2	0.251	-0.245	0.351
1.084	-6.786E-4	-7.638E-3	7.668E-3	9.996E-3	-2.051E-2	2.281E-2	-7.314E-2	-0.199	0.212
1.101	-5.513E-4	-7.957E-3	7.976E-3	9.199E-4	-1.700E-2	1.702E-2	-0.746	0.464	0.879
1.118	-6.479E-4	-8.205E-3	8.231E-3	-1.513E-2	-5.885E-3	1.623E-2	-3.068E-2	0.472	0.473
1.134	-1.056E-3	-8.154E-3	8.222E-3	-4.647E-3	1.276E-3	4.819E-3	0.457	-0.200	0.499
1.151	-8.029E-4	-8.163E-3	8.202E-3	8.133E-3	-1.265E-2	1.504E-2	0.103	-0.435	0.447
1.168	-7.848E-4	-8.576E-3	8.612E-3	-5.163E-3	-1.747E-2	1.822E-2	-0.290	-0.289	0.409
1.185	-9.752E-4	-8.746E-3	8.800E-3	-3.469E-3	-1.744E-2	1.778E-2	0.279	0.374	0.466
1.201	-9.005E-4	-9.158E-3	9.202E-3	6.950E-3	-1.018E-2	1.233E-2	0.236	6.916E-2	0.246
1.218	-7.433E-4	-9.086E-3	9.116E-3	4.647E-3	-8.170E-3	9.400E-3	-0.128	4.189E-2	0.134
1.235	-7.455E-4	-9.430E-3	9.460E-3	8.381E-4	-1.520E-2	1.522E-2	-0.418	-0.444	0.610
1.251	-7.154E-4	-9.593E-3	9.620E-3	-7.073E-3	-1.840E-2	1.972E-2	2.682E-2	-0.224	0.226
1.268	-9.815E-4	-1.004E-2	1.009E-2	-2.818E-3	-2.607E-2	2.623E-2	0.242	0.114	0.267
1.285	-8.094E-4	-1.046E-2	1.049E-2	6.550E-3	-1.458E-2	1.598E-2	0.147	0.317	0.350
1.301	-7.630E-4	-1.053E-2	1.056E-2	-4.238E-4	-1.155E-2	1.156E-2	-0.238	0.222	0.326
1.318	-8.235E-4	-1.085E-2	1.088E-2	-2.005E-3	-1.184E-2	1.200E-2	-6.520E-2	-5.199E-2	8.339E-2
1.335	-8.298E-4	-1.093E-2	1.096E-2	-1.513E-3	-9.466E-3	9.586E-3	-1.017E-2	-2.375E-2	2.583E-2
1.351	-8.740E-4	-1.116E-2	1.120E-2	-2.870E-3	-1.495E-2	1.522E-2	5.506E-2	-0.237	0.243
1.368	-9.256E-4	-1.142E-2	1.146E-2	-1.582E-5	-1.671E-2	1.671E-2	-7.768E-2	8.887E-2	0.118
1.385	-8.746E-4	-1.172E-2	1.175E-2	-3.601E-3	-1.291E-2	1.340E-2	0.144	-0.262	0.299
1.401	-1.046E-3	-1.185E-2	1.190E-2	8.647E-4	-2.191E-2	2.193E-2	0.113	-5.356E-2	0.125
1.418	-8.457E-4	-1.245E-2	1.248E-2	5.265E-3	-2.143E-2	2.207E-2	0.126	0.467	0.483
1.435	-8.701E-4	-1.257E-2	1.260E-2	1.170E-3	-1.084E-3	1.595E-3	-0.304	0.488	0.575
1.451	-8.067E-4	-1.249E-2	1.251E-2	-2.309E-3	-4.207E-3	4.799E-3	-0.155	-0.637	0.655
1.468	-9.471E-4	-1.271E-2	1.275E-2	-6.404E-3	-2.421E-2	2.504E-2	0.213	-0.368	0.425
1.485	-1.020E-3	-1.330E-2	1.334E-2	4.923E-3	-2.040E-2	2.099E-2	0.248	0.248	0.351
1.502	-7.829E-4	-1.339E-2	1.341E-2	5.501E-3	-9.609E-3	1.107E-2	-0.325	0.402	0.517
1.518	-8.368E-4	-1.362E-2	1.364E-2	-8.925E-3	-1.063E-2	1.388E-2	-0.159	-2.460E-2	0.161
1.535	-1.081E-3	-1.375E-2	1.379E-2	-1.997E-3	-8.867E-3	9.090E-3	0.132	1.357E-2	0.133
1.552	-9.035E-4	-1.391E-2	1.394E-2	1.251E-3	-1.081E-2	1.089E-2	0.182	-8.910E-2	0.203
1.568	-1.039E-3	-1.411E-2	1.415E-2	-1.367E-3	-1.187E-2	1.194E-2	-4.655E-2	1.349E-2	4.847E-2
1.585	-9.491E-4	-1.431E-2	1.434E-2	3.267E-3	-1.055E-2	1.104E-2	0.268	2.355E-2	0.269
1.602	-9.299E-4	-1.446E-2	1.449E-2	5.407E-3	-1.039E-2	1.171E-2	-7.060E-2	-0.277	0.286
1.618	-7.687E-4	-1.466E-2	1.468E-2	3.334E-3	-1.935E-2	1.963E-2	-3.515E-4	-7.569E-2	7.569E-2
1.635	-8.187E-4	-1.510E-2	1.513E-2	2.232E-3	-1.637E-2	1.652E-2	-1.679E-2	0.315	0.316
1.652	-6.942E-4	-1.520E-2	1.522E-2	5.457E-3	-4.887E-3	7.326E-3	-0.166	0.191	0.253
1.668	-6.366E-4	-1.527E-2	1.528E-2	-3.602E-3	-1.030E-2	1.091E-2	-0.249	-0.329	0.413
1.685	-8.144E-4	-1.555E-2	1.557E-2	-5.339E-3	-1.768E-2	1.847E-2	4.664E-2	-0.304	0.308
1.702	-8.147E-4	-1.586E-2	1.588E-2	4.199E-4	-1.968E-2	1.968E-2	0.417	0.241	0.481
1.718	-8.004E-4	-1.620E-2	1.622E-2	7.050E-3	-1.114E-2	1.319E-2	-9.621E-2	0.485	0.494
1.735	-5.795E-4	-1.623E-2	1.624E-2	7.074E-4	-7.695E-4	1.045E-3	-0.251	0.217	0.331
1.752	-7.768E-4	-1.623E-2	1.625E-2	-6.537E-3	-4.393E-3	7.876E-3	-0.144	-0.204	0.250
1.768	-7.976E-4	-1.638E-2	1.640E-2	-8.501E-4	-8.964E-3	9.004E-3	0.278	-0.227	0.359
1.785	-8.052E-4	-1.653E-2	1.655E-2	1.786E-3	-1.107E-2	1.122E-2	6.833E-2	-0.426	0.431
1.802	-7.380E-4	-1.675E-2	1.676E-2	2.265E-3	-2.241E-2	2.252E-2	8.717E-3	-0.533	0.533
1.818	-7.296E-4	-1.727E-2	1.729E-2	1.160E-3	-3.130E-2	3.132E-2	-5.522E-2	0.231	0.238
1.835	-6.993E-4	-1.779E-2	1.780E-2	9.813E-4	-1.544E-2	1.547E-2	-0.115	0.731	0.740
1.852	-6.968E-4	-1.779E-2	1.780E-2	-2.606E-3	-2.231E-3	3.431E-3	4.379E-2	0.491	0.493
1.869	-7.862E-4	-1.786E-2	1.788E-2	8.837E-4	-2.213E-3	2.383E-3	-7.968E-2	-0.213	0.227
1.885	-6.674E-4	-1.786E-2	1.788E-2	-1.811E-3	-7.323E-3	7.544E-3	6.133E-2	-0.572	0.575
1.902	-8.467E-4	-1.811E-2	1.813E-2	-1.795E-3	-2.257E-2	2.264E-2	0.170	-0.400	0.435
1.919	-7.272E-4	-1.862E-2	1.863E-2	7.636E-3	-2.296E-2	2.420E-2	7.476E-2	0.257	0.267
1.935	-5.919E-4	-1.887E-2	1.888E-2	6.266E-4	-1.131E-2	1.133E-2	-0.270	0.458	0.532
1.952	-7.063E-4	-1.899E-2	1.901E-2	-4.001E-3	-7.521E-3	8.519E-3	-0.214	4.855E-2	0.220
1.969	-7.254E-4	-1.913E-2	1.914E-2	-4.201E-3	-1.007E-2	1.091E-2	9.883E-2	-0.575	0.584
1.985	-8.465E-4	-1.933E-2	1.935E-2	-2.645E-3	-2.542E-2	2.556E-2	0.456	-0.254	0.522
2.002	-8.136E-4	-1.997E-2	1.999E-2	1.142E-2	-2.406E-2	2.663E-2	0.275	0.177	0.327
2.019	-4.653E-4	-2.013E-2	2.014E-2	1.011E-2	-1.299E-2	1.646E-2	-0.322	0.442	0.546
2.035	-4.763E-4	-2.041E-2	2.041E-2	-3.360E-3	-1.289E-2	1.332E-2	-0.621	2.717E-2	0.621
2.052	-5.774E-4	-2.056E-2	2.057E-2	-9.360E-3	-1.042E-2	1.401E-2	0.190	-0.161	0.249
2.069	-7.886E-4	-2.076E-2	2.077E-2	5.369E-4	-1.814E-2	1.815E-2	0.308	-0.241	0.391
2.085	-5.595E-4	-2.117E-2	2.118E-2	6.230E-3	-2.077E-2	2.168E-2	6.894E-2	0.243	0.252
2.102	-5.807E-4	-2.145E-2	2.146E-2	-1.202E-3	-9.053E-3	9.132E-3	-0.103	0.192	0.217
2.119	-5.996E-4	-2.147E-2	2.148E-2	3.271E-3	-1.132E-2	1.178E-2	4.189E-2	0.105	0.113
2.135	-4.716E-4	-2.183E-2	2.183E-2	2.222E-3	-1.097E-2	1.120E-2	-0.214	0.107	0.240
2.152	-5.254E-4	-2.184E-2	2.184E-2	-5.706E-3	-3.026E-3	6.459E-3	-0.196	-0.177	0.264
2.169	-6.620E-4	-2.193E-2	2.194E-2	-4.734E-3	-1.733E-2	1.796E-2	0.131	-0.480	0.498
2.186	-6.834E-4	-2.241E-2	2.243E-2	-1.436E-4	-2.302E-2	2.302E-2	0.322	0.127	0.346
2.202	-6.668E-4	-2.269E-2	2.270E-2	5.241E-3	-1.049E-2	1.173E-2	6.479E-2	0.479	0.484
2.219	-5.085E-4	-2.276E-2	2.277E-2	3.870E-3	-5.879E-3	7.038E-3	-0.250	0.115	0.275
2.236	-5.376E-4	-2.289E-2	2.290E-2	-4.870E-3	-7.977E-3	9.346E-3	-0.123	-0.123	0.174
2.252	-6.710E-4	-2.303E-2	2.304E-2	-1.284E-3	-9.692E-3	9.776E-3	0.175	-9.046E-3	0.176
2.269	-5.805E-4	-2.321E-2	2.322E-2	3.607E-3	-8.884E-3	9.588E-3	2.201E-2	4.317E-2	4.846E-2
2.286	-5.506E-4	-2.333E-2	2.333E-2	-1.551E-3	-7.384E-3	7.545E-3	-6.750E-2	-0.254	0.262
2.302	-6.322E-4	-2.346E-2	2.347E-2	-3.263E-5	-1.659E-2	1.659E-2	6.172E-2	-0.339	0.345
2.319	-5.517E-4	-2.388E-2	2.389E-2	2.680E-3	-2.159E-2	2.176E-2	0.213	0.185	0.282
2.336	-5.428E-4	-2.418E-2	2.419E-2	5.116E-3	-9.391E-3	1.069E-2	-6.305E-2	0.545	0.549
2.352	-3.810E-4	-2.419E-2	2.420E-2	3.129E-3	-1.385E-3	3.422E-3	-0.179	0.222	0.286
2.369	-4.384E-4	-2.423E-2	2.423E-2	-3.407E-3	-3.199E-3	4.673E-3	-0.383	-9.866E-2	0.396
2.386	-4.947E-4	-2.430E-2	2.431E-2	-8.052E-3	-4.875E-3	9.413E-3	0.223	-0.106	0.247
2.402	-7.071E-4	-2.439E-2	2.440E-2	7.708E-4	-6.517E-3	6.562E-3	0.156	-0.224	0.273
2.419	-4.690E-4	-2.452E-2	2.452E-2	3.256E-3	-1.202E-2	1.245E-2	0.108	-0.742	0.750
2.436	-5.984E-4	-2.479E-2	2.480E-2	-1.572E-3	-3.033E-2	3.037E-2	-7.701E-2	-0.361	0.370
2.452	-5.215E-4	-2.553E-2	2.554E-2	4.100E-3	-2.957E-2	2.985E-2	0.105	0.603	0.612
2.469	-4.616E-4	-2.578E-2	2.578E-2	1.252E-3	-5.351E-3	5.495E-3	-8.063E-2	0.610	0.616
2.486	-4.797E-4	-2.571E-2	2.571E-2	5.780E-4	-7.015E-3	7.039E-3	0.361	4.726E-2	0.364
2.502	-4.423E-4	-2.601E-2	2.602E-2	1.262E-2	-9.533E-3	1.582E-2	0.336	-0.411	0.531
2.519	-5.849E-5	-2.603E-2	2.603E-2	1.559E-2	-1.470E-2	2.142E-2	-5.030E-2	-0.243	0.248
2.536	7.772E-5	-2.650E-2	2.650E-2	7.444E-3	-2.351E-2	2.466E-2	-0.144	2.113E-2	0.146
2.553	1.899E-4	-2.681E-2	2.681E-2	1.102E-2	-1.160E-2	1.600E-2	0.132	0.277	0.307
2.569	4.454E-4	-2.689E-2	2.689E-2	1.345E-2	-1.194E-2	1.798E-2	-0.777	-4.430E-2	0.779
2.586	6.387E-4	-2.721E-2	2.722E-2	-1.261E-2	-1.653E-2	2.079E-2	-0.193	-0.138	0.237
2.603	2.477E-5	-2.744E-2	2.744E-2	-4.282E-3	-1.461E-2	1.523E-2	0.320	0.156	0.357
2.619	4.958E-4	-2.770E-2	2.770E-2	1.301E-2	-1.235E-2	1.794E-2	0.424	2.825E-2	0.425
2.636	4.588E-4	-2.785E-2	2.786E-2	4.964E-4	-1.228E-2	1.229E-2	-0.142	0.132	0.194
2.653	5.124E-4	-2.811E-2	2.811E-2	1.023E-2	-9.963E-3	1.428E-2	0.142	-0.257	0.293
2.669	8.002E-4	-2.819E-2	2.820E-2	8.151E-3	-1.713E-2	1.897E-2	-0.266	2.215E-2	0.267
2.686	7.844E-4	-2.868E-2	2.869E-2	-2.085E-3	-1.553E-2	1.567E-2	-0.487	0.283	0.564
2.703	7.306E-4	-2.870E-2	2.871E-2	-6.642E-3	-1.846E-3	6.894E-3	3.620E-2	7.198E-2	8.057E-2
2.719	5.628E-4	-2.874E-2	2.875E-2	-2.739E-3	-1.361E-2	1.388E-2	0.320	-0.432	0.538
2.736	6.393E-4	-2.916E-2	2.916E-2	6.367E-3	-2.016E-2	2.114E-2	0.119	-3.260E-2	0.123
2.753	7.752E-4	-2.941E-2	2.942E-2	1.619E-3	-1.213E-2	1.224E-2	-0.184	0.491	0.524
2.769	6.933E-4	-2.956E-2	2.957E-2	-2.256E-3	-4.248E-3	4.810E-3	-7.342E-2	-1.586E-2	7.511E-2
2.786	6.999E-4	-2.955E-2	2.956E-2	8.031E-4	-1.024E-2	1.027E-2	0.115	-0.191	0.223
2.803	7.201E-4	-2.990E-2	2.991E-2	1.300E-3	-1.517E-2	1.523E-2	0.241	-0.213	0.322
2.819	7.433E-4	-3.006E-2	3.007E-2	7.889E-3	-1.358E-2	1.570E-2	2.517E-2	-0.182	0.183
2.836	9.833E-4	-3.036E-2	3.037E-2	5.283E-3	-2.256E-2	2.317E-2	-0.278	-0.181	0.332
2.853	9.196E-4	-3.081E-2	3.083E-2	-4.771E-3	-2.127E-2	2.180E-2	-0.176	0.214	0.277
2.870	8.241E-4	-3.107E-2	3.108E-2	-3.302E-4	-1.324E-2	1.325E-2	0.152	0.385	0.413
2.886	9.086E-4	-3.126E-2	3.127E-2	2.360E-3	-9.080E-3	9.382E-3	-4.753E-2	0.169	0.176
2.903	9.029E-4	-3.137E-2	3.138E-2	-3.069E-3	-7.188E-3	7.816E-3	-0.150	-0.186	0.239
2.920	8.062E-4	-3.150E-2	3.151E-2	-3.387E-3	-1.468E-2	1.507E-2	8.841E-2	-0.210	0.228
2.936	7.899E-4	-3.186E-2	3.187E-2	7.170E-4	-1.690E-2	1.691E-2	-7.428E-2	4.629E-4	7.428E-2
2.953	8.301E-4	-3.206E-2	3.207E-2	-4.708E-3	-1.220E-2	1.308E-2	-0.261	0.587	0.643
2.970	6.328E-4	-3.227E-2	3.227E-2	-1.046E-2	1.336E-4	1.047E-2	1.156E-2	0.228	0.229
2.986	4.809E-4	-3.205E-2	3.206E-2	-3.689E-3	7.476E-4	3.764E-3	0.462	-0.333	0.569
3.003	5.097E-4	-3.224E-2	3.225E-2	5.716E-3	-1.555E-2	1.657E-2	0.202	-0.831	0.855
3.020	6.717E-4	-3.257E-2	3.258E-2	4.199E-3	-2.570E-2	2.604E-2	0.114	-0.479	0.493
3.036	6.498E-4	-3.310E-2	3.311E-2	6.293E-3	-3.245E-2	3.305E-2	-9.204E-2	0.367	0.378
3.053	8.816E-4	-3.366E-2	3.367E-2	5.314E-3	-1.547E-2	1.636E-2	-0.174	0.693	0.714
3.070	8.271E-4	-3.362E-2	3.363E-2	-3.068E-3	-3.249E-3	4.468E-3	-0.451	0.445	0.634
3.086	7.793E-4	-3.376E-2	3.377E-2	-7.762E-3	-5.332E-3	9.417E-3	-9.469E-2	-0.665	0.672
3.103	5.681E-4	-3.379E-2	3.380E-2	-8.280E-3	-2.084E-2	2.243E-2	0.262	-0.305	0.402
3.120	5.030E-4	-3.446E-2	3.446E-2	2.071E-3	-2.381E-2	2.390E-2	0.263	0.106	0.284
3.136	6.372E-4	-3.459E-2	3.459E-2	2.381E-3	-9.656E-3	9.945E-3	-1.956E-2	0.405	0.405
3.153	5.824E-4	-3.478E-2	3.479E-2	-1.332E-3	-1.301E-2	1.308E-2	-4.958E-2	-5.712E-2	7.564E-2
3.170	5.928E-4	-3.502E-2	3.503E-2	1.909E-3	-1.199E-2	1.214E-2	-9.255E-2	0.112	0.146
3.187	6.461E-4	-3.518E-2	3.519E-2	-3.389E-3	-8.552E-3	9.199E-3	-0.201	-0.298	0.360
3.203	4.797E-4	-3.531E-2	3.531E-2	-7.252E-3	-2.016E-2	2.143E-2	0.125	-0.488	0.504
3.220	4.042E-4	-3.586E-2	3.586E-2	1.617E-3	-2.915E-2	2.920E-2	0.209	7.652E-2	0.222
3.237	5.337E-4	-3.628E-2	3.628E-2	1.917E-3	-1.608E-2	1.619E-2	1.915E-2	0.773	0.773
3.253	4.681E-4	-3.639E-2	3.639E-2	-7.461E-4	-1.903E-3	2.044E-3	-3.977E-2	0.244	0.247
3.270	5.088E-4	-3.634E-2	3.635E-2	2.347E-3	-6.554E-3	6.961E-3	-0.178	-0.244	0.302
3.287	5.464E-4	-3.661E-2	3.661E-2	-5.989E-3	-1.376E-2	1.501E-2	-7.420E-2	-0.491	0.496
3.303	3.089E-4	-3.680E-2	3.680E-2	-3.943E-3	-1.976E-2	2.015E-2	0.251	-0.236	0.344
3.320	4.149E-4	-3.727E-2	3.727E-2	6.494E-3	-2.476E-2	2.559E-2	9.721E-2	0.331	0.345
3.337	5.256E-4	-3.763E-2	3.763E-2	-1.033E-3	-8.477E-3	8.540E-3	-0.147	0.346	0.375
3.353	3.804E-4	-3.755E-2	3.755E-2	-1.621E-3	-8.147E-3	8.307E-3	-7.645E-2	0.204	0.218
3.370	4.715E-4	-3.790E-2	3.790E-2	2.767E-4	-8.865E-3	8.869E-3	-3.210E-2	-0.148	0.151
3.387	3.896E-4	-3.785E-2	3.785E-2	-5.151E-3	-6.471E-3	8.271E-3	-0.200	-0.129	0.238
3.403	2.997E-4	-3.812E-2	3.812E-2	-5.686E-3	-1.742E-2	1.833E-2	0.217	-0.408	0.463
3.420	1.999E-4	-3.843E-2	3.843E-2	1.045E-3	-1.907E-2	1.910E-2	0.389	6.780E-2	0.395
3.437	3.345E-4	-3.875E-2	3.875E-2	9.185E-3	-1.559E-2	1.809E-2	9.947E-2	0.241	0.260
3.453	5.064E-4	-3.895E-2	3.895E-2	4.506E-3	-1.016E-2	1.111E-2	-0.248	0.225	0.334
3.470	4.849E-4	-3.909E-2	3.909E-2	-9.401E-4	-8.202E-3	8.256E-3	-0.213	0.168	0.271
3.487	4.750E-4	-3.922E-2	3.923E-2	-1.526E-3	-5.091E-3	5.315E-3	0.129	0.123	0.178
3.503	4.340E-4	-3.926E-2	3.926E-2	2.357E-3	-3.215E-3	3.986E-3	-0.257	-2.231E-2	0.258
3.520	5.536E-4	-3.933E-2	3.933E-2	-6.625E-3	-6.210E-3	9.081E-3	-3.618E-3	-0.397	0.397
3.537	2.129E-4	-3.947E-2	3.947E-2	-4.648E-3	-1.583E-2	1.650E-2	2.266E-2	-0.463	0.464
3.554	3.986E-4	-3.986E-2	3.986E-2	1.924E-3	-2.352E-2	2.360E-2	0.357	-0.168	0.394
3.570	2.771E-4	-4.025E-2	4.025E-2	1.164E-3	-2.080E-2	2.083E-2	8.457E-2	0.156	0.177
3.587	4.374E-4	-4.055E-2	4.056E-2	8.614E-3	-1.754E-2	1.954E-2	0.138	-9.918E-2	0.170
3.604	5.645E-4	-4.084E-2	4.084E-2	4.692E-3	-2.349E-2	2.395E-2	-0.288	-0.213	0.358
3.620	5.939E-4	-4.134E-2	4.134E-2	-1.264E-3	-2.692E-2	2.695E-2	-0.268	0.396	0.478
3.637	5.224E-4	-4.174E-2	4.174E-2	-4.635E-3	-1.045E-2	1.143E-2	0.209	0.346	0.404
3.654	4.393E-4	-4.169E-2	4.169E-2	4.652E-3	-1.006E-2	1.108E-2	7.197E-2	0.234	0.245
3.670	6.776E-4	-4.207E-2	4.208E-2	2.282E-3	-1.020E-2	1.045E-2	-0.331	0.367	0.494
3.687	5.154E-4	-4.203E-2	4.203E-2	-1.100E-2	7.147E-3	1.312E-2	-0.175	0.349	0.391
3.704	3.106E-4	-4.183E-2	4.184E-2	-3.468E-3	2.171E-3	4.092E-3	0.603	-0.719	0.938
3.720	3.997E-4	-4.195E-2	4.196E-2	1.100E-2	-1.852E-2	2.154E-2	0.230	-0.910	0.938
3.737	6.775E-4	-4.245E-2	4.246E-2	6.066E-3	-3.008E-2	3.068E-2	-0.268	0.115	0.292
3.754	6.021E-4	-4.296E-2	4.296E-2	-2.116E-3	-1.525E-2	1.539E-2	-0.203	0.369	0.421
3.770	6.069E-4	-4.296E-2	4.296E-2	1.336E-3	-1.178E-2	1.186E-2	5.118E-2	0.131	0.141
3.787	6.467E-4	-4.335E-2	4.335E-2	-9.819E-5	-1.719E-2	1.719E-2	-0.216	-0.428	0.479
3.804	6.036E-4	-4.353E-2	4.354E-2	-6.217E-3	-2.120E-2	2.209E-2	-0.117	-7.962E-2	0.142
3.820	4.393E-4	-4.406E-2	4.406E-2	-5.334E-3	-2.459E-2	2.517E-2	0.146	7.041E-2	0.162
3.837	4.257E-4	-4.435E-2	4.436E-2	2.954E-4	-1.576E-2	1.576E-2	0.234	0.512	0.563
3.854	4.491E-4	-4.458E-2	4.459E-2	2.058E-3	-8.625E-3	8.867E-3	7.165E-2	0.360	0.367
3.871	4.943E-4	-4.464E-2	4.465E-2	2.713E-3	-2.715E-3	3.838E-3	-0.108	1.731E-2	0.109
3.887	5.397E-4	-4.467E-2	4.468E-2	-1.094E-3	-7.697E-3	7.774E-3	-6.896E-2	-0.676	0.679
3.904	4.578E-4	-4.490E-2	4.490E-2	-1.206E-3	-2.535E-2	2.538E-2	0.169	-0.409	0.442
3.921	4.994E-4	-4.552E-2	4.552E-2	5.676E-3	-2.555E-2	2.617E-2	9.775E-2	0.141	0.172
3.937	6.472E-4	-4.575E-2	4.576E-2	3.239E-3	-1.541E-2	1.575E-2	-0.293	0.371	0.473
3.954	6.075E-4	-4.603E-2	4.604E-2	-5.696E-3	-1.547E-2	1.648E-2	-0.332	-4.907E-2	0.335
3.971	4.571E-4	-4.627E-2	4.627E-2	-8.107E-3	-1.612E-2	1.804E-2	-4.743E-2	-9.247E-2	0.104
3.987	3.370E-4	-4.657E-2	4.657E-2	-6.628E-3	-1.921E-2	2.033E-2	0.424	2.299E-2	0.424
4.004	2.360E-4	-4.691E-2	4.691E-2	4.550E-3	-1.595E-2	1.659E-2	0.299	0.297	0.421
4.021	4.888E-4	-4.710E-2	4.711E-2	7.396E-3	-8.416E-3	1.120E-2	2.560E-2	0.414	0.415
4.037	4.828E-4	-4.719E-2	4.719E-2	1.418E-3	-2.215E-3	2.630E-3	-0.291	2.737E-2	0.292
4.054	5.361E-4	-4.718E-2	4.718E-2	-2.106E-4	-6.151E-3	6.154E-3	1.958E-2	-1.898E-2	2.727E-2
4.071	4.757E-4	-4.739E-2	4.740E-2	2.846E-4	-6.203E-3	6.209E-3	-6.138E-2	-0.139	0.152
4.087	5.456E-4	-4.738E-2	4.739E-2	-5.036E-5	-6.814E-3	6.814E-3	2.996E-2	-0.416	0.417
4.104	4.741E-4	-4.762E-2	4.762E-2	-9.605E-4	-2.205E-2	2.207E-2	-0.106	-0.503	0.514
4.121	5.136E-4	-4.812E-2	4.812E-2	-1.491E-3	-2.539E-2	2.544E-2	0.113	0.413	0.428
4.137	4.243E-4	-4.847E-2	4.847E-2	3.964E-4	-7.750E-3	7.760E-3	9.959E-2	0.533	0.542
4.154	5.268E-4	-4.838E-2	4.838E-2	4.290E-3	-3.256E-3	5.386E-3	-2.581E-2	0.130	0.133
4.171	5.675E-4	-4.858E-2	4.858E-2	-1.284E-3	-8.286E-3	8.385E-3	-0.196	-0.170	0.260
4.188	4.840E-4	-4.866E-2	4.866E-2	-3.288E-3	-6.407E-3	7.202E-3	-0.144	-8.896E-2	0.170
4.204	4.578E-4	-4.879E-2	4.879E-2	-4.642E-3	-1.177E-2	1.265E-2	8.592E-2	-0.124	0.151
4.221	3.291E-4	-4.905E-2	4.905E-2	-2.315E-3	-1.183E-2	1.205E-2	0.147	-0.294	0.329
4.238	3.805E-4	-4.919E-2	4.919E-2	2.362E-3	-1.858E-2	1.873E-2	-3.245E-2	-0.106	0.111
4.254	4.079E-4	-4.967E-2	4.967E-2	-3.623E-3	-2.006E-2	2.038E-2	-0.232	-4.980E-2	0.237
4.271	2.596E-4	-4.986E-2	4.986E-2	-7.037E-3	-1.563E-2	1.714E-2	9.268E-2	-0.134	0.163
4.288	1.731E-4	-5.019E-2	5.019E-2	7.069E-6	-2.617E-2	2.617E-2	0.297	-5.660E-2	0.302
4.304	2.599E-4	-5.073E-2	5.073E-2	4.229E-3	-2.036E-2	2.079E-2	6.089E-2	0.368	0.373
4.321	3.142E-4	-5.087E-2	5.087E-2	1.298E-3	-9.436E-3	9.525E-3	-0.285	0.542	0.612
4.338	3.032E-4	-5.104E-2	5.104E-2	-5.074E-3	-5.059E-3	7.165E-3	-0.223	8.058E-2	0.237
4.354	1.449E-4	-5.104E-2	5.104E-2	-7.431E-3	-4.377E-3	8.624E-3	1.831E-2	-0.421	0.422
4.371	5.523E-5	-5.119E-2	5.119E-2	-3.511E-3	-1.973E-2	2.004E-2	0.329	-0.479	0.581
4.388	2.773E-5	-5.170E-2	5.170E-2	3.095E-3	-2.366E-2	2.386E-2	0.116	4.525E-2	0.125
4.404	1.585E-4	-5.198E-2	5.198E-2	2.251E-3	-1.506E-2	1.523E-2	0.120	0.374	0.393
4.421	1.028E-4	-5.220E-2	5.220E-2	3.816E-3	-1.179E-2	1.239E-2	-0.215	5.252E-2	0.221
4.438	2.858E-4	-5.237E-2	5.237E-2	-4.408E-4	-1.285E-2	1.285E-2	-6.890E-2	0.223	0.233
4.454	8.813E-5	-5.263E-2	5.263E-2	-3.900E-3	-6.493E-3	7.575E-3	-0.203	8.064E-2	0.218
4.471	1.557E-4	-5.259E-2	5.259E-2	-2.388E-3	-6.104E-3	6.555E-3	0.187	-0.174	0.256
4.488	8.446E-6	-5.283E-2	5.283E-2	-1.659E-3	-1.578E-2	1.587E-2	4.901E-2	-0.403	0.406
4.505	1.003E-4	-5.312E-2	5.312E-2	2.626E-3	-1.850E-2	1.869E-2	2.320E-2	0.121	0.123
4.521	9.608E-5	-5.345E-2	5.345E-2	-2.422E-3	-1.297E-2	1.319E-2	-8.703E-2	0.131	0.158
4.538	1.951E-5	-5.355E-2	5.355E-2	-9.983E-4	-1.118E-2	1.123E-2	0.185	-5.362E-2	0.193
4.555	6.277E-5	-5.382E-2	5.382E-2	4.774E-3	-1.713E-2	1.778E-2	0.113	0.163	0.198
4.571	1.788E-4	-5.412E-2	5.412E-2	3.390E-3	-6.819E-3	7.616E-3	-0.554	-0.121	0.566
4.588	1.759E-4	-5.405E-2	5.405E-2	-1.317E-2	-1.511E-2	2.004E-2	-0.678	-0.228	0.716
4.605	-2.606E-4	-5.462E-2	5.462E-2	-2.292E-2	-2.317E-2	3.259E-2	-0.163	-1.018E-3	0.163
4.621	-5.887E-4	-5.482E-2	5.483E-2	-1.630E-2	-9.489E-3	1.886E-2	0.487	0.295	0.570
4.638	-8.044E-4	-5.494E-2	5.495E-2	-7.011E-3	-1.336E-2	1.509E-2	0.156	-0.183	0.241
4.655	-8.227E-4	-5.527E-2	5.527E-2	-8.791E-3	-1.797E-2	2.000E-2	4.552E-2	-0.282	0.286
4.671	-1.098E-3	-5.554E-2	5.555E-2	-9.529E-3	-2.078E-2	2.286E-2	0.235	0.143	0.275
4.688	-1.141E-3	-5.596E-2	5.597E-2	1.557E-3	-1.603E-2	1.610E-2	0.332	0.487	0.589
4.705	-1.046E-3	-5.608E-2	5.608E-2	2.218E-3	-1.974E-3	2.969E-3	-7.799E-3	3.661E-2	3.743E-2
4.721	-1.067E-3	-5.603E-2	5.604E-2	-4.056E-4	-1.253E-2	1.254E-2	-0.180	-4.260E-2	0.184
4.738	-1.059E-3	-5.649E-2	5.650E-2	-2.601E-3	-1.092E-2	1.123E-2	1.042E-2	0.130	0.131
4.755	-1.153E-3	-5.639E-2	5.640E-2	-1.622E-3	-2.241E-4	1.637E-3	0.120	0.246	0.274
4.771	-1.113E-3	-5.650E-2	5.651E-2	2.918E-3	-6.892E-3	7.484E-3	-7.159E-2	-0.362	0.369
4.788	-1.056E-3	-5.662E-2	5.663E-2	-3.452E-3	-1.097E-2	1.150E-2	-4.274E-2	-0.425	0.427
4.805	-1.229E-3	-5.687E-2	5.688E-2	-1.775E-3	-2.117E-2	2.125E-2	0.142	-0.159	0.213
4.821	-1.115E-3	-5.733E-2	5.734E-2	4.968E-3	-1.886E-2	1.950E-2	3.499E-2	-9.155E-2	9.801E-2
4.838	-1.063E-3	-5.750E-2	5.751E-2	-1.665E-3	-1.945E-2	1.952E-2	-0.252	0.357	0.437
4.855	-1.171E-3	-5.798E-2	5.799E-2	-4.795E-3	-1.311E-2	1.396E-2	-6.067E-2	0.458	0.462
4.872	-1.223E-3	-5.793E-2	5.795E-2	-2.597E-3	1.774E-3	3.145E-3	0.210	0.220	0.304
4.888	-1.257E-3	-5.792E-2	5.793E-2	1.601E-3	-7.118E-3	7.296E-3	0.185	-0.155	0.241
4.905	-1.169E-3	-5.817E-2	5.818E-2	4.647E-3	-6.771E-3	8.212E-3	-0.254	2.669E-2	0.255
4.922	-1.102E-3	-5.814E-2	5.815E-2	-6.133E-3	-2.138E-3	6.495E-3	-0.194	-0.338	0.389
4.938	-1.374E-3	-5.824E-2	5.826E-2	-6.085E-3	-1.851E-2	1.949E-2	0.125	-0.350	0.371
4.955	-1.305E-3	-5.876E-2	5.878E-2	2.611E-3	-1.865E-2	1.883E-2	0.396	0.115	0.412
4.972	-1.287E-3	-5.886E-2	5.888E-2	4.724E-3	-8.929E-3	1.010E-2	-7.716E-2	0.412	0.419
4.988	-1.148E-3	-5.906E-2	5.907E-2	2.165E-3	-7.985E-3	8.273E-3	7.850E-2	9.789E-2	0.125
5.005	-1.215E-3	-5.913E-2	5.914E-2	3.930E-3	-4.222E-3	5.768E-3	-2.642E-2	8.657E-2	9.051E-2
5.022	-1.017E-3	-5.920E-2	5.921E-2	5.362E-3	-5.425E-3	7.627E-3	9.467E-2	-0.168	0.193
5.038	-1.036E-3	-5.931E-2	5.932E-2	3.442E-3	-9.767E-3	1.036E-2	-9.719E-2	0.120	0.154
5.055	-9.019E-4	-5.953E-2	5.953E-2	4.817E-3	-3.469E-3	5.936E-3	6.668E-2	0.215	0.225
5.072	-8.750E-4	-5.943E-2	5.943E-2	3.784E-3	1.184E-3	3.965E-3	-0.310	-0.196	0.367
5.088	-7.756E-4	-5.949E-2	5.949E-2	-3.133E-3	-1.156E-2	1.198E-2	-0.144	-0.714	0.729
5.105	-9.796E-4	-5.981E-2	5.982E-2	-4.970E-3	-2.369E-2	2.420E-2	1.932E-2	-9.668E-2	9.860E-2
5.122	-9.414E-4	-6.028E-2	6.028E-2	1.059E-3	-1.643E-2	1.647E-2	0.268	0.211	0.341
5.138	-9.442E-4	-6.036E-2	6.037E-2	2.242E-3	-1.186E-2	1.207E-2	-0.331	4.014E-2	0.333
5.155	-8.666E-4	-6.067E-2	6.068E-2	-7.399E-3	-1.865E-2	2.006E-2	-0.213	-0.270	0.344
5.172	-1.191E-3	-6.098E-2	6.100E-2	-9.988E-3	-1.975E-2	2.213E-2	0.408	-0.140	0.432
5.189	-1.200E-3	-6.133E-2	6.134E-2	9.258E-3	-2.329E-2	2.506E-2	0.420	1.408E-2	0.420
5.205	-8.822E-4	-6.176E-2	6.177E-2	7.174E-3	-2.057E-2	2.178E-2	-1.565E-2	0.518	0.518
5.222	-9.605E-4	-6.202E-2	6.203E-2	2.867E-3	-5.579E-3	6.273E-3	-8.750E-2	0.457	0.466
5.239	-7.866E-4	-6.195E-2	6.195E-2	8.400E-3	-2.309E-3	8.711E-3	-2.523E-3	0.179	0.179
5.255	-6.803E-4	-6.209E-2	6.210E-2	1.779E-3	-3.619E-3	4.032E-3	-0.114	-1.014E-2	0.115
5.272	-7.272E-4	-6.207E-2	6.207E-2	2.762E-3	8.927E-6	2.762E-3	-0.281	-0.176	0.332
5.289	-5.881E-4	-6.209E-2	6.210E-2	-3.645E-3	-9.560E-3	1.023E-2	-0.236	-0.523	0.573
5.305	-8.488E-4	-6.239E-2	6.239E-2	-1.011E-2	-1.924E-2	2.173E-2	6.987E-2	-0.216	0.227
5.322	-9.254E-4	-6.274E-2	6.274E-2	1.154E-3	-1.672E-2	1.676E-2	0.570	2.283E-2	0.570
5.339	-8.103E-4	-6.294E-2	6.295E-2	9.394E-3	-1.646E-2	1.895E-2	0.136	0.245	0.280
5.355	-6.120E-4	-6.329E-2	6.329E-2	6.376E-3	-1.155E-2	1.319E-2	-0.367	0.337	0.498
5.372	-5.976E-4	-6.333E-2	6.333E-2	-4.073E-3	-2.196E-3	4.628E-3	-0.442	-4.035E-2	0.444
5.389	-7.479E-4	-6.336E-2	6.336E-2	-8.996E-3	-1.249E-2	1.539E-2	0.172	-0.650	0.672
5.405	-8.977E-4	-6.375E-2	6.375E-2	9.417E-4	-2.656E-2	2.658E-2	0.316	-7.122E-2	0.324
5.422	-7.165E-4	-6.425E-2	6.425E-2	5.198E-3	-1.622E-2	1.703E-2	0.315	0.287	0.426
5.439	-7.243E-4	-6.429E-2	6.429E-2	7.297E-3	-1.137E-2	1.351E-2	-5.940E-2	0.228	0.235
5.455	-4.730E-4	-6.462E-2	6.463E-2	7.347E-3	-1.397E-2	1.579E-2	-0.398	-7.277E-2	0.405
5.472	-4.791E-4	-6.475E-2	6.476E-2	-8.180E-3	-1.040E-2	1.323E-2	-0.335	-0.165	0.373
5.489	-7.459E-4	-6.497E-2	6.498E-2	-6.331E-3	-2.011E-2	2.108E-2	0.471	-0.564	0.734
5.505	-6.904E-4	-6.543E-2	6.543E-2	1.040E-2	-3.039E-2	3.212E-2	0.357	0.155	0.389
5.522	-3.990E-4	-6.599E-2	6.599E-2	7.616E-3	-1.717E-2	1.878E-2	-0.352	0.423	0.550
5.539	-4.363E-4	-6.600E-2	6.600E-2	-4.816E-3	-9.841E-3	1.096E-2	-0.412	0.130	0.432
5.556	-5.597E-4	-6.631E-2	6.632E-2	-5.691E-3	-1.793E-2	1.881E-2	0.130	-0.149	0.198
5.572	-6.262E-4	-6.660E-2	6.660E-2	-1.779E-4	-1.370E-2	1.370E-2	0.222	0.143	0.264
5.589	-5.656E-4	-6.677E-2	6.677E-2	2.688E-3	-1.213E-2	1.242E-2	7.384E-2	9.130E-2	0.117
5.606	-5.365E-4	-6.700E-2	6.700E-2	1.507E-3	-1.186E-2	1.195E-2	0.124	0.103	0.161
5.622	-5.153E-4	-6.717E-2	6.717E-2	6.189E-3	-8.161E-3	1.024E-2	3.478E-2	-0.122	0.127
5.639	-3.300E-4	-6.727E-2	6.727E-2	4.983E-3	-1.453E-2	1.537E-2	3.605E-2	-0.494	0.496
5.656	-3.491E-4	-6.765E-2	6.765E-2	4.178E-3	-2.667E-2	2.700E-2	9.890E-2	3.877E-2	0.106
5.672	-1.906E-4	-6.816E-2	6.816E-2	1.053E-2	-1.540E-2	1.865E-2	0.223	0.443	0.496
5.689	2.336E-6	-6.817E-2	6.817E-2	1.121E-2	-6.110E-3	1.276E-2	0.555	-6.400E-2	0.559
5.706	1.834E-4	-6.837E-2	6.837E-2	2.656E-2	-2.025E-2	3.340E-2	-0.225	-0.206	0.305
5.722	8.885E-4	-6.884E-2	6.885E-2	1.249E-2	-1.621E-2	2.046E-2	-0.703	0.320	0.772
5.739	6.001E-4	-6.891E-2	6.891E-2	-8.850E-3	-4.811E-3	1.007E-2	-0.544	-4.160E-2	0.546
5.756	5.932E-4	-6.900E-2	6.900E-2	8.222E-4	-1.783E-2	1.785E-2	0.537	-0.492	0.728
5.772	6.275E-4	-6.950E-2	6.951E-2	7.431E-3	-2.527E-2	2.634E-2	-8.449E-2	0.220	0.236
5.789	8.412E-4	-6.985E-2	6.985E-2	1.044E-3	-9.031E-3	9.091E-3	-3.868E-2	0.520	0.521
5.806	6.623E-4	-6.980E-2	6.981E-2	4.196E-4	-4.349E-3	4.369E-3	1.088E-2	0.110	0.111
5.822	8.552E-4	-6.999E-2	7.000E-2	6.931E-3	-9.209E-3	1.153E-2	7.717E-2	-3.047E-2	8.297E-2
5.839	8.936E-4	-7.011E-2	7.012E-2	3.586E-4	-4.268E-3	4.283E-3	-0.352	4.317E-2	0.354
5.856	8.671E-4	-7.013E-2	7.014E-2	-4.306E-3	-6.449E-3	7.755E-3	-0.157	-0.234	0.282
5.873	7.499E-4	-7.033E-2	7.033E-2	-5.578E-3	-1.369E-2	1.478E-2	0.238	-0.482	0.538
5.889	6.810E-4	-7.059E-2	7.059E-2	3.381E-3	-2.155E-2	2.181E-2	0.455	-0.200	0.497
5.906	8.627E-4	-7.105E-2	7.105E-2	1.147E-2	-2.242E-2	2.518E-2	-0.167	0.421	0.453
5.923	1.064E-3	-7.134E-2	7.135E-2	-1.200E-3	-6.805E-3	6.910E-3	-0.339	0.426	0.544
5.939	8.227E-4	-7.127E-2	7.128E-2	-5.042E-3	-4.630E-3	6.846E-3	-0.295	-0.242	0.382
5.956	8.956E-4	-7.149E-2	7.150E-2	-5.106E-3	-1.814E-2	1.885E-2	0.664	-0.567	0.873
5.973	6.523E-4	-7.188E-2	7.188E-2	9.595E-3	-2.368E-2	2.555E-2	0.582	0.138	0.598
5.989	1.216E-3	-7.228E-2	7.229E-2	2.397E-2	-1.438E-2	2.795E-2	0.192	0.353	0.402
6.006	1.452E-3	-7.236E-2	7.237E-2	1.030E-2	-8.440E-3	1.332E-2	-0.491	0.214	0.535
6.023	1.559E-3	-7.256E-2	7.258E-2	7.711E-3	-1.008E-2	1.269E-2	-0.103	-0.131	0.167
6.039	1.709E-3	-7.269E-2	7.271E-2	7.928E-3	-1.114E-2	1.367E-2	-6.564E-2	-0.219	0.229
6.056	1.824E-3	-7.294E-2	7.296E-2	5.270E-3	-1.815E-2	1.890E-2	-0.202	-0.401	0.449
6.073	1.885E-3	-7.330E-2	7.332E-2	1.220E-3	-2.470E-2	2.473E-2	-0.164	2.205E-2	0.165
6.089	1.865E-3	-7.376E-2	7.378E-2	-7.278E-4	-1.894E-2	1.895E-2	-1.946E-2	0.243	0.244
6.106	1.861E-3	-7.393E-2	7.396E-2	8.987E-4	-1.328E-2	1.331E-2	0.414	0.426	0.594
6.123	1.895E-3	-7.420E-2	7.423E-2	1.193E-2	-7.978E-3	1.435E-2	-1.167E-2	0.306	0.306
6.139	2.259E-3	-7.420E-2	7.423E-2	5.506E-3	-2.073E-4	5.510E-3	-0.413	-7.704E-3	0.413
6.156	2.078E-3	-7.421E-2	7.424E-2	-8.283E-3	-8.460E-3	1.184E-2	-0.375	-0.506	0.630
6.173	1.982E-3	-7.448E-2	7.451E-2	-4.186E-3	-1.885E-2	1.931E-2	0.218	-0.151	0.265
6.190	1.939E-3	-7.484E-2	7.486E-2	-1.128E-3	-1.418E-2	1.423E-2	0.102	3.487E-2	0.108
6.206	1.945E-3	-7.495E-2	7.498E-2	-4.650E-4	-1.417E-2	1.418E-2	-1.083E-2	8.408E-2	8.478E-2
6.223	1.923E-3	-7.531E-2	7.534E-2	-1.858E-3	-1.538E-2	1.549E-2	0.199	0.114	0.230
6.240	1.883E-3	-7.547E-2	7.549E-2	5.075E-3	-7.789E-3	9.296E-3	-6.499E-3	0.342	0.342
6.256	2.093E-3	-7.557E-2	7.560E-2	1.702E-3	-4.649E-3	4.951E-3	-0.135	-0.479	0.497
6.273	1.940E-3	-7.562E-2	7.565E-2	-4.289E-3	-2.094E-2	2.138E-2	-0.182	-0.490	0.523
6.290	1.949E-3	-7.627E-2	7.630E-2	-1.177E-3	-2.792E-2	2.794E-2	0.180	-0.108	0.210
6.306	1.900E-3	-7.655E-2	7.658E-2	7.086E-5	-1.863E-2	1.863E-2	4.823E-2	0.792	0.794
6.323	1.952E-3	-7.689E-2	7.692E-2	1.739E-3	-5.620E-3	5.883E-3	-6.393E-2	0.593	0.596
6.340	1.958E-3	-7.674E-2	7.677E-2	-2.470E-3	6.029E-3	6.515E-3	-0.123	5.670E-2	0.135
6.356	1.869E-3	-7.669E-2	7.671E-2	-3.284E-3	-5.482E-3	6.391E-3	-0.282	-0.273	0.393
6.373	1.849E-3	-7.692E-2	7.695E-2	-9.678E-3	-6.189E-3	1.149E-2	3.560E-2	-0.312	0.314
6.390	1.546E-3	-7.690E-2	7.691E-2	-6.465E-3	-1.069E-2	1.250E-2	0.260	-0.235	0.350
6.406	1.633E-3	-7.728E-2	7.730E-2	3.746E-3	-1.918E-2	1.954E-2	0.141	0.486	0.506
6.423	1.671E-3	-7.754E-2	7.756E-2	-3.063E-3	5.400E-3	6.208E-3	-0.180	3.399	3.404
6.440	1.531E-3	-7.710E-2	7.712E-2	-4.188E-3	9.045E-2	9.055E-2	0.174	4.525	4.528
6.456	1.532E-3	-7.452E-2	7.453E-2	4.130E-3	0.170	0.170	-3.751E-2	4.401	4.401
6.473	1.669E-3	-7.144E-2	7.146E-2	-3.244E-3	0.226	0.226	-0.413	2.943	2.971
6.490	1.423E-3	-6.697E-2	6.698E-2	-1.367E-2	0.276	0.277	-0.893	2.229	2.401
6.506	1.213E-3	-6.222E-2	6.223E-2	-2.880E-2	0.296	0.297	0.148	1.107	1.116
6.523	4.625E-4	-5.710E-2	5.710E-2	-1.742E-2	0.314	0.315	0.439	1.155	1.235
6.540	6.313E-4	-5.173E-2	5.174E-2	-2.224E-3	0.333	0.333	6.177E-2	1.038	1.040
6.557	3.883E-4	-4.599E-2	4.599E-2	-2.179E-2	0.350	0.351	-0.680	0.611	0.914
6.573	-9.574E-5	-4.005E-2	4.005E-2	-2.568E-2	0.354	0.355	0.133	0.836	0.846
6.590	-4.687E-4	-3.418E-2	3.418E-2	-1.624E-2	0.374	0.374	0.738	0.553	0.922
6.607	-6.375E-4	-2.758E-2	2.759E-2	-1.065E-3	0.381	0.381	0.600	0.541	0.808
6.623	-5.042E-4	-2.147E-2	2.148E-2	5.820E-3	0.382	0.382	-0.403	1.194	1.260
6.640	-4.433E-4	-1.483E-2	1.484E-2	-1.390E-2	0.424	0.424	0.348	1.259	1.306
6.657	-9.681E-4	-7.338E-3	7.402E-3	7.195E-3	0.432	0.432	0.692	0.814	1.069
6.673	-2.032E-4	-4.270E-4	4.729E-4	2.563E-2	0.439	0.439	0.428	-0.756	0.869
6.690	-1.128E-4	7.295E-3	7.296E-3	9.568E-3	0.422	0.422	-0.328	-1.680	1.712
6.707	1.161E-4	1.365E-2	1.365E-2	1.813E-2	0.369	0.369	-9.655E-2	-1.741	1.744
6.723	4.921E-4	1.961E-2	1.961E-2	8.955E-3	0.365	0.365	4.028E-2	-0.418	0.420
6.740	4.148E-4	2.583E-2	2.583E-2	1.251E-2	0.361	0.361	-0.263	-0.362	0.448
6.757	9.097E-4	3.164E-2	3.166E-2	9.845E-3	0.348	0.349	-0.570	-0.819	0.998
6.773	7.433E-4	3.745E-2	3.746E-2	-1.404E-2	0.337	0.337	-0.271	-0.989	1.025
6.790	4.410E-4	4.288E-2	4.288E-2	-1.097E-4	0.314	0.314	0.458	-0.450	0.642
6.807	7.397E-4	4.792E-2	4.793E-2	8.335E-3	0.318	0.318	0.727	0.281	0.780
6.823	7.192E-4	5.349E-2	5.349E-2	1.634E-2	0.330	0.330	0.187	-0.172	0.254
6.840	1.285E-3	5.893E-2	5.894E-2	2.258E-2	0.311	0.312	-0.129	-1.063	1.071
6.857	1.473E-3	6.386E-2	6.388E-2	6.902E-3	0.291	0.291	-0.520	-0.999	1.127
6.874	1.515E-3	6.865E-2	6.866E-2	5.214E-3	0.279	0.280	-5.823E-2	-0.464	0.468
6.890	1.647E-3	7.319E-2	7.321E-2	6.535E-3	0.274	0.274	0.107	-0.567	0.577
6.907	1.733E-3	7.779E-2	7.781E-2	7.663E-3	0.264	0.264	-0.576	-0.608	0.838
6.924	1.902E-3	8.199E-2	8.201E-2	-9.050E-3	0.250	0.251	-4.454E-2	-0.818	0.820
6.940	1.431E-3	8.615E-2	8.616E-2	-3.231E-3	0.239	0.239	7.947E-2	-0.232	0.245
6.957	1.795E-3	8.997E-2	8.999E-2	5.773E-3	0.239	0.239	0.274	-0.183	0.329
6.974	1.624E-3	9.411E-2	9.413E-2	-3.243E-3	0.239	0.239	-0.368	-0.142	0.394
6.990	1.686E-3	9.793E-2	9.795E-2	-1.469E-3	0.230	0.230	0.447	-0.290	0.532
7.007	1.575E-3	0.102	0.102	7.192E-3	0.230	0.231	8.296E-2	-5.722E-3	8.316E-2
7.024	1.926E-3	0.106	0.106	7.890E-3	0.230	0.230	-0.558	-0.341	0.653
7.040	1.838E-3	0.109	0.109	-1.567E-2	0.220	0.221	-0.497	-0.758	0.907
7.057	1.403E-3	0.113	0.113	-1.183E-2	0.203	0.203	0.483	-0.485	0.684
7.074	1.444E-3	0.116	0.116	5.557E-3	0.202	0.202	0.532	-0.414	0.674
7.090	1.589E-3	0.120	0.120	5.270E-3	0.195	0.195	-0.113	-0.138	0.178
7.107	1.619E-3	0.123	0.123	5.462E-4	0.191	0.191	-0.201	-0.525	0.562
7.124	1.607E-3	0.126	0.126	-1.247E-3	0.184	0.184	-0.187	-0.777	0.799
7.140	1.578E-3	0.129	0.129	-5.157E-3	0.160	0.160	8.425E-2	-6.386E-2	0.106
7.157	1.435E-3	0.131	0.131	-4.910E-4	0.178	0.178	0.259	0.448	0.517
7.174	1.561E-3	0.135	0.135	6.442E-3	0.186	0.186	-1.503E-2	8.185E-2	8.322E-2
7.191	1.650E-3	0.138	0.138	-1.501E-3	0.171	0.171	-0.249	-0.561	0.613
7.207	1.511E-3	0.141	0.141	-4.231E-3	0.172	0.172	-1.276E-3	-0.232	0.232
7.224	1.509E-3	0.143	0.143	4.976E-4	0.163	0.163	0.221	-0.552	0.594
7.241	1.528E-3	0.146	0.146	2.540E-3	0.153	0.153	6.891E-2	-0.267	0.276
7.257	1.593E-3	0.148	0.148	3.202E-3	0.153	0.153	-0.200	0.248	0.318
7.274	1.635E-3	0.151	0.151	-3.649E-3	0.162	0.162	0.214	0.132	0.251
7.291	1.472E-3	0.154	0.154	6.384E-3	0.159	0.160	-0.121	-4.235E-2	0.128
7.307	1.848E-3	0.156	0.156	9.033E-4	0.157	0.157	-0.268	-0.575	0.634
7.324	1.502E-3	0.159	0.159	-1.227E-2	0.145	0.146	-0.207	-0.595	0.630
7.341	1.438E-3	0.161	0.161	-8.961E-4	0.131	0.131	0.429	3.626E-2	0.431
7.357	1.472E-3	0.163	0.163	1.715E-3	0.148	0.148	0.202	0.485	0.525
7.374	1.496E-3	0.166	0.166	4.863E-3	0.152	0.152	-0.258	-0.245	0.356
7.391	1.634E-3	0.169	0.169	-4.099E-3	0.136	0.136	-0.327	-0.764	0.831
7.407	1.359E-3	0.171	0.171	-1.089E-2	0.127	0.127	0.179	-5.650E-2	0.188
7.424	1.271E-3	0.173	0.173	3.942E-3	0.133	0.133	0.349	0.177	0.391
7.441	1.490E-3	0.175	0.175	3.902E-3	0.136	0.136	-0.189	-5.403E-2	0.196
7.457	1.401E-3	0.177	0.177	-6.188E-3	0.129	0.129	-0.466	-0.818	0.941
7.474	1.284E-3	0.179	0.179	-1.011E-2	0.111	0.112	-0.373	-0.156	0.404
7.491	1.064E-3	0.181	0.181	-1.861E-2	0.116	0.118	-0.186	0.164	0.248
7.508	6.628E-4	0.183	0.183	-1.826E-2	0.126	0.128	-0.144	0.463	0.485
7.524	4.545E-4	0.185	0.185	-1.994E-2	0.125	0.126	0.407	-0.118	0.424
7.541	-2.644E-6	0.187	0.187	-1.010E-2	0.127	0.128	0.702	0.236	0.740
7.558	1.175E-4	0.189	0.189	9.189E-3	0.128	0.129	2.944E-2	-0.696	0.697
7.574	3.040E-4	0.192	0.192	-8.246E-3	0.111	0.111	-0.684	-0.371	0.778
7.591	-1.576E-4	0.193	0.193	-2.050E-2	0.105	0.107	-0.627	0.260	0.679
7.608	-3.801E-4	0.195	0.195	-2.298E-2	0.128	0.130	0.315	0.693	0.761
7.624	-9.244E-4	0.197	0.197	-1.612E-2	0.127	0.128	4.456E-2	-2.291E-2	5.011E-2
7.641	-9.181E-4	0.199	0.199	-1.343E-2	0.125	0.126	7.955E-2	-0.588	0.593
7.658	-1.372E-3	0.202	0.202	-2.071E-2	0.111	0.113	-0.219	-0.259	0.340
7.674	-1.609E-3	0.203	0.203	-1.657E-2	0.109	0.110	-2.356E-2	-0.427	0.428
7.691	-1.925E-3	0.205	0.205	-2.259E-2	0.106	0.108	7.996E-2	0.282	0.293
7.708	-2.363E-3	0.207	0.207	-1.605E-2	0.108	0.110	0.446	-0.321	0.549
7.724	-2.461E-3	0.209	0.209	-4.492E-3	0.107	0.107	0.126	8.621E-2	0.152
7.741	-2.513E-3	0.210	0.210	-1.169E-2	9.986E-2	0.101	-0.683	-0.107	0.692
7.758	-2.851E-3	0.212	0.212	-2.873E-2	0.111	0.115	-0.218	0.235	0.321
7.774	-3.471E-3	0.214	0.214	-2.230E-2	0.105	0.107	0.233	-0.100	0.254
7.791	-3.595E-3	0.216	0.216	-1.448E-2	0.107	0.108	0.200	3.026E-2	0.203
7.808	-3.955E-3	0.218	0.218	-1.999E-2	0.108	0.110	-0.327	-0.252	0.413
7.824	-4.262E-3	0.219	0.219	-2.324E-2	9.782E-2	0.101	-0.117	-0.445	0.460
7.841	-4.730E-3	0.221	0.221	-2.581E-2	9.176E-2	9.532E-2	-0.254	-0.238	0.348
7.858	-5.123E-3	0.222	0.222	-2.952E-2	9.115E-2	9.581E-2	0.290	0.290	0.410
7.875	-5.715E-3	0.224	0.224	-2.033E-2	9.966E-2	0.102	0.326	-0.147	0.358
7.891	-5.801E-3	0.226	0.226	-1.241E-2	9.169E-2	9.252E-2	-4.967E-2	-0.544	0.547
7.908	-6.129E-3	0.227	0.227	-2.540E-2	7.495E-2	7.914E-2	7.271E-2	-0.420	0.426
7.925	-6.649E-3	0.228	0.228	-1.316E-2	7.989E-2	8.097E-2	0.147	-8.873E-2	0.172
7.941	-6.568E-3	0.230	0.230	-1.212E-2	7.438E-2	7.536E-2	-0.237	-0.278	0.365
7.958	-7.053E-3	0.231	0.231	-2.855E-2	6.700E-2	7.282E-2	-0.205	0.196	0.283
7.975	-7.521E-3	0.232	0.232	-1.783E-2	8.118E-2	8.311E-2	0.534	0.294	0.610
7.991	-7.648E-3	0.233	0.233	-7.859E-3	8.159E-2	8.197E-2	-0.299	-0.465	0.553
8.008	-7.783E-3	0.235	0.235	-2.667E-2	6.180E-2	6.731E-2	-0.659	-0.485	0.818
8.025	-8.538E-3	0.235	0.236	-3.638E-2	6.332E-2	7.303E-2	0.265	0.137	0.299
8.041	-8.997E-3	0.237	0.237	-1.448E-2	7.066E-2	7.213E-2	1.066	0.177	1.080
8.058	-9.021E-3	0.238	0.238	1.242E-3	6.731E-2	6.732E-2	0.258	-0.145	0.295
8.075	-8.955E-3	0.239	0.239	-5.612E-3	6.595E-2	6.619E-2	-0.688	-0.322	0.759
8.091	-9.208E-3	0.240	0.240	-2.362E-2	5.773E-2	6.238E-2	-0.769	0.168	0.787
8.108	-9.743E-3	0.241	0.241	-3.230E-2	6.695E-2	7.433E-2	0.138	-0.146	0.201
8.125	-1.029E-2	0.242	0.242	-1.969E-2	6.200E-2	6.505E-2	1.038	-9.329E-2	1.042
8.141	-1.040E-2	0.243	0.243	4.410E-3	5.322E-2	5.340E-2	-0.220	-0.387	0.445
8.158	-1.014E-2	0.244	0.244	-2.049E-2	5.732E-2	6.087E-2	-0.730	-0.385	0.825
8.175	-1.108E-2	0.245	0.245	-3.498E-2	3.742E-2	5.123E-2	-0.113	-0.274	0.296
8.192	-1.131E-2	0.245	0.246	-1.293E-2	4.395E-2	4.581E-2	0.761	0.435	0.876
8.208	-1.152E-2	0.246	0.247	-1.259E-2	5.878E-2	6.012E-2	3.238E-2	0.423	0.424
8.225	-1.173E-2	0.247	0.247	-1.200E-2	5.506E-2	5.635E-2	0.256	-0.240	0.351
8.242	-1.192E-2	0.248	0.248	-4.809E-3	5.116E-2	5.138E-2	-0.406	-0.214	0.459
8.258	-1.189E-2	0.249	0.249	-2.057E-2	4.749E-2	5.175E-2	-0.143	-0.158	0.213
8.275	-1.260E-2	0.250	0.250	-2.015E-2	4.602E-2	5.024E-2	-0.117	-4.807E-2	0.127
8.292	-1.256E-2	0.250	0.251	-1.261E-2	4.587E-2	4.757E-2	0.241	-0.309	0.392
8.308	-1.302E-2	0.251	0.252	-2.074E-2	3.713E-2	4.253E-2	-8.198E-2	-0.151	0.172
8.325	-1.325E-2	0.252	0.252	-1.146E-2	3.694E-2	3.868E-2	0.593	-0.178	0.620
8.342	-1.341E-2	0.252	0.253	-2.322E-3	3.635E-2	3.642E-2	0.443	-0.104	0.455
8.358	-1.333E-2	0.253	0.253	4.955E-3	2.920E-2	2.962E-2	-0.335	0.119	0.355
8.375	-1.324E-2	0.253	0.254	-1.193E-2	4.095E-2	4.265E-2	-0.831	0.356	0.904
8.392	-1.373E-2	0.254	0.255	-2.791E-2	4.433E-2	5.238E-2	-0.779	-3.643E-2	0.779
8.408	-1.417E-2	0.255	0.255	-3.405E-2	3.684E-2	5.016E-2	0.354	-3.828E-2	0.356
8.425	-1.486E-2	0.255	0.256	-2.126E-2	4.251E-2	4.753E-2	0.292	-0.460	0.545
8.442	-1.488E-2	0.256	0.257	-1.544E-2	2.696E-2	3.107E-2	0.138	-0.711	0.724
8.458	-1.538E-2	0.256	0.257	-2.441E-2	1.045E-2	2.655E-2	-0.277	-0.479	0.553
8.475	-1.570E-2	0.257	0.257	-2.083E-2	1.603E-2	2.628E-2	0.620	0.331	0.703
8.492	-1.607E-2	0.257	0.257	-7.207E-3	1.983E-2	2.110E-2	-0.220	2.526E-2	0.221
8.508	-1.594E-2	0.257	0.258	-1.954E-2	1.894E-2	2.721E-2	-8.736E-3	-0.109	0.109
8.525	-1.672E-2	0.258	0.258	-2.134E-2	1.403E-2	2.553E-2	5.381E-2	-0.312	0.316
8.542	-1.665E-2	0.258	0.258	-4.992E-3	9.996E-3	1.117E-2	0.466	-4.024E-2	0.467
8.559	-1.689E-2	0.258	0.258	-1.254E-2	1.068E-2	1.647E-2	-0.787	0.515	0.941
8.575	-1.707E-2	0.258	0.259	-2.695E-2	2.755E-2	3.854E-2	-0.364	0.357	0.510
8.592	-1.779E-2	0.259	0.259	-3.141E-2	2.702E-2	4.143E-2	0.114	-0.573	0.584
8.609	-1.811E-2	0.259	0.260	-1.762E-2	4.640E-3	1.822E-2	0.364	-0.458	0.585
8.625	-1.838E-2	0.259	0.260	-1.990E-2	8.646E-3	2.170E-2	-0.294	-5.884E-2	0.300
8.642	-1.878E-2	0.259	0.260	-2.824E-2	9.925E-3	2.993E-2	-0.209	-0.142	0.253
8.659	-1.932E-2	0.259	0.260	-2.814E-2	-1.865E-3	2.821E-2	-2.743E-2	-9.004E-2	9.413E-2
8.675	-1.972E-2	0.259	0.260	-2.686E-2	7.764E-3	2.796E-2	7.851E-2	0.314	0.324
8.692	-2.022E-2	0.260	0.260	-2.739E-2	1.166E-2	2.977E-2	-3.680E-2	5.577E-2	6.681E-2
8.709	-2.063E-2	0.260	0.260	-2.666E-2	6.993E-3	2.756E-2	-5.086E-2	-0.358	0.362
8.725	-2.111E-2	0.260	0.261	-2.978E-2	1.260E-3	2.981E-2	3.808E-2	-6.797E-2	7.791E-2
8.742	-2.163E-2	0.260	0.261	-2.620E-2	2.076E-3	2.629E-2	9.824E-2	0.126	0.160
8.759	-2.198E-2	0.260	0.261	-2.447E-2	8.272E-3	2.583E-2	0.263	0.152	0.304
8.775	-2.244E-2	0.260	0.261	-2.010E-2	6.261E-3	2.106E-2	0.226	-0.155	0.274
8.792	-2.265E-2	0.260	0.261	-1.410E-2	2.997E-3	1.441E-2	-3.448E-2	-0.329	0.331
8.809	-2.291E-2	0.260	0.261	-2.187E-2	-4.208E-3	2.227E-2	-0.129	-9.888E-2	0.163
8.825	-2.338E-2	0.260	0.261	-2.099E-2	-2.623E-3	2.116E-2	-0.116	2.616E-2	0.119
8.842	-2.361E-2	0.260	0.261	-2.169E-2	8.100E-5	2.169E-2	-1.882E-2	4.157E-2	4.563E-2
8.859	-2.411E-2	0.260	0.261	-2.546E-2	-3.583E-3	2.571E-2	-0.238	-1.954E-2	0.239
8.876	-2.446E-2	0.260	0.261	-2.660E-2	-1.481E-4	2.661E-2	0.102	1.701E-2	0.104
8.892	-2.499E-2	0.260	0.261	-2.507E-2	-1.710E-3	2.513E-2	0.293	2.058E-2	0.294
8.909	-2.530E-2	0.260	0.261	-1.469E-2	-1.704E-3	1.479E-2	0.742	1.056E-2	0.742
8.926	-2.548E-2	0.260	0.261	-1.597E-3	7.581E-4	1.768E-3	-0.462	-0.492	0.675
8.942	-2.535E-2	0.260	0.261	-2.346E-2	-1.700E-2	2.898E-2	-0.445	-0.728	0.853
8.959	-2.627E-2	0.259	0.261	-3.025E-2	-2.843E-2	4.151E-2	-0.123	0.126	0.176
8.976	-2.636E-2	0.259	0.260	-1.478E-2	-1.108E-2	1.847E-2	0.779	0.670	1.028
8.992	-2.676E-2	0.259	0.260	-1.203E-2	-2.427E-3	1.227E-2	-0.301	-9.598E-2	0.316
9.009	-2.676E-2	0.259	0.260	-1.767E-2	-1.600E-2	2.384E-2	-8.959E-2	-0.186	0.206
9.026	-2.735E-2	0.258	0.260	-2.338E-2	-1.251E-2	2.652E-2	-4.438E-2	0.139	0.146
9.042	-2.754E-2	0.258	0.260	-1.309E-2	-5.531E-3	1.421E-2	-0.187	-0.117	0.220
9.059	-2.779E-2	0.258	0.260	-2.957E-2	-1.885E-2	3.507E-2	-0.394	-0.610	0.726
9.076	-2.853E-2	0.258	0.259	-3.211E-2	-2.708E-2	4.200E-2	-0.287	1.559E-2	0.288
9.092	-2.886E-2	0.257	0.259	-3.172E-2	-1.877E-2	3.686E-2	0.182	0.242	0.303
9.109	-2.959E-2	0.257	0.259	-3.284E-2	-1.548E-2	3.631E-2	-0.308	0.113	0.328
9.126	-2.995E-2	0.257	0.259	-3.522E-2	-1.835E-2	3.971E-2	0.316	-0.691	0.760
9.142	-3.076E-2	0.257	0.258	-3.030E-2	-3.420E-2	4.569E-2	0.396	-0.469	0.614
9.159	-3.096E-2	0.256	0.258	-1.453E-2	-4.141E-2	4.389E-2	0.123	9.065E-2	0.153
9.176	-3.125E-2	0.255	0.257	-2.795E-2	-2.579E-2	3.803E-2	-0.231	0.579	0.623
9.193	-3.190E-2	0.255	0.257	-2.674E-2	-2.247E-2	3.493E-2	0.237	-0.201	0.311
9.209	-3.214E-2	0.254	0.256	-1.494E-2	-3.204E-2	3.535E-2	9.464E-2	-0.193	0.215
9.226	-3.239E-2	0.254	0.256	-2.416E-2	-3.251E-2	4.050E-2	-0.180	0.287	0.339
9.243	-3.295E-2	0.253	0.255	-2.462E-2	-1.949E-2	3.140E-2	-0.360	3.127E-3	0.360
9.259	-3.322E-2	0.253	0.255	-3.048E-2	-3.007E-2	4.281E-2	-0.246	-0.322	0.405
9.276	-3.396E-2	0.252	0.255	-3.894E-2	-3.652E-2	5.339E-2	-0.316	-0.541	0.626
9.293	-3.452E-2	0.252	0.254	-3.680E-2	-4.145E-2	5.543E-2	0.373	0.154	0.403
9.309	-3.519E-2	0.251	0.253	-2.988E-2	-3.891E-2	4.906E-2	-0.302	-0.209	0.367
9.326	-3.551E-2	0.251	0.253	-4.033E-2	-3.940E-2	5.638E-2	6.897E-2	-1.653E-2	7.093E-2
9.343	-3.654E-2	0.250	0.252	-3.837E-2	-4.778E-2	6.128E-2	-0.139	0.140	0.197
9.359	-3.679E-2	0.249	0.252	-3.292E-2	-3.112E-2	4.530E-2	0.237	0.163	0.288
9.376	-3.763E-2	0.249	0.251	-4.020E-2	-3.890E-2	5.594E-2	0.141	0.150	0.205
9.393	-3.813E-2	0.248	0.251	-2.369E-2	-3.477E-2	4.207E-2	-8.174E-4	-0.426	0.426
9.409	-3.843E-2	0.247	0.250	-3.709E-2	-4.126E-2	5.548E-2	-0.392	0.164	0.425
9.426	-3.937E-2	0.246	0.249	-4.498E-2	-4.330E-2	6.244E-2	0.344	3.541E-2	0.346
9.443	-3.993E-2	0.246	0.249	-2.115E-2	-2.793E-2	3.503E-2	0.515	-0.491	0.712
9.459	-4.008E-2	0.245	0.249	-2.391E-2	-6.226E-2	6.669E-2	-0.162	-0.577	0.599
9.476	-4.072E-2	0.244	0.247	-3.328E-2	-5.732E-2	6.628E-2	-0.364	-6.682E-2	0.370
9.493	-4.119E-2	0.243	0.247	-3.180E-2	-4.918E-2	5.857E-2	-0.438	0.312	0.538
9.509	-4.178E-2	0.242	0.246	-4.805E-2	-5.917E-2	7.622E-2	-0.390	-0.524	0.653
9.526	-4.279E-2	0.241	0.245	-4.933E-2	-5.852E-2	7.653E-2	0.210	-0.103	0.234
9.543	-4.343E-2	0.240	0.244	-3.642E-2	-6.780E-2	7.697E-2	0.304	-0.581	0.655
9.560	-4.401E-2	0.239	0.243	-3.949E-2	-7.448E-2	8.430E-2	-0.252	-0.101	0.271
9.576	-4.475E-2	0.238	0.242	-4.627E-2	-7.508E-2	8.819E-2	0.128	0.520	0.535
9.593	-4.555E-2	0.237	0.241	-3.665E-2	-5.527E-2	6.632E-2	0.436	1.007	1.098
9.610	-4.597E-2	0.236	0.240	-2.784E-2	-3.979E-2	4.856E-2	-0.281	0.227	0.361
9.626	-4.648E-2	0.235	0.240	-4.615E-2	-4.677E-2	6.570E-2	-0.603	-0.377	0.711
9.643	-4.751E-2	0.234	0.239	-5.330E-2	-5.615E-2	7.742E-2	0.339	-0.879	0.942
9.660	-4.826E-2	0.233	0.238	-3.198E-2	-7.175E-2	7.856E-2	0.405	8.383E-2	0.413
9.676	-4.858E-2	0.232	0.237	-3.510E-2	-6.217E-2	7.139E-2	-0.331	0.135	0.358
9.693	-4.943E-2	0.231	0.237	-4.960E-2	-5.456E-2	7.374E-2	-0.245	1.495E-2	0.245
9.710	-5.023E-2	0.230	0.236	-4.155E-2	-7.118E-2	8.243E-2	0.213	-3.547E-3	0.213
9.726	-5.082E-2	0.229	0.235	-4.007E-2	-5.352E-2	6.686E-2	-0.237	-0.163	0.288
9.743	-5.157E-2	0.228	0.234	-5.105E-2	-6.827E-2	8.524E-2	-0.164	-0.858	0.873
9.760	-5.252E-2	0.227	0.233	-4.775E-2	-9.363E-2	0.105	0.211	-0.671	0.703
9.776	-5.316E-2	0.225	0.231	-4.034E-2	-8.547E-2	9.451E-2	-0.361	0.532	0.643
9.793	-5.387E-2	0.224	0.230	-5.914E-2	-7.641E-2	9.662E-2	-1.149E-2	0.797	0.797
9.810	-5.514E-2	0.223	0.229	-4.923E-2	-5.936E-2	7.712E-2	-0.300	0.208	0.365
9.826	-5.551E-2	0.222	0.229	-5.440E-2	-6.465E-2	8.449E-2	0.313	-0.315	0.444
9.843	-5.695E-2	0.221	0.228	-5.618E-2	-7.689E-2	9.522E-2	8.574E-3	-0.463	0.463
9.860	-5.738E-2	0.219	0.227	-3.894E-2	-7.595E-2	8.536E-2	0.212	4.872E-2	0.218
9.877	-5.825E-2	0.218	0.226	-5.657E-2	-7.720E-2	9.571E-2	-0.380	0.206	0.432
9.893	-5.927E-2	0.217	0.225	-5.227E-2	-6.884E-2	8.643E-2	0.207	-7.623E-2	0.221
9.910	-6.000E-2	0.216	0.224	-4.614E-2	-7.636E-2	8.922E-2	-9.414E-2	-0.340	0.353
9.927	-6.081E-2	0.214	0.223	-5.632E-2	-8.560E-2	0.102	6.312E-2	-6.070E-2	8.757E-2
9.943	-6.187E-2	0.213	0.222	-4.808E-2	-7.592E-2	8.987E-2	8.639E-3	0.322	0.322
9.960	-6.241E-2	0.212	0.221	-4.816E-2	-7.356E-2	8.793E-2	-0.318	0.234	0.394
9.977	-6.348E-2	0.210	0.220	-6.530E-2	-7.054E-2	9.613E-2	-0.353	-0.189	0.400
9.993	-6.459E-2	0.209	0.219	-5.909E-2	-7.611E-2	9.636E-2	1.307	0.619	1.446
10.010	-6.545E-2	0.208	0.218	-2.340E-2	-5.822E-2	6.275E-2	-1.624E-2	-0.314	0.315
10.027	-6.537E-2	0.207	0.217	-4.545E-2	-7.059E-2	8.396E-2	-0.859	-0.709	1.114
10.043	-6.697E-2	0.206	0.216	-7.362E-2	-9.980E-2	0.124	-0.420	-1.216	1.287
10.060	-6.783E-2	0.204	0.215	-4.666E-2	-9.983E-2	0.110	0.433	0.596	0.737
10.077	-6.853E-2	0.202	0.214	-5.855E-2	-8.868E-2	0.106	0.442	0.825	0.936
10.093	-6.978E-2	0.201	0.213	-4.212E-2	-6.389E-2	7.652E-2	-0.171	0.261	0.312
10.110	-6.993E-2	0.200	0.212	-4.695E-2	-8.053E-2	9.322E-2	-0.231	-0.768	0.802
10.127	-7.135E-2	0.198	0.211	-6.787E-2	-9.517E-2	0.117	-0.506	-0.199	0.544
10.143	-7.220E-2	0.197	0.210	-5.318E-2	-8.481E-2	0.100	0.636	0.546	0.838
10.160	-7.312E-2	0.196	0.209	-5.050E-2	-7.558E-2	9.090E-2	0.106	0.271	0.291
10.177	-7.388E-2	0.194	0.208	-4.754E-2	-7.592E-2	8.958E-2	2.462E-2	-0.171	0.172
10.194	-7.471E-2	0.193	0.207	-5.084E-2	-8.171E-2	9.623E-2	-7.106E-2	-0.181	0.194
10.210	-7.558E-2	0.192	0.206	-5.020E-2	-8.294E-2	9.695E-2	-0.137	-0.296	0.326
10.227	-7.639E-2	0.190	0.205	-5.392E-2	-8.923E-2	0.104	0.214	-0.125	0.248
10.244	-7.738E-2	0.189	0.204	-4.671E-2	-9.085E-2	0.102	-6.248E-2	0.389	0.394
10.260	-7.794E-2	0.187	0.203	-4.937E-2	-7.441E-2	8.930E-2	-0.453	0.150	0.477
10.277	-7.902E-2	0.186	0.202	-6.764E-2	-8.169E-2	0.106	-0.235	-5.779E-2	0.242
10.294	-8.020E-2	0.185	0.201	-5.768E-2	-8.450E-2	0.102	0.463	-0.364	0.589
10.310	-8.095E-2	0.183	0.200	-4.772E-2	-8.531E-2	9.775E-2	0.323	-0.173	0.367
10.327	-8.179E-2	0.182	0.199	-4.968E-2	-9.698E-2	0.109	0.167	-0.177	0.243
10.344	-8.261E-2	0.180	0.198	-4.238E-2	-8.889E-2	9.848E-2	-0.124	-1.445E-2	0.125
10.360	-8.321E-2	0.179	0.197	-5.011E-2	-9.493E-2	0.107	-0.199	-0.239	0.311
10.377	-8.428E-2	0.177	0.196	-5.524E-2	-0.101	0.115	-0.206	1.381E-2	0.206
10.394	-8.505E-2	0.175	0.195	-5.163E-2	-9.225E-2	0.106	-0.611	0.121	0.622
10.410	-8.600E-2	0.174	0.194	-7.575E-2	-9.555E-2	0.122	-0.217	-0.338	0.402
10.427	-8.758E-2	0.172	0.193	-6.732E-2	-0.106	0.126	0.378	6.785E-2	0.384
10.444	-8.825E-2	0.170	0.192	-5.114E-2	-9.490E-2	0.108	0.420	0.374	0.562
10.460	-8.928E-2	0.169	0.191	-6.056E-2	-8.822E-2	0.107	-0.167	0.417	0.450
10.477	-9.027E-2	0.167	0.190	-5.523E-2	-8.628E-2	0.102	0.191	-0.206	0.281
10.494	-9.113E-2	0.166	0.189	-5.310E-2	-8.970E-2	0.104	-6.961E-2	-0.186	0.199
10.511	-9.204E-2	0.164	0.188	-5.808E-2	-9.796E-2	0.114	-0.337	-0.789	0.858
10.527	-9.307E-2	0.163	0.188	-6.460E-2	-0.111	0.128	-7.676E-2	-0.235	0.247
10.544	-9.420E-2	0.161	0.186	-6.191E-2	-0.113	0.129	-0.111	0.278	0.300
10.561	-9.513E-2	0.159	0.185	-6.490E-2	-9.536E-2	0.115	0.524	0.257	0.583
10.577	-9.636E-2	0.158	0.185	-5.104E-2	-0.104	0.116	-0.127	-0.376	0.397
10.594	-9.683E-2	0.156	0.183	-5.726E-2	-0.112	0.126	-0.234	-0.124	0.265
10.611	-9.827E-2	0.154	0.183	-7.233E-2	-0.106	0.128	-4.414E-2	-9.281E-2	0.103
10.627	-9.925E-2	0.152	0.182	-5.162E-2	-0.114	0.125	0.772	-0.161	0.789
10.644	-9.999E-2	0.150	0.180	-4.636E-2	-0.116	0.125	-0.287	9.078E-2	0.301
10.661	-0.101	0.148	0.179	-6.079E-2	-0.107	0.123	-0.498	0.462	0.679
10.677	-0.102	0.146	0.178	-6.731E-2	-0.102	0.122	6.022E-2	-9.401E-2	0.112
10.694	-0.103	0.145	0.178	-5.588E-2	-0.107	0.121	0.278	-0.483	0.557
10.711	-0.104	0.143	0.177	-5.664E-2	-0.121	0.133	-0.169	-0.136	0.217
10.727	-0.105	0.141	0.176	-6.375E-2	-0.114	0.130	5.935E-2	0.637	0.640
10.744	-0.106	0.139	0.175	-5.552E-2	-9.646E-2	0.111	0.139	0.294	0.325
10.761	-0.107	0.138	0.174	-5.495E-2	-0.102	0.116	0.182	-0.568	0.597
10.777	-0.108	0.136	0.173	-5.464E-2	-0.119	0.131	1.373E-3	-0.265	0.265
10.794	-0.109	0.134	0.172	-5.031E-2	-0.113	0.123	0.352	1.366E-2	0.352
10.811	-0.110	0.132	0.171	-4.681E-2	-0.113	0.122	-0.640	-0.379	0.744
10.827	-0.110	0.130	0.170	-6.482E-2	-0.129	0.145	-0.313	-0.430	0.532
10.844	-0.112	0.128	0.170	-6.913E-2	-0.128	0.145	-2.361E-2	0.118	0.120
10.861	-0.112	0.126	0.169	-5.447E-2	-0.122	0.134	0.627	0.377	0.731
10.878	-0.114	0.124	0.168	-5.453E-2	-0.118	0.130	-0.120	0.246	0.273
10.894	-0.114	0.122	0.167	-5.430E-2	-0.112	0.125	0.276	0.150	0.314
10.911	-0.115	0.120	0.166	-5.003E-2	-0.114	0.124	-7.576E-2	-0.310	0.320
10.928	-0.116	0.118	0.165	-5.082E-2	-0.122	0.132	0.430	-0.448	0.621
10.944	-0.117	0.116	0.165	-4.357E-2	-0.130	0.137	-0.305	-4.969E-3	0.305
10.961	-0.117	0.114	0.163	-5.002E-2	-0.122	0.132	0.307	0.648	0.717
10.978	-0.119	0.112	0.163	-4.754E-2	-0.107	0.117	-0.190	0.167	0.253
10.994	-0.119	0.110	0.162	-4.137E-2	-0.114	0.122	-0.234	-0.960	0.988
11.011	-0.120	0.108	0.161	-6.547E-2	-0.142	0.156	-0.723	-0.359	0.807
11.028	-0.121	0.105	0.160	-6.343E-2	-0.132	0.146	0.531	1.084	1.207
11.044	-0.122	0.103	0.160	-4.800E-2	-9.835E-2	0.109	0.304	0.393	0.497
11.061	-0.123	0.102	0.160	-4.881E-2	-0.115	0.125	0.554	-0.897	1.054
11.078	-0.124	9.958E-2	0.159	-3.796E-2	-0.138	0.143	-0.365	-0.548	0.659
11.094	-0.124	9.735E-2	0.158	-4.788E-2	-0.129	0.138	1.889E-2	0.871	0.871
11.111	-0.125	9.527E-2	0.157	-5.394E-2	-0.110	0.123	-0.398	0.406	0.568
11.128	-0.126	9.367E-2	0.157	-4.599E-2	-0.110	0.119	1.057	-0.220	1.079
11.144	-0.127	9.159E-2	0.157	-3.262E-2	-0.124	0.128	-7.229E-2	-0.531	0.536
11.161	-0.127	8.954E-2	0.155	-3.188E-2	-0.125	0.129	-0.128	0.329	0.353
11.178	-0.128	8.742E-2	0.155	-5.219E-2	-0.115	0.127	-0.636	0.299	0.703
11.195	-0.129	8.570E-2	0.155	-4.477E-2	-0.110	0.119	0.164	0.525	0.550
11.211	-0.129	8.374E-2	0.154	-4.938E-2	-0.104	0.115	-3.667E-2	0.412	0.414
11.228	-0.130	8.224E-2	0.154	-4.617E-2	-9.135E-2	0.102	0.171	0.982	0.996
11.245	-0.131	8.069E-2	0.154	-4.245E-2	-7.575E-2	8.684E-2	0.581	1.242	1.371
11.261	-0.132	7.971E-2	0.154	-2.929E-2	-4.644E-2	5.491E-2	0.820	1.260	1.503
11.278	-0.132	7.914E-2	0.154	-1.184E-2	-3.295E-2	3.502E-2	0.542	0.834	0.995
11.295	-0.132	7.861E-2	0.154	-1.140E-2	-2.136E-2	2.422E-2	0.392	-4.262E-2	0.394
11.311	-0.132	7.842E-2	0.154	-2.250E-3	-2.913E-2	2.922E-2	0.190	0.103	0.217
11.328	-0.132	7.764E-2	0.153	5.735E-4	-2.730E-2	2.731E-2	-0.618	-0.441	0.759
11.345	-0.132	7.751E-2	0.153	-2.529E-2	-3.214E-2	4.090E-2	-0.712	0.174	0.733
11.361	-0.133	7.657E-2	0.154	-2.814E-2	-3.452E-2	4.453E-2	0.366	0.299	0.473
11.378	-0.133	7.636E-2	0.154	-8.100E-3	-1.231E-2	1.473E-2	0.483	-3.658E-3	0.483
11.395	-0.133	7.616E-2	0.154	-1.054E-2	-3.461E-2	3.618E-2	-0.307	-0.959	1.007
11.411	-0.134	7.521E-2	0.153	-2.180E-2	-5.147E-2	5.590E-2	-0.263	5.390E-2	0.269
11.428	-0.134	7.444E-2	0.153	-1.913E-2	-3.030E-2	3.584E-2	-4.857E-2	0.390	0.393
11.445	-0.134	7.420E-2	0.153	-2.098E-2	-3.223E-2	3.846E-2	-2.157E-2	-9.070E-2	9.323E-2
11.461	-0.135	7.336E-2	0.153	-2.292E-2	-4.176E-2	4.764E-2	0.363	-0.445	0.575
11.478	-0.135	7.280E-2	0.153	-8.174E-3	-4.118E-2	4.199E-2	0.413	8.711E-2	0.422
11.495	-0.135	7.199E-2	0.153	-5.678E-3	-4.297E-2	4.334E-2	-0.429	-0.674	0.799
11.511	-0.135	7.137E-2	0.153	-2.462E-2	-5.801E-2	6.301E-2	-0.474	4.729E-2	0.477
11.528	-0.136	7.005E-2	0.153	-2.507E-2	-5.197E-2	5.770E-2	-0.272	0.377	0.465
11.545	-0.136	6.963E-2	0.153	-2.725E-2	-3.361E-2	4.327E-2	0.551	0.397	0.680
11.562	-0.137	6.893E-2	0.153	-1.538E-2	-4.458E-2	4.716E-2	0.255	-0.183	0.314
11.578	-0.137	6.815E-2	0.153	-7.466E-3	-4.024E-2	4.092E-2	5.471E-2	-0.573	0.576
11.595	-0.137	6.759E-2	0.153	-2.217E-2	-5.786E-2	6.196E-2	-0.510	-0.792	0.942
11.612	-0.137	6.622E-2	0.152	-2.131E-2	-7.561E-2	7.856E-2	0.326	-0.333	0.466
11.628	-0.138	6.507E-2	0.152	-1.325E-2	-6.420E-2	6.556E-2	-0.190	0.535	0.568
11.645	-0.138	6.407E-2	0.152	-2.221E-2	-5.767E-2	6.180E-2	-0.328	0.463	0.568
11.662	-0.138	6.314E-2	0.152	-3.196E-2	-4.973E-2	5.911E-2	0.210	0.300	0.366
11.678	-0.139	6.241E-2	0.152	-1.184E-2	-4.588E-2	4.738E-2	0.307	0.352	0.467
11.695	-0.139	6.161E-2	0.152	-1.718E-2	-4.053E-2	4.402E-2	-0.118	-0.711	0.721
11.712	-0.139	6.106E-2	0.152	-2.375E-2	-6.288E-2	6.722E-2	-0.360	-1.033	1.094
11.728	-0.140	5.951E-2	0.152	-2.248E-2	-8.564E-2	8.854E-2	0.397	-0.211	0.450
11.745	-0.140	5.820E-2	0.152	-1.672E-2	-6.549E-2	6.759E-2	1.252E-2	1.242	1.242
11.762	-0.140	5.733E-2	0.151	-1.467E-2	-4.286E-2	4.530E-2	-0.213	3.416E-2	0.216
11.778	-0.141	5.677E-2	0.152	-2.935E-2	-5.969E-2	6.652E-2	-0.422	-0.626	0.755
11.795	-0.141	5.534E-2	0.152	-2.791E-2	-7.437E-2	7.943E-2	0.488	-0.182	0.521
11.812	-0.142	5.429E-2	0.152	-1.346E-2	-5.911E-2	6.063E-2	0.623	0.261	0.676
11.828	-0.142	5.337E-2	0.151	-4.130E-3	-6.501E-2	6.514E-2	0.228	0.310	0.384
11.845	-0.142	5.212E-2	0.151	-7.719E-3	-5.477E-2	5.531E-2	-0.559	-0.393	0.684
11.862	-0.142	5.154E-2	0.151	-2.134E-2	-6.668E-2	7.001E-2	-0.629	-0.647	0.902
11.879	-0.142	4.990E-2	0.151	-3.201E-2	-8.943E-2	9.499E-2	-0.118	-0.231	0.260
11.895	-0.143	4.855E-2	0.151	-2.420E-2	-6.904E-2	7.316E-2	0.792	0.212	0.820
11.912	-0.143	4.760E-2	0.151	-5.579E-3	-7.743E-2	7.763E-2	0.176	-0.253	0.308
11.929	-0.143	4.597E-2	0.150	-1.306E-2	-8.641E-2	8.740E-2	-0.437	-0.214	0.487
11.945	-0.144	4.471E-2	0.150	-2.809E-2	-7.816E-2	8.305E-2	-0.408	0.292	0.502
11.962	-0.144	4.336E-2	0.150	-2.274E-2	-7.925E-2	8.245E-2	0.595	5.435E-2	0.598
11.979	-0.144	4.207E-2	0.150	-1.026E-2	-7.574E-2	7.643E-2	0.284	4.255E-2	0.287
11.995	-0.144	4.084E-2	0.150	-8.642E-3	-7.708E-2	7.757E-2	0.404	0.242	0.471
12.012	-0.145	3.950E-2	0.150	-3.437E-3	-7.027E-2	7.035E-2	-0.568	-0.182	0.596
12.029	-0.145	3.849E-2	0.150	-1.763E-2	-7.738E-2	7.936E-2	-0.404	-0.526	0.664
12.045	-0.145	3.691E-2	0.150	-2.992E-2	-9.419E-2	9.883E-2	-5.516E-2	-0.137	0.148
12.062	-0.146	3.535E-2	0.150	-1.070E-2	-8.122E-2	8.192E-2	0.369	0.378	0.528
12.079	-0.146	3.420E-2	0.150	-1.807E-2	-7.684E-2	7.893E-2	-9.687E-3	1.607E-2	1.877E-2
12.095	-0.146	3.278E-2	0.150	-1.575E-2	-8.489E-2	8.633E-2	0.181	-0.550	0.579
12.112	-0.146	3.137E-2	0.150	-6.875E-3	-9.279E-2	9.304E-2	0.121	-0.142	0.187
12.129	-0.146	2.969E-2	0.149	-1.370E-2	-9.310E-2	9.410E-2	-0.307	0.428	0.527
12.145	-0.147	2.827E-2	0.149	-1.777E-2	-7.638E-2	7.842E-2	-0.260	0.319	0.411
12.162	-0.147	2.714E-2	0.149	-2.141E-2	-7.934E-2	8.217E-2	6.039E-2	0.321	0.326
12.179	-0.147	2.562E-2	0.150	-1.771E-2	-7.295E-2	7.507E-2	0.501	-0.268	0.568
12.196	-0.148	2.471E-2	0.150	-3.242E-3	-7.804E-2	7.811E-2	0.324	-0.538	0.628
12.212	-0.147	2.301E-2	0.149	-4.555E-3	-0.100	0.100	-0.617	-0.550	0.827
12.229	-0.148	2.136E-2	0.149	-2.559E-2	-9.359E-2	9.702E-2	-0.522	0.755	0.918
12.246	-0.148	1.989E-2	0.150	-2.597E-2	-7.543E-2	7.978E-2	0.224	0.371	0.434
12.262	-0.149	1.884E-2	0.150	-1.307E-2	-7.652E-2	7.763E-2	0.652	-0.200	0.682
12.279	-0.149	1.734E-2	0.150	-6.459E-3	-8.803E-2	8.827E-2	-0.104	-0.490	0.501
12.296	-0.149	1.590E-2	0.150	-1.328E-2	-8.982E-2	9.080E-2	-0.435	0.256	0.505
12.312	-0.149	1.434E-2	0.150	-2.540E-2	-8.248E-2	8.630E-2	-9.856E-3	0.475	0.475
12.329	-0.150	1.315E-2	0.150	-1.338E-2	-7.038E-2	7.164E-2	-3.721E-2	0.646	0.647
12.346	-0.150	1.199E-2	0.150	-2.066E-2	-6.316E-2	6.645E-2	-0.351	0.162	0.386
12.362	-0.150	1.104E-2	0.151	-3.309E-2	-6.251E-2	7.072E-2	1.701E-2	0.576	0.577
12.379	-0.151	9.907E-3	0.151	-1.691E-2	-4.915E-2	5.198E-2	0.580	0.879	1.053
12.396	-0.151	9.404E-3	0.151	-1.132E-2	-2.735E-2	2.960E-2	2.895E-2	0.598	0.598
12.412	-0.151	8.994E-3	0.151	-1.811E-2	-3.030E-2	3.530E-2	5.515E-2	1.878E-2	5.826E-2
12.429	-0.152	8.393E-3	0.152	-1.106E-2	-2.968E-2	3.167E-2	-2.630E-3	-0.433	0.433
12.446	-0.152	8.004E-3	0.152	-1.331E-2	-3.977E-2	4.194E-2	-1.762E-2	-0.384	0.384
12.462	-0.152	7.066E-3	0.152	-1.758E-2	-4.911E-2	5.216E-2	-0.304	7.703E-2	0.314
12.479	-0.152	6.365E-3	0.152	-1.833E-2	-3.396E-2	3.859E-2	0.172	0.192	0.257
12.496	-0.153	5.933E-3	0.153	-1.680E-2	-3.950E-2	4.292E-2	0.145	-0.320	0.351
12.512	-0.153	5.048E-3	0.153	-9.096E-3	-5.008E-2	5.090E-2	0.127	-0.484	0.500
12.529	-0.153	4.262E-3	0.153	-1.424E-2	-5.213E-2	5.404E-2	-0.160	-3.183E-2	0.163
12.546	-0.153	3.308E-3	0.153	-1.519E-2	-5.353E-2	5.564E-2	-0.342	5.179E-2	0.346
12.563	-0.153	2.476E-3	0.153	-2.330E-2	-4.880E-2	5.407E-2	0.169	0.572	0.597
12.579	-0.154	1.680E-3	0.154	-1.523E-2	-3.628E-2	3.935E-2	0.216	0.932	0.956
12.596	-0.154	1.265E-3	0.154	-7.957E-3	-1.588E-2	1.777E-2	0.554	1.060	1.197
12.613	-0.154	1.150E-3	0.154	-4.428E-3	-8.415E-4	4.508E-3	7.911E-2	0.838	0.841
12.629	-0.154	1.237E-3	0.154	1.500E-3	1.161E-2	1.171E-2	0.439	1.199	1.277
12.646	-0.154	1.537E-3	0.154	4.219E-3	3.734E-2	3.757E-2	2.334E-2	1.315	1.315
12.663	-0.154	2.483E-3	0.154	7.724E-3	5.967E-2	6.017E-2	-0.465	0.672	0.817
12.679	-0.154	3.528E-3	0.154	-1.314E-2	5.845E-2	5.991E-2	-0.147	-0.225	0.269
12.696	-0.154	4.433E-3	0.154	-3.214E-3	5.100E-2	5.110E-2	4.888E-2	6.266E-2	7.947E-2
12.713	-0.154	5.230E-3	0.154	-1.083E-4	5.865E-2	5.865E-2	0.578	0.585	0.823
12.729	-0.154	6.391E-3	0.154	3.610E-3	7.354E-2	7.363E-2	-0.325	0.128	0.350
12.746	-0.154	7.684E-3	0.154	2.299E-3	6.437E-2	6.442E-2	-2.300E-2	-0.712	0.713
12.763	-0.154	8.538E-3	0.154	-9.625E-3	4.617E-2	4.717E-2	-0.157	-0.789	0.804
12.779	-0.154	9.224E-3	0.154	4.330E-3	3.881E-2	3.905E-2	0.773	-0.344	0.846
12.796	-0.154	9.834E-3	0.154	1.331E-2	3.498E-2	3.743E-2	-0.223	0.165	0.277
12.813	-0.154	1.039E-2	0.154	1.939E-3	4.288E-2	4.292E-2	-0.256	-0.106	0.277
12.829	-0.154	1.126E-2	0.154	-3.973E-3	3.660E-2	3.681E-2	-7.904E-3	-0.430	0.430
12.846	-0.154	1.161E-2	0.154	8.549E-3	2.247E-2	2.404E-2	0.213	-0.462	0.509
12.863	-0.154	1.201E-2	0.154	1.670E-3	2.389E-2	2.395E-2	-0.376	-1.836E-2	0.377
12.880	-0.154	1.241E-2	0.154	-5.302E-3	2.186E-2	2.249E-2	-5.372E-2	-0.244	0.250
12.896	-0.154	1.274E-2	0.154	-5.249E-4	1.582E-2	1.583E-2	0.162	-3.486E-2	0.166
12.913	-0.154	1.294E-2	0.154	2.455E-3	1.875E-2	1.891E-2	9.599E-2	-6.325E-2	0.115
12.930	-0.154	1.337E-2	0.154	7.532E-4	1.752E-2	1.754E-2	-9.255E-2	-0.218	0.237
12.946	-0.154	1.352E-2	0.154	4.266E-4	8.222E-3	8.233E-3	5.568E-3	-0.348	0.348
12.963	-0.154	1.364E-2	0.154	7.881E-5	6.876E-3	6.876E-3	-0.215	9.101E-2	0.233
12.980	-0.154	1.375E-2	0.154	-5.176E-3	1.069E-2	1.188E-2	0.107	-0.282	0.302
12.996	-0.154	1.400E-2	0.155	-7.647E-5	7.267E-4	7.307E-4	0.135	-0.441	0.461
13.013	-0.154	1.378E-2	0.154	4.605E-3	-9.251E-3	1.033E-2	7.143E-2	-0.259	0.269
13.030	-0.154	1.369E-2	0.154	-1.491E-3	-4.742E-3	4.970E-3	-0.116	0.278	0.301
13.046	-0.154	1.362E-2	0.154	1.658E-3	-9.699E-4	1.921E-3	3.070E-2	2.357E-3	3.079E-2
13.063	-0.154	1.366E-2	0.154	5.284E-4	-2.953E-3	3.000E-3	0.120	0.119	0.169
13.080	-0.154	1.352E-2	0.154	3.485E-3	-2.034E-4	3.490E-3	-0.335	-3.737E-2	0.337
13.096	-0.154	1.365E-2	0.154	-6.088E-3	4.230E-5	6.088E-3	-0.127	-0.380	0.401
13.113	-0.154	1.352E-2	0.155	-8.162E-3	-1.527E-2	1.731E-2	0.667	-0.444	0.802
13.130	-0.154	1.314E-2	0.155	2.031E-2	-1.662E-2	2.625E-2	0.409	-0.533	0.672
13.146	-0.153	1.297E-2	0.154	1.110E-2	-2.780E-2	2.994E-2	-0.477	-0.370	0.604
13.163	-0.154	1.222E-2	0.154	-5.548E-3	-3.603E-2	3.645E-2	-0.704	0.237	0.743
13.180	-0.154	1.176E-2	0.154	-5.852E-3	-1.638E-2	1.740E-2	0.265	0.503	0.568
13.197	-0.154	1.167E-2	0.154	-1.558E-3	-1.602E-2	1.609E-2	9.913E-2	-0.220	0.241
13.213	-0.154	1.123E-2	0.154	2.942E-3	-2.794E-2	2.810E-2	0.218	-0.615	0.652
13.230	-0.154	1.074E-2	0.154	1.159E-3	-3.479E-2	3.480E-2	-0.180	-0.483	0.515
13.247	-0.154	1.007E-2	0.154	4.545E-4	-4.464E-2	4.464E-2	9.111E-2	0.100	0.136
13.263	-0.154	9.247E-3	0.154	7.085E-4	-3.417E-2	3.418E-2	-0.140	0.213	0.254
13.280	-0.154	8.929E-3	0.154	-3.819E-4	-3.088E-2	3.088E-2	6.396E-2	-0.257	0.264
13.297	-0.154	8.216E-3	0.154	-1.206E-3	-4.757E-2	4.758E-2	0.429	-0.498	0.658
13.313	-0.154	7.341E-3	0.154	1.552E-2	-4.786E-2	5.032E-2	0.140	0.390	0.414
13.330	-0.153	6.619E-3	0.153	7.883E-3	-3.390E-2	3.480E-2	-0.239	3.488E-2	0.241
13.347	-0.153	6.210E-3	0.153	-2.670E-4	-4.215E-2	4.216E-2	-0.504	-0.198	0.541
13.363	-0.153	5.213E-3	0.153	-2.091E-3	-4.850E-2	4.855E-2	9.783E-2	-0.330	0.344
13.380	-0.153	4.592E-3	0.153	-3.057E-3	-4.613E-2	4.623E-2	0.261	9.503E-2	0.277
13.397	-0.153	3.674E-3	0.153	1.068E-2	-5.019E-2	5.131E-2	0.111	0.488	0.501
13.413	-0.153	2.918E-3	0.153	1.894E-3	-2.944E-2	2.950E-2	-0.490	1.343	1.429
13.430	-0.153	2.691E-3	0.153	-9.730E-3	-3.043E-3	1.019E-2	-0.211	1.400	1.416
13.447	-0.153	2.816E-3	0.153	-3.972E-3	1.670E-2	1.717E-2	0.373	0.703	0.796
13.463	-0.153	3.249E-3	0.153	3.760E-3	2.211E-2	2.243E-2	0.164	0.283	0.327
13.480	-0.153	3.554E-3	0.153	2.090E-3	2.305E-2	2.314E-2	-0.124	-0.210	0.244
13.497	-0.153	4.018E-3	0.153	-1.975E-3	1.836E-2	1.847E-2	-8.787E-2	-0.258	0.272
13.514	-0.153	4.166E-3	0.153	-3.984E-4	1.080E-2	1.081E-2	-5.726E-2	-0.341	0.346
13.530	-0.153	4.378E-3	0.153	-2.935E-3	9.355E-3	9.804E-3	8.141E-2	-0.314	0.324
13.547	-0.153	4.479E-3	0.153	-2.113E-6	-2.563E-5	2.572E-5	0.181	-0.809	0.829
13.564	-0.153	4.377E-3	0.153	5.804E-3	-1.730E-2	1.825E-2	0.124	-1.074	1.081
13.580	-0.153	3.901E-3	0.153	3.085E-3	-3.699E-2	3.712E-2	-0.253	-0.377	0.454
13.597	-0.153	3.143E-3	0.153	-2.407E-3	-3.255E-2	3.264E-2	-7.856E-3	0.739	0.739
13.614	-0.153	2.815E-3	0.153	9.246E-4	-8.953E-3	9.000E-3	0.104	0.942	0.948
13.630	-0.153	2.844E-3	0.153	4.218E-3	2.889E-4	4.228E-3	4.649E-2	0.423	0.426
13.647	-0.153	2.825E-3	0.153	3.307E-4	2.690E-3	2.710E-3	-0.271	0.180	0.325
13.664	-0.153	2.934E-3	0.153	-3.684E-3	7.452E-3	8.313E-3	0.552	0.742	0.925
13.680	-0.153	3.074E-3	0.153	1.444E-2	2.483E-2	2.872E-2	0.531	0.297	0.608
13.697	-0.153	3.762E-3	0.153	2.289E-2	2.434E-2	3.341E-2	7.533E-3	-0.336	0.336
13.714	-0.153	3.886E-3	0.153	7.806E-3	6.546E-3	1.019E-2	-0.556	-0.717	0.907
13.730	-0.152	3.981E-3	0.152	5.949E-3	2.990E-3	6.658E-3	-9.817E-2	-0.113	0.150
13.747	-0.152	3.986E-3	0.152	4.701E-3	1.902E-3	5.071E-3	-4.578E-2	-4.763E-2	6.606E-2
13.764	-0.152	4.044E-3	0.152	4.227E-3	2.402E-3	4.862E-3	-0.135	7.540E-2	0.154
13.780	-0.152	4.066E-3	0.152	9.183E-4	3.551E-3	3.668E-3	0.169	7.424E-2	0.185
13.797	-0.152	4.163E-3	0.152	7.366E-3	5.697E-3	9.312E-3	0.165	-1.380E-2	0.166
13.814	-0.152	4.256E-3	0.152	1.077E-2	3.094E-3	1.121E-2	0.153	-0.103	0.184
13.830	-0.152	4.266E-3	0.152	8.508E-3	1.455E-3	8.632E-3	-0.456	-9.288E-2	0.465
13.847	-0.152	4.304E-3	0.152	-3.496E-4	8.100E-4	8.822E-4	-9.703E-2	-0.221	0.241
13.864	-0.152	4.293E-3	0.152	-9.440E-4	-5.734E-3	5.811E-3	0.152	-0.117	0.192
13.881	-0.152	4.113E-3	0.152	1.041E-2	-5.113E-3	1.160E-2	0.639	4.920E-2	0.640
13.897	-0.152	4.122E-3	0.152	1.706E-2	-1.465E-3	1.712E-2	8.567E-2	-0.116	0.145
13.914	-0.151	4.064E-3	0.151	1.688E-2	-9.521E-3	1.938E-2	-4.840E-2	-0.133	0.142
13.931	-0.151	3.805E-3	0.151	1.159E-2	-8.382E-3	1.430E-2	-0.401	0.138	0.424
13.947	-0.151	3.784E-3	0.151	6.587E-3	-1.907E-3	6.858E-3	-0.413	0.325	0.525
13.964	-0.151	3.741E-3	0.151	-4.373E-3	7.407E-4	4.436E-3	-7.266E-2	0.168	0.183
13.981	-0.151	3.809E-3	0.151	2.896E-3	4.665E-3	5.490E-3	0.157	2.774E-3	0.157
13.997	-0.151	3.897E-3	0.151	5.403E-3	1.109E-3	5.516E-3	8.992E-2	-0.272	0.286
14.014	-0.151	3.846E-3	0.151	1.570E-3	-5.340E-3	5.566E-3	0.150	-0.217	0.264
14.031	-0.151	3.718E-3	0.151	1.181E-2	-6.400E-3	1.343E-2	0.267	0.129	0.297
14.047	-0.150	3.633E-3	0.150	1.246E-2	-9.522E-4	1.250E-2	-0.185	-6.472E-2	0.196
14.064	-0.150	3.687E-3	0.150	3.663E-3	-6.195E-3	7.197E-3	-4.122E-2	-0.524	0.526
14.081	-0.150	3.426E-3	0.150	9.620E-3	-2.098E-2	2.308E-2	0.193	-0.238	0.307
14.097	-0.150	2.987E-3	0.150	1.392E-2	-1.582E-2	2.107E-2	0.226	0.294	0.371
14.114	-0.150	2.898E-3	0.150	1.376E-2	-7.143E-3	1.550E-2	-0.298	0.367	0.473
14.131	-0.149	2.748E-3	0.149	7.598E-3	-6.009E-3	9.687E-3	-0.308	0.164	0.349
14.147	-0.149	2.698E-3	0.149	-6.910E-4	-8.592E-4	1.103E-3	-0.280	0.363	0.459
14.164	-0.149	2.720E-3	0.149	7.362E-4	5.693E-3	5.740E-3	0.174	0.134	0.219
14.181	-0.149	2.888E-3	0.149	3.786E-3	5.229E-3	6.456E-3	-1.054E-2	-0.112	0.112
14.198	-0.149	2.894E-3	0.149	2.557E-3	1.267E-5	2.557E-3	-6.704E-2	-4.653E-2	8.161E-2
14.214	-0.149	2.888E-3	0.149	-9.151E-4	3.678E-3	3.791E-3	-8.120E-2	0.146	0.167
14.231	-0.149	3.017E-3	0.149	1.194E-3	6.295E-3	6.408E-3	1.289E-2	9.982E-3	1.631E-2
14.248	-0.149	3.098E-3	0.149	-4.912E-4	3.253E-3	3.290E-3	-3.260E-2	-0.318	0.320
14.264	-0.149	3.126E-3	0.149	-6.480E-4	-3.803E-3	3.858E-3	6.479E-2	-0.163	0.175
14.281	-0.149	2.971E-3	0.149	2.212E-3	-4.229E-3	4.772E-3	-8.340E-4	1.507E-2	1.509E-2
14.298	-0.149	2.984E-3	0.149	-5.388E-5	-8.524E-4	8.541E-4	1.946E-3	-5.525E-2	5.529E-2
14.314	-0.149	2.943E-3	0.149	5.174E-4	-6.664E-3	6.684E-3	3.658E-2	1.229E-2	3.859E-2
14.331	-0.149	2.762E-3	0.149	3.051E-3	-2.577E-3	3.994E-3	4.289E-2	5.922E-2	7.312E-2
14.348	-0.149	2.857E-3	0.149	9.996E-4	-8.083E-4	1.285E-3	-0.150	2.456E-2	0.152
14.364	-0.149	2.735E-3	0.149	-1.580E-3	-5.103E-3	5.342E-3	-7.005E-2	-9.722E-2	0.120
14.381	-0.149	2.687E-3	0.149	-2.080E-3	-2.552E-3	3.292E-3	0.132	2.897E-2	0.135
14.398	-0.149	2.650E-3	0.149	3.063E-3	-4.077E-3	5.099E-3	3.972E-2	0.132	0.137
14.414	-0.149	2.550E-3	0.149	8.669E-4	3.456E-4	9.332E-4	-5.770E-2	0.149	0.160
14.431	-0.149	2.661E-3	0.149	-1.507E-3	3.419E-3	3.737E-3	-7.391E-2	9.613E-2	0.121
14.448	-0.149	2.665E-3	0.149	4.075E-4	1.535E-3	1.588E-3	5.283E-2	-6.992E-2	8.763E-2
14.464	-0.149	2.713E-3	0.149	-7.059E-4	2.053E-3	2.171E-3	-0.164	8.388E-2	0.184
14.481	-0.149	2.733E-3	0.149	-4.183E-3	3.568E-3	5.498E-3	0.191	-4.760E-2	0.197
14.498	-0.149	2.832E-3	0.149	2.954E-3	1.837E-3	3.478E-3	7.394E-2	-8.512E-2	0.113
14.514	-0.149	2.794E-3	0.149	3.467E-3	-9.562E-4	3.597E-3	-3.739E-2	-3.109E-2	4.863E-2
14.531	-0.149	2.800E-3	0.149	-3.372E-3	1.571E-3	3.720E-3	-0.115	0.102	0.154
14.548	-0.149	2.847E-3	0.149	1.912E-3	2.656E-3	3.273E-3	0.124	2.610E-2	0.126
14.565	-0.149	2.888E-3	0.149	1.062E-3	2.254E-3	2.492E-3	-4.683E-2	-9.546E-2	0.106
14.581	-0.149	2.922E-3	0.149	-7.076E-4	-2.529E-4	7.515E-4	-4.356E-2	-0.225	0.229
14.598	-0.149	2.880E-3	0.149	1.582E-4	-5.439E-3	5.441E-3	0.289	-0.140	0.321
14.615	-0.149	2.741E-3	0.149	7.807E-3	-5.794E-3	9.722E-3	2.198E-2	8.454E-2	8.735E-2
14.631	-0.149	2.687E-3	0.149	4.559E-3	-1.688E-3	4.861E-3	-6.091E-2	0.254	0.261
14.648	-0.149	2.684E-3	0.149	6.454E-4	2.386E-3	2.472E-3	-0.255	0.110	0.277
14.665	-0.149	2.766E-3	0.149	5.540E-4	2.789E-3	2.844E-3	-0.150	-9.284E-2	0.177
14.681	-0.149	2.777E-3	0.149	-7.218E-3	-1.389E-3	7.351E-3	-0.274	-9.631E-2	0.291
14.698	-0.149	2.720E-3	0.149	-7.865E-3	-1.047E-3	7.934E-3	0.130	4.810E-2	0.138
14.715	-0.149	2.742E-3	0.149	-3.342E-3	1.210E-3	3.555E-3	0.146	3.066E-2	0.149
14.731	-0.149	2.760E-3	0.149	-1.443E-3	-2.183E-4	1.460E-3			
14.748	-0.149	2.735E-3	0.149						
