	mass A									
t	x	y	r	vx	vy	v	ax	ay	a	
0.000	1.194E-3	-8.013E-4	1.438E-3						
0.017	1.192E-3	-8.406E-4	1.459E-3	-2.420E-3	7.337E-4	2.528E-3			
0.033	1.114E-3	-7.768E-4	1.358E-3	-1.351E-3	1.831E-3	2.275E-3	6.007E-2	4.257E-3	6.022E-2
0.050	1.147E-3	-7.795E-4	1.387E-3	1.021E-3	-1.365E-4	1.030E-3	6.553E-2	-9.604E-2	0.116
0.067	1.148E-3	-7.814E-4	1.388E-3	6.160E-5	-9.623E-4	9.643E-4	-3.799E-2	1.471E-3	3.802E-2
0.083	1.149E-3	-8.116E-4	1.407E-3	-6.760E-5	-5.174E-4	5.218E-4	5.822E-3	5.947E-2	5.975E-2
0.100	1.145E-3	-7.987E-4	1.396E-3	1.459E-4	1.420E-3	1.428E-3	1.584E-2	5.826E-2	6.038E-2
0.117	1.154E-3	-7.642E-4	1.384E-3	5.873E-4	1.506E-3	1.617E-3	-4.669E-2	-0.115	0.124
0.133	1.165E-3	-7.484E-4	1.385E-3	-1.189E-3	-2.203E-3	2.504E-3	-0.156	-1.537E-2	0.157
0.150	1.115E-3	-8.377E-4	1.394E-3	-4.892E-3	-5.179E-4	4.919E-3	-5.164E-2	4.869E-2	7.098E-2
0.167	1.002E-3	-7.657E-4	1.261E-3	-3.632E-3	1.636E-3	3.983E-3	0.146	6.186E-2	0.158
0.184	9.933E-4	-7.831E-4	1.265E-3	9.249E-4	-5.292E-5	9.264E-4	0.132	-4.747E-2	0.140
0.200	1.033E-3	-7.674E-4	1.287E-3	9.325E-4	7.468E-4	1.195E-3	-2.573E-2	7.006E-2	7.464E-2
0.217	1.024E-3	-7.582E-4	1.274E-3	-5.357E-4	1.896E-3	1.970E-3	-0.122	9.646E-3	0.122
0.234	1.015E-3	-7.042E-4	1.235E-3	-2.647E-3	1.700E-3	3.145E-3	-2.870E-2	-7.692E-2	8.210E-2
0.250	9.361E-4	-7.015E-4	1.170E-3	-2.404E-3	-1.119E-3	2.652E-3	0.110	-1.573E-2	0.111
0.267	9.344E-4	-7.415E-4	1.193E-3	1.716E-3	6.004E-4	1.818E-3	0.116	1.313E-2	0.117
0.284	9.934E-4	-6.815E-4	1.205E-3	1.897E-3	7.638E-4	2.045E-3	-3.530E-2	-7.795E-3	3.615E-2
0.300	9.977E-4	-7.160E-4	1.228E-3	-1.325E-4	-1.045E-3	1.053E-3	-5.929E-2	-3.763E-2	7.022E-2
0.317	9.890E-4	-7.163E-4	1.221E-3	-3.123E-5	1.787E-4	1.814E-4	-7.139E-2	7.071E-2	0.100
0.334	9.967E-4	-7.101E-4	1.224E-3	-1.969E-3	1.118E-3	2.264E-3	2.220E-2	-2.987E-2	3.722E-2
0.350	9.233E-4	-6.790E-4	1.146E-3	-5.999E-4	-3.223E-4	6.810E-4	9.051E-2	-4.684E-2	0.102
0.367	9.767E-4	-7.208E-4	1.214E-3	2.575E-3	-1.341E-3	2.903E-3	0.320	-5.258E-2	0.324
0.384	1.009E-3	-7.238E-4	1.242E-3	8.425E-3	-1.276E-3	8.521E-3	-0.115	5.279E-2	0.127
0.400	1.258E-3	-7.634E-4	1.471E-3	2.444E-3	-3.488E-4	2.469E-3	-0.266	-0.163	0.312
0.417	1.091E-3	-7.354E-4	1.315E-3	-5.574E-3	-5.028E-3	7.506E-3	-7.220E-2	-5.996E-2	9.385E-2
0.434	1.072E-3	-9.311E-4	1.420E-3	2.557E-3	-5.452E-3	6.021E-3	0.216	-0.173	0.276
0.450	1.176E-3	-9.173E-4	1.491E-3	2.573E-3	-6.925E-3	7.388E-3	9.336E-2	8.462E-2	0.126
0.467	1.158E-3	-1.162E-3	1.640E-3	3.446E-3	-6.858E-3	7.675E-3	1.872E-2	-0.124	0.125
0.484	1.291E-3	-1.146E-3	1.726E-3	5.392E-3	-6.637E-3	8.551E-3	-0.248	-0.125	0.278
0.500	1.338E-3	-1.384E-3	1.924E-3	-5.105E-3	-1.430E-2	1.519E-2	-9.934E-2	-0.638	0.646
0.517	1.121E-3	-1.623E-3	1.973E-3	-1.457E-3	-2.531E-2	2.535E-2	0.119	0.100	0.156
0.534	1.289E-3	-2.228E-3	2.574E-3	4.145E-3	-1.685E-2	1.735E-2	-0.301	-0.119	0.324
0.551	1.259E-3	-2.185E-3	2.522E-3	-1.323E-2	-1.907E-2	2.321E-2	-0.120	-0.265	0.291
0.567	8.477E-4	-2.864E-3	2.987E-3	-5.064E-3	-3.541E-2	3.577E-2	0.379	-0.303	0.485
0.584	1.090E-3	-3.367E-3	3.539E-3	7.632E-3	-2.528E-2	2.640E-2	0.369	0.200	0.420
0.601	1.102E-3	-3.708E-3	3.868E-3	2.256E-3	-2.714E-2	2.723E-2	-0.546	-0.477	0.725
0.617	1.165E-3	-4.272E-3	4.428E-3	-7.545E-3	-4.256E-2	4.323E-2	0.119	-0.512	0.526
0.634	8.506E-4	-5.128E-3	5.198E-3	6.369E-5	-4.646E-2	4.646E-2	-1.826E-2	-4.996E-2	5.319E-2
0.651	1.167E-3	-5.822E-3	5.938E-3	1.383E-3	-4.161E-2	4.163E-2	-0.116	3.977E-2	0.122
0.667	8.968E-4	-6.516E-3	6.578E-3	-1.212E-2	-4.528E-2	4.688E-2	0.193	-3.209E-2	0.195
0.684	7.631E-4	-7.333E-3	7.373E-3	9.056E-3	-4.439E-2	4.531E-2	0.210	-0.225	0.308
0.701	1.199E-3	-7.998E-3	8.087E-3	2.562E-3	-4.956E-2	4.963E-2	-0.424	-0.165	0.455
0.717	8.486E-4	-8.987E-3	9.027E-3	-1.509E-2	-5.410E-2	5.617E-2	-0.218	-0.314	0.382
0.734	6.953E-4	-9.803E-3	9.827E-3	-8.563E-4	-5.611E-2	5.612E-2	0.531	-0.406	0.668
0.751	8.200E-4	-1.086E-2	1.089E-2	4.571E-3	-6.956E-2	6.971E-2	0.232	-0.164	0.284
0.767	8.479E-4	-1.212E-2	1.215E-2	4.465E-3	-6.400E-2	6.416E-2	-1.049E-2	0.394	0.394
0.784	9.690E-4	-1.299E-2	1.303E-2	5.663E-3	-5.218E-2	5.248E-2	-0.258	0.293	0.390
0.801	1.037E-3	-1.386E-2	1.390E-2	-3.852E-3	-5.542E-2	5.556E-2	-0.261	-0.348	0.434
0.817	8.404E-4	-1.484E-2	1.487E-2	-5.903E-3	-6.398E-2	6.425E-2	-3.163E-2	-0.300	0.301
0.834	8.398E-4	-1.600E-2	1.602E-2	-1.843E-3	-6.680E-2	6.683E-2	0.144	-0.110	0.181
0.851	7.790E-4	-1.707E-2	1.709E-2	-2.604E-3	-6.597E-2	6.602E-2	-5.403E-3	3.571E-2	3.611E-2
0.868	7.529E-4	-1.820E-2	1.822E-2	-1.479E-3	-6.656E-2	6.658E-2	6.977E-2	0.119	0.138
0.884	7.296E-4	-1.929E-2	1.931E-2	-5.262E-4	-6.200E-2	6.200E-2	0.294	0.266	0.397
0.901	7.354E-4	-2.027E-2	2.028E-2	7.542E-3	-5.701E-2	5.750E-2	-9.531E-3	0.408	0.408
0.918	9.813E-4	-2.120E-2	2.122E-2	2.794E-3	-4.938E-2	4.946E-2	-0.137	0.785	0.796
0.934	8.286E-4	-2.192E-2	2.193E-2	-2.421E-3	-3.101E-2	3.110E-2	-0.123	0.941	0.949
0.951	9.005E-4	-2.223E-2	2.225E-2	2.564E-3	-1.581E-2	1.601E-2	-9.533E-2	0.513	0.521
0.968	9.142E-4	-2.244E-2	2.246E-2	-6.077E-3	-1.454E-2	1.575E-2	-0.258	-0.472	0.537
0.984	6.977E-4	-2.272E-2	2.273E-2	-8.402E-3	-3.045E-2	3.159E-2	0.370	-0.245	0.444
1.001	6.338E-4	-2.346E-2	2.347E-2	6.996E-3	-2.878E-2	2.962E-2	0.216	0.355	0.415
1.018	9.312E-4	-2.368E-2	2.369E-2	3.311E-3	-1.216E-2	1.261E-2	-0.127	0.369	0.390
1.034	7.443E-4	-2.387E-2	2.388E-2	-3.954E-3	-1.762E-2	1.806E-2	-0.260	-0.449	0.519
1.051	7.993E-4	-2.426E-2	2.428E-2	-6.445E-4	-2.840E-2	2.841E-2	0.172	-0.396	0.432
1.068	7.228E-4	-2.481E-2	2.482E-2	-8.918E-4	-3.144E-2	3.146E-2	-5.499E-2	-3.627E-2	6.587E-2
1.084	7.695E-4	-2.531E-2	2.533E-2	-4.042E-4	-2.872E-2	2.872E-2	7.145E-2	-5.950E-2	9.298E-2
1.101	7.093E-4	-2.577E-2	2.578E-2	-4.077E-4	-3.256E-2	3.257E-2	0.209	-0.429	0.477
1.118	7.559E-4	-2.640E-2	2.641E-2	7.308E-3	-4.378E-2	4.439E-2	0.123	-0.181	0.219
1.134	9.532E-4	-2.723E-2	2.725E-2	5.453E-3	-4.091E-2	4.127E-2	-0.418	-7.650E-2	0.425
1.151	9.379E-4	-2.776E-2	2.778E-2	-8.091E-3	-4.151E-2	4.229E-2	-0.149	-0.301	0.336
1.168	6.832E-4	-2.862E-2	2.863E-2	-2.484E-3	-5.450E-2	5.456E-2	0.205	-0.218	0.300
1.185	8.550E-4	-2.958E-2	2.960E-2	4.284E-3	-4.958E-2	4.976E-2	8.448E-2	6.395E-2	0.106
1.201	8.262E-4	-3.027E-2	3.028E-2	-3.023E-3	-4.848E-2	4.858E-2	-3.589E-2	0.233	0.236
1.218	7.541E-4	-3.120E-2	3.121E-2	2.588E-3	-4.637E-2	4.644E-2	-4.027E-2	-0.231	0.235
1.235	9.125E-4	-3.182E-2	3.183E-2	-7.451E-4	-5.057E-2	5.058E-2	-0.205	-0.142	0.249
1.251	7.292E-4	-3.289E-2	3.290E-2	-8.513E-3	-5.728E-2	5.791E-2	3.444E-2	-0.584	0.585
1.268	6.284E-4	-3.373E-2	3.374E-2	1.497E-3	-6.420E-2	6.422E-2	0.346	-0.164	0.383
1.285	7.792E-4	-3.503E-2	3.504E-2	5.362E-3	-6.895E-2	6.915E-2	7.961E-3	-0.169	0.169
1.301	8.074E-4	-3.603E-2	3.604E-2	-1.069E-4	-6.463E-2	6.463E-2	-7.325E-2	0.117	0.138
1.318	7.756E-4	-3.719E-2	3.720E-2	2.325E-3	-6.787E-2	6.791E-2	-4.558E-2	-0.287	0.291
1.335	8.849E-4	-3.830E-2	3.831E-2	6.767E-4	-7.230E-2	7.231E-2	0.225	0.401	0.460
1.351	7.982E-4	-3.960E-2	3.961E-2	5.958E-3	-5.910E-2	5.940E-2	0.342	0.578	0.671
1.368	1.084E-3	-4.027E-2	4.028E-2	1.623E-2	-4.589E-2	4.868E-2	9.487E-2	0.591	0.599
1.385	1.340E-3	-4.113E-2	4.115E-2	8.285E-3	-4.477E-2	4.553E-2	-0.194	0.165	0.254
1.401	1.360E-3	-4.176E-2	4.178E-2	7.050E-3	-3.757E-2	3.823E-2	-0.278	0.371	0.464
1.418	1.575E-3	-4.238E-2	4.241E-2	3.095E-3	-3.383E-2	3.397E-2	-0.121	-0.430	0.446
1.435	1.463E-3	-4.289E-2	4.291E-2	-1.377E-3	-4.834E-2	4.836E-2	2.755E-2	-0.260	0.262
1.451	1.529E-3	-4.400E-2	4.402E-2	6.554E-3	-5.045E-2	5.088E-2	-3.653E-2	0.143	0.147
1.468	1.682E-3	-4.457E-2	4.461E-2	-1.133E-3	-3.620E-2	3.622E-2	4.216E-2	0.333	0.335
1.485	1.491E-3	-4.521E-2	4.523E-2	2.631E-3	-4.159E-2	4.167E-2	4.354E-2	-0.280	0.283
1.502	1.770E-3	-4.596E-2	4.600E-2	7.174E-3	-4.621E-2	4.677E-2	2.369E-2	-0.396	0.397
1.518	1.731E-3	-4.675E-2	4.678E-2	-1.442E-3	-5.361E-2	5.363E-2	-0.272	-0.198	0.337
1.535	1.722E-3	-4.775E-2	4.778E-2	-3.129E-4	-5.523E-2	5.523E-2	-0.189	-0.363	0.409
1.552	1.720E-3	-4.859E-2	4.862E-2	-6.861E-3	-6.177E-2	6.215E-2	-1.495E-2	-0.314	0.315
1.568	1.493E-3	-4.981E-2	4.983E-2	-4.131E-3	-7.010E-2	7.022E-2	0.186	-0.563	0.593
1.585	1.582E-3	-5.093E-2	5.095E-2	3.323E-3	-7.669E-2	7.676E-2	0.269	-0.218	0.347
1.602	1.604E-3	-5.237E-2	5.239E-2	2.716E-3	-8.130E-2	8.135E-2	2.391E-2	0.132	0.134
1.618	1.673E-3	-5.364E-2	5.367E-2	4.737E-3	-7.031E-2	7.047E-2	-0.169	0.356	0.394
1.635	1.762E-3	-5.472E-2	5.474E-2	-1.920E-3	-6.795E-2	6.797E-2	0.177	0.324	0.369
1.652	1.609E-3	-5.591E-2	5.593E-2	6.271E-3	-6.264E-2	6.295E-2	0.304	0.547	0.626
1.668	1.971E-3	-5.681E-2	5.684E-2	1.467E-2	-4.753E-2	4.975E-2	0.141	0.487	0.507
1.685	2.098E-3	-5.750E-2	5.753E-2	6.872E-3	-4.532E-2	4.583E-2	-0.195	-0.471	0.510
1.702	2.200E-3	-5.832E-2	5.836E-2	8.585E-3	-6.329E-2	6.387E-2	-9.227E-2	-0.347	0.359
1.718	2.385E-3	-5.961E-2	5.965E-2	5.412E-3	-6.245E-2	6.268E-2	-6.392E-2	-0.291	0.298
1.735	2.381E-3	-6.040E-2	6.045E-2	3.898E-3	-6.439E-2	6.450E-2	-0.212	-7.483E-2	0.225
1.752	2.515E-3	-6.176E-2	6.181E-2	1.274E-3	-7.301E-2	7.302E-2	5.084E-2	-0.588	0.590
1.768	2.423E-3	-6.284E-2	6.288E-2	2.007E-3	-7.747E-2	7.750E-2	-5.451E-3	0.146	0.146
1.785	2.582E-3	-6.434E-2	6.439E-2	4.857E-3	-7.504E-2	7.520E-2	-0.134	-9.049E-3	0.135
1.802	2.586E-3	-6.534E-2	6.539E-2	-4.234E-3	-7.022E-2	7.035E-2	-0.198	-8.623E-2	0.216
1.818	2.441E-3	-6.668E-2	6.673E-2	-3.142E-3	-8.266E-2	8.272E-2	-8.804E-3	7.948E-2	7.996E-2
1.835	2.481E-3	-6.810E-2	6.815E-2	-1.716E-3	-6.902E-2	6.904E-2	9.618E-2	0.323	0.337
1.852	2.383E-3	-6.899E-2	6.903E-2	-2.395E-3	-6.530E-2	6.534E-2	-0.133	0.255	0.288
1.869	2.401E-3	-7.028E-2	7.032E-2	-3.882E-3	-6.765E-2	6.777E-2	0.332	0.782	0.850
1.885	2.254E-3	-7.124E-2	7.128E-2	4.825E-3	-3.756E-2	3.787E-2	-7.008E-2	1.849	1.851
1.902	2.562E-3	-7.153E-2	7.158E-2	8.908E-4	-3.520E-3	3.631E-3	-0.248	4.088	4.096
1.919	2.283E-3	-7.136E-2	7.140E-2	-1.121E-2	8.868E-2	8.938E-2	0.381	4.975	4.989
1.935	2.188E-3	-6.857E-2	6.861E-2	1.474E-2	0.181	0.182	0.688	3.300	3.371
1.952	2.775E-3	-6.532E-2	6.538E-2	1.910E-2	0.192	0.193	-0.289	0.835	0.883
1.969	2.825E-3	-6.217E-2	6.223E-2	-1.740E-3	0.204	0.204	-0.615	0.974	1.152
1.985	2.717E-3	-5.852E-2	5.858E-2	-1.219E-3	0.228	0.228	-2.531E-2	1.428	1.428
2.002	2.785E-3	-5.457E-2	5.464E-2	1.470E-4	0.250	0.250	0.185	1.019	1.035
2.019	2.722E-3	-5.017E-2	5.025E-2	2.248E-3	0.264	0.264	0.260	0.485	0.551
2.035	2.860E-3	-4.575E-2	4.584E-2	1.075E-2	0.265	0.265	0.131	0.421	0.441
2.052	3.081E-3	-4.134E-2	4.146E-2	7.331E-3	0.276	0.276	-0.224	0.724	0.758
2.069	3.104E-3	-3.653E-2	3.666E-2	1.241E-3	0.292	0.292	-0.203	0.793	0.819
2.085	3.122E-3	-3.161E-2	3.176E-2	1.319E-3	0.301	0.301	0.856	0.630	1.063
2.102	3.148E-3	-2.648E-2	2.667E-2	2.635E-2	0.313	0.314	1.465	0.767	1.654
2.119	4.001E-3	-2.116E-2	2.153E-2	5.650E-2	0.327	0.331	1.030	1.168	1.557
2.135	5.033E-3	-1.558E-2	1.637E-2	5.911E-2	0.351	0.356	-0.553	1.399	1.504
2.152	5.974E-3	-9.445E-3	1.118E-2	3.897E-2	0.376	0.378	-0.573	0.824	1.003
2.169	6.334E-3	-3.040E-3	7.026E-3	3.368E-2	0.379	0.381	-0.282	0.312	0.421
2.186	7.098E-3	3.204E-3	7.787E-3	3.680E-2	0.383	0.384	0.328	-0.401	0.518
2.202	7.562E-3	9.725E-3	1.232E-2	3.876E-2	0.372	0.374	-8.502E-2	-0.980	0.984
2.219	8.391E-3	1.560E-2	1.771E-2	3.979E-2	0.344	0.347	9.462E-2	-1.144	1.148
2.236	8.889E-3	2.121E-2	2.300E-2	3.656E-2	0.334	0.336	-0.193	-0.528	0.562
2.252	9.611E-3	2.675E-2	2.843E-2	3.751E-2	0.328	0.330	-0.166	-0.541	0.566
2.269	1.014E-2	3.215E-2	3.371E-2	2.884E-2	0.316	0.318	-0.624	-0.656	0.906
2.286	1.057E-2	3.730E-2	3.877E-2	1.783E-2	0.305	0.305	-0.597	-0.641	0.876
2.302	1.074E-2	4.233E-2	4.367E-2	7.353E-3	0.296	0.296	0.581	-0.490	0.760
2.319	1.082E-2	4.717E-2	4.839E-2	3.361E-2	0.288	0.290	1.158	-0.518	1.269
2.336	1.186E-2	5.193E-2	5.327E-2	5.549E-2	0.279	0.285	-1.006E-3	-0.277	0.277
2.352	1.267E-2	5.649E-2	5.789E-2	3.020E-2	0.277	0.278	-1.356	-0.569	1.470
2.369	1.286E-2	6.117E-2	6.250E-2	6.637E-3	0.265	0.265	-0.517	-0.635	0.819
2.386	1.289E-2	6.532E-2	6.658E-2	1.258E-2	0.250	0.251	0.705	-0.392	0.807
2.402	1.328E-2	6.952E-2	7.077E-2	3.270E-2	0.254	0.256	0.334	-9.715E-2	0.347
2.419	1.398E-2	7.379E-2	7.510E-2	2.689E-2	0.249	0.250	-0.313	-0.841	0.897
2.436	1.418E-2	7.781E-2	7.909E-2	1.608E-2	0.226	0.226	-0.494	-0.831	0.967
2.452	1.452E-2	8.131E-2	8.260E-2	1.454E-2	0.217	0.217	0.226	-0.541	0.586
2.469	1.467E-2	8.503E-2	8.629E-2	1.984E-2	0.213	0.214	-9.467E-2	3.854E-2	0.102
2.486	1.518E-2	8.842E-2	8.971E-2	1.727E-2	0.213	0.213	-7.462E-2	-0.171	0.186
2.502	1.524E-2	9.213E-2	9.338E-2	1.089E-2	0.213	0.213	-0.102	-0.376	0.390
2.519	1.554E-2	9.552E-2	9.678E-2	1.786E-2	0.197	0.198	0.356	-0.499	0.613
2.536	1.584E-2	9.870E-2	9.996E-2	2.119E-2	0.195	0.196	-0.409	-4.860E-2	0.412
2.553	1.625E-2	0.102	0.103	7.676E-3	0.198	0.198	-5.623E-2	-1.091	1.093
2.569	1.610E-2	0.105	0.107	1.103E-2	0.162	0.163	-9.967E-2	-0.664	0.671
2.586	1.662E-2	0.107	0.109	1.496E-2	0.162	0.162	-3.821E-3	-0.113	0.113
2.603	1.659E-2	0.111	0.112	2.691E-3	0.175	0.175	0.192	0.885	0.905
2.619	1.671E-2	0.113	0.115	2.268E-2	0.178	0.179	0.723	-0.523	0.892
2.636	1.735E-2	0.117	0.118	3.169E-2	0.171	0.174	-0.444	-0.497	0.666
2.653	1.777E-2	0.119	0.120	6.329E-3	0.149	0.149	-1.000	-0.753	1.251
2.669	1.756E-2	0.122	0.123	-6.789E-3	0.152	0.152	-0.271	-0.298	0.403
2.686	1.754E-2	0.124	0.125	1.149E-3	0.139	0.139	0.675	-0.351	0.761
2.703	1.760E-2	0.126	0.127	1.415E-2	0.137	0.138	0.321	-0.306	0.444
2.719	1.801E-2	0.129	0.130	1.580E-2	0.134	0.135	-0.146	0.257	0.295
2.736	1.813E-2	0.131	0.132	5.443E-3	0.139	0.139	-0.472	-0.180	0.505
2.753	1.819E-2	0.133	0.135	1.280E-3	0.137	0.137	-0.199	-0.195	0.279
2.769	1.817E-2	0.135	0.136	-1.723E-3	0.124	0.124	4.644E-2	0.426	0.429
2.786	1.814E-2	0.137	0.139	2.478E-3	0.152	0.152	7.928E-2	-0.387	0.395
2.803	1.825E-2	0.140	0.142	2.849E-3	0.124	0.124	8.996E-2	-0.644	0.650
2.819	1.823E-2	0.142	0.143	3.032E-3	0.108	0.108	-3.992E-2	-0.371	0.373
2.836	1.835E-2	0.144	0.145	3.848E-3	0.130	0.130	0.572	0.506	0.764
2.853	1.836E-2	0.146	0.147	1.798E-2	0.117	0.118	0.443	-0.302	0.536
2.870	1.895E-2	0.148	0.149	2.560E-2	0.121	0.123	-0.195	-0.226	0.299
2.886	1.921E-2	0.150	0.151	7.265E-3	0.113	0.113	-0.656	0.138	0.670
2.903	1.920E-2	0.152	0.153	2.300E-3	0.118	0.118	-0.179	-0.109	0.210
2.920	1.929E-2	0.154	0.155	3.711E-3	0.119	0.119	0.533	1.183	1.298
2.936	1.932E-2	0.156	0.157	1.691E-2	0.144	0.145	1.889E-2	-0.299	0.300
2.953	1.986E-2	0.159	0.160	1.183E-2	0.131	0.132	-0.431	-1.315	1.384
2.970	1.972E-2	0.160	0.161	-5.782E-3	7.813E-2	7.834E-2	-0.519	-1.342	1.439
2.986	1.966E-2	0.161	0.162	-2.039E-3	9.284E-2	9.286E-2	0.249	-5.102E-2	0.254
3.003	1.965E-2	0.163	0.164	2.052E-3	8.339E-2	8.341E-2	0.218	-3.270E-2	0.220
3.020	1.973E-2	0.164	0.165	5.795E-3	8.041E-2	8.062E-2	0.142	0.803	0.816
3.036	1.984E-2	0.166	0.167	6.592E-3	0.117	0.117	-3.461E-4	0.835	0.835
3.053	1.995E-2	0.168	0.169	5.786E-3	0.113	0.113	-0.274	-0.289	0.398
3.070	2.003E-2	0.170	0.171	-1.803E-3	9.828E-2	9.830E-2	-1.038E-2	-0.467	0.467
3.086	1.989E-2	0.171	0.172	2.093E-3	0.102	0.102	-7.161E-2	-4.480E-2	8.447E-2
3.103	2.010E-2	0.173	0.174	1.444E-3	9.616E-2	9.617E-2	2.344E-2	-0.237	0.238
3.120	1.994E-2	0.174	0.176	-2.885E-3	9.304E-2	9.309E-2	9.120E-2	-0.230	0.247
3.136	2.001E-2	0.176	0.177	7.605E-3	9.008E-2	9.040E-2	0.201	-0.136	0.243
3.153	2.019E-2	0.177	0.179	4.744E-3	8.695E-2	8.708E-2	-0.228	0.168	0.284
3.170	2.017E-2	0.179	0.180	-2.239E-3	9.554E-2	9.557E-2	8.576	1.533	8.712
3.187	2.012E-2	0.181	0.182	0.255	0.135	0.289	-4.218	-1.378	4.438
3.203	2.867E-2	0.183	0.186	3.440E-3	7.150E-2	7.158E-2	-8.900	-2.266	9.184
3.220	2.023E-2	0.183	0.184	-0.260	2.112E-2	0.260	-4.330	-0.415	4.350
3.237	2.001E-2	0.184	0.185	4.247E-5	8.238E-2	8.238E-2	9.376	2.430	9.685
3.253	2.023E-2	0.186	0.187	2.095E-2	9.970E-2	0.102	0.301	3.369E-2	0.303
3.270	2.071E-2	0.187	0.189	1.251E-2	8.438E-2	8.530E-2	-0.465	-0.796	0.922
3.287	2.065E-2	0.189	0.190	-5.373E-4	6.779E-2	6.780E-2	-0.132	-0.306	0.334
3.303	2.069E-2	0.190	0.191	1.004E-2	7.582E-2	7.648E-2	0.363	-7.051E-2	0.369
3.320	2.099E-2	0.191	0.192	1.396E-2	6.936E-2	7.075E-2	-5.343E-2	-0.223	0.230
3.337	2.115E-2	0.192	0.193	6.532E-3	6.244E-2	6.278E-2	-0.177	2.383E-2	0.179
3.353	2.120E-2	0.193	0.194	7.021E-3	7.345E-2	7.379E-2	0.107	2.723E-2	0.111
3.370	2.139E-2	0.194	0.196	1.167E-2	6.535E-2	6.638E-2	-4.774E-2	-0.553	0.555
3.387	2.159E-2	0.195	0.197	5.945E-3	5.114E-2	5.148E-2	-0.560	-0.127	0.574
3.403	2.159E-2	0.196	0.197	-7.850E-3	6.069E-2	6.119E-2	3.049E-2	0.397	0.398
3.420	2.133E-2	0.197	0.199	3.119E-3	6.844E-2	6.851E-2	0.232	0.173	0.289
3.437	2.169E-2	0.198	0.200	8.118E-3	6.390E-2	6.441E-2	0.126	-0.546	0.560
3.453	2.160E-2	0.200	0.201	1.083E-4	5.207E-2	5.207E-2	-0.188	-0.220	0.289
3.470	2.169E-2	0.200	0.201	5.328E-3	5.200E-2	5.227E-2	5.756E-3	0.110	0.110
3.487	2.178E-2	0.201	0.202	1.893E-4	6.072E-2	6.072E-2	-0.132	2.977E-2	0.136
3.503	2.170E-2	0.202	0.203	-1.021E-3	5.178E-2	5.179E-2	-1.340E-2	-0.379	0.379
3.520	2.175E-2	0.203	0.204	1.675E-3	4.627E-2	4.630E-2	1.216E-2	-4.232E-2	4.404E-2
3.537	2.176E-2	0.204	0.205	-1.195E-3	5.117E-2	5.119E-2	2.168E-2	0.216	0.218
3.554	2.171E-2	0.205	0.206	1.402E-3	5.441E-2	5.443E-2	-3.394E-2	7.271E-2	8.025E-2
3.570	2.180E-2	0.206	0.207	1.852E-5	5.309E-2	5.309E-2	7.802E-2	-0.312	0.322
3.587	2.171E-2	0.206	0.208	7.833E-4	4.484E-2	4.485E-2	8.987E-2	-7.614E-2	0.118
3.604	2.183E-2	0.207	0.208	5.921E-3	4.720E-2	4.757E-2	0.521	0.270	0.587
3.620	2.190E-2	0.208	0.209	1.529E-2	5.758E-2	5.957E-2	0.306	0.434	0.531
3.637	2.234E-2	0.209	0.210	2.024E-2	6.022E-2	6.353E-2	7.306E-2	-0.487	0.492
3.654	2.258E-2	0.210	0.211	1.450E-2	4.435E-2	4.666E-2	-0.524	-0.674	0.854
3.670	2.282E-2	0.211	0.212	5.001E-3	3.162E-2	3.201E-2	-0.397	-0.783	0.878
3.687	2.275E-2	0.211	0.212	-1.893E-3	2.404E-2	2.412E-2	-0.248	0.230	0.338
3.704	2.276E-2	0.211	0.213	-8.695E-4	3.199E-2	3.200E-2	0.153	0.411	0.438
3.720	2.272E-2	0.212	0.213	1.734E-3	4.635E-2	4.638E-2	-0.304	0.327	0.447
3.737	2.282E-2	0.213	0.214	-7.589E-3	3.841E-2	3.916E-2	-1.455E-2	-0.347	0.347
3.754	2.246E-2	0.213	0.215	-5.500E-3	3.538E-2	3.581E-2	6.963E-2	0.352	0.359
3.770	2.264E-2	0.214	0.215	2.298E-3	4.800E-2	4.806E-2	0.383	0.316	0.497
3.787	2.254E-2	0.215	0.216	1.723E-3	5.161E-2	5.164E-2	0.487	-3.598E-2	0.488
3.804	2.269E-2	0.216	0.217	2.019E-2	4.177E-2	4.639E-2	0.121	-0.314	0.336
3.820	2.322E-2	0.216	0.218	1.081E-2	4.272E-2	4.407E-2	-0.510	-0.227	0.558
3.837	2.305E-2	0.217	0.218	-4.953E-3	3.536E-2	3.571E-2	-0.424	-0.153	0.451
3.854	2.305E-2	0.218	0.219	7.925E-4	3.437E-2	3.438E-2	-0.229	-0.116	0.256
3.871	2.308E-2	0.218	0.220	-1.113E-2	3.538E-2	3.709E-2	4.968E-2	0.362	0.365
3.887	2.268E-2	0.219	0.220	-4.222E-3	4.204E-2	4.225E-2	0.388	9.332E-2	0.399
3.904	2.294E-2	0.220	0.221	1.012E-2	4.432E-2	4.547E-2	3.942E-2	-0.120	0.126
3.921	2.302E-2	0.220	0.222	-5.814E-3	3.347E-2	3.397E-2	-0.399	-0.901	0.985
3.937	2.275E-2	0.221	0.222	-6.757E-3	1.768E-2	1.893E-2	0.431	-0.278	0.513
3.954	2.279E-2	0.221	0.222	1.154E-2	1.780E-2	2.121E-2	0.402	0.505	0.646
3.971	2.313E-2	0.221	0.223	9.367E-3	4.004E-2	4.112E-2	-0.383	0.442	0.585
3.987	2.310E-2	0.222	0.223	-5.121E-3	3.421E-2	3.459E-2	-0.431	-0.330	0.542
4.004	2.296E-2	0.223	0.224	-4.978E-3	2.399E-2	2.450E-2	-0.167	-0.418	0.450
4.021	2.294E-2	0.223	0.224	-8.157E-3	2.332E-2	2.470E-2	0.715	-0.309	0.778
4.037	2.269E-2	0.223	0.225	1.245E-2	1.332E-2	1.824E-2	0.109	3.860E-3	0.109
4.054	2.335E-2	0.223	0.225	8.764E-3	2.009E-2	2.192E-2	-0.273	0.250	0.370
4.071	2.298E-2	0.224	0.225	-1.109E-2	2.735E-2	2.951E-2	-6.533E-2	-0.213	0.222
4.087	2.298E-2	0.224	0.226	1.251E-2	1.079E-2	1.652E-2	0.476	-0.684	0.833
4.104	2.340E-2	0.224	0.226	8.945E-3	2.206E-3	9.213E-3	-0.107	-6.870E-3	0.108
4.121	2.328E-2	0.224	0.226	1.447E-3	1.149E-2	1.158E-2	-0.842	0.440	0.950
4.137	2.345E-2	0.225	0.226	-1.146E-2	1.879E-2	2.201E-2	-0.196	4.675E-2	0.202
4.154	2.290E-2	0.225	0.226	-1.491E-2	1.276E-2	1.963E-2	0.152	-0.399	0.427
4.171	2.295E-2	0.225	0.226	1.890E-3	4.226E-3	4.629E-3	0.622	-0.297	0.689
4.188	2.296E-2	0.225	0.226	2.746E-3	2.743E-3	3.882E-3	0.109	-0.128	0.168
4.204	2.304E-2	0.225	0.226	6.000E-3	1.088E-3	6.098E-3	8.510E-2	9.318E-3	8.561E-2
4.221	2.316E-2	0.225	0.226	5.926E-3	1.584E-3	6.134E-3	-7.691E-2	6.610E-4	7.691E-2
4.238	2.324E-2	0.225	0.227	3.022E-3	2.787E-3	4.111E-3	-0.172	7.130E-3	0.172
4.254	2.326E-2	0.225	0.227	1.830E-4	7.144E-4	7.375E-4	3.543E-2	-0.174	0.177
4.271	2.324E-2	0.225	0.227	3.357E-3	-2.238E-3	4.034E-3	-2.542E-2	-0.124	0.127
4.288	2.338E-2	0.225	0.226	1.727E-3	-4.436E-3	4.760E-3	-0.107	-3.556E-2	0.113
4.304	2.330E-2	0.225	0.226	-2.865E-3	-2.857E-3	4.047E-3	5.538E-2	-0.165	0.174
4.321	2.328E-2	0.225	0.226	4.149E-3	-8.893E-3	9.813E-3	0.164	-7.840E-2	0.182
4.338	2.344E-2	0.225	0.226	4.626E-3	-8.535E-3	9.708E-3	-0.298	-0.375	0.480
4.354	2.343E-2	0.225	0.226	-7.029E-3	-1.629E-2	1.774E-2	0.271	-0.253	0.371
4.371	2.320E-2	0.224	0.226	9.166E-3	-2.337E-2	2.511E-2	0.859	-5.322E-2	0.861
4.388	2.374E-2	0.224	0.225	2.952E-2	-1.394E-2	3.265E-2	0.280	0.339	0.439
4.404	2.419E-2	0.224	0.225	1.604E-2	-1.267E-2	2.045E-2	-0.528	-0.215	0.570
4.421	2.428E-2	0.224	0.225	8.653E-3	-2.039E-2	2.215E-2	-0.370	-0.665	0.761
4.438	2.448E-2	0.223	0.225	7.008E-3	-3.577E-2	3.645E-2	-0.268	0.167	0.316
4.454	2.451E-2	0.223	0.224	-1.764E-3	-1.954E-2	1.962E-2	6.950E-2	0.712	0.716
4.471	2.442E-2	0.223	0.224	7.231E-3	-2.837E-3	7.768E-3	0.376	-0.371	0.528
4.488	2.475E-2	0.222	0.224	1.551E-2	-3.417E-2	3.752E-2	9.074E-2	-0.540	0.548
4.505	2.494E-2	0.221	0.223	7.716E-3	-3.049E-2	3.145E-2	-8.338E-2	0.534	0.541
4.521	2.501E-2	0.221	0.223	1.134E-2	-4.846E-3	1.233E-2	-0.870	-5.672E-2	0.872
4.538	2.532E-2	0.221	0.223	-1.413E-2	-3.304E-2	3.594E-2	-0.122	-0.951	0.959
4.555	2.454E-2	0.220	0.222	-8.509E-3	-4.582E-2	4.660E-2	-0.428	-0.758	0.870
4.571	2.503E-2	0.220	0.221	-7.538E-3	-4.835E-2	4.894E-2	0.644	0.413	0.765
4.588	2.428E-2	0.219	0.220	-8.318E-3	-4.184E-2	4.266E-2	0.687	0.440	0.816
4.605	2.475E-2	0.218	0.220	3.072E-2	-2.416E-2	3.909E-2	0.565	0.326	0.652
4.621	2.531E-2	0.218	0.219	9.493E-3	-3.483E-2	3.611E-2	-0.958	-0.253	0.991
4.638	2.507E-2	0.217	0.219	-9.159E-3	-3.438E-2	3.557E-2	-1.116	-0.313	1.159
4.655	2.500E-2	0.217	0.218	-2.049E-2	-4.090E-2	4.574E-2	0.424	0.238	0.487
4.671	2.439E-2	0.216	0.217	-5.024E-3	-3.374E-2	3.412E-2	0.509	0.233	0.560
4.688	2.484E-2	0.216	0.217	1.036E-2	-2.419E-2	2.632E-2	-0.248	-0.391	0.463
4.705	2.473E-2	0.215	0.216	-2.056E-2	-5.029E-2	5.433E-2	-0.671	-0.729	0.991
4.721	2.415E-2	0.214	0.215	-1.639E-2	-5.341E-2	5.587E-2	0.821	0.375	0.902
4.738	2.419E-2	0.213	0.215	1.265E-2	-3.297E-2	3.532E-2	0.735	0.408	0.841
4.755	2.457E-2	0.213	0.214	1.035E-2	-3.762E-2	3.902E-2	-0.547	-0.409	0.683
4.771	2.453E-2	0.212	0.213	-9.751E-3	-5.111E-2	5.203E-2	-0.449	-9.280E-2	0.459
4.788	2.425E-2	0.211	0.213	-6.393E-3	-4.089E-2	4.138E-2	-5.931E-2	0.240	0.248
4.805	2.432E-2	0.211	0.212	-6.174E-3	-3.842E-2	3.891E-2	-0.179	7.008E-3	0.179
4.821	2.404E-2	0.210	0.211	-1.683E-2	-4.511E-2	4.815E-2	-9.626E-2	-0.492	0.501
4.838	2.376E-2	0.209	0.210	-9.111E-3	-5.171E-2	5.250E-2	0.330	-3.141E-2	0.332
4.855	2.374E-2	0.208	0.209	-3.201E-3	-5.041E-2	5.051E-2	0.133	-0.151	0.201
4.872	2.365E-2	0.207	0.209	-6.265E-3	-5.109E-2	5.147E-2	0.333	0.346	0.480
4.888	2.353E-2	0.206	0.208	6.028E-3	-4.569E-2	4.608E-2	2.033E-2	0.242	0.243
4.905	2.385E-2	0.206	0.207	9.775E-4	-3.596E-2	3.598E-2	-0.695	-0.363	0.784
4.922	2.356E-2	0.205	0.207	-2.343E-2	-5.950E-2	6.394E-2	0.340	-0.253	0.423
4.938	2.307E-2	0.204	0.205	7.862E-3	-5.190E-2	5.249E-2	0.837	0.345	0.905
4.955	2.382E-2	0.203	0.205	1.967E-2	-3.706E-2	4.196E-2	-0.428	0.205	0.475
4.972	2.373E-2	0.203	0.204	-1.742E-2	-5.084E-2	5.374E-2	-0.842	-0.103	0.848
4.988	2.324E-2	0.202	0.203	-1.069E-2	-4.202E-2	4.336E-2	-0.129	-0.152	0.200
5.005	2.337E-2	0.201	0.203	-1.206E-2	-4.892E-2	5.039E-2	-7.257E-2	-0.405	0.411
5.022	2.284E-2	0.200	0.201	-2.263E-2	-6.366E-2	6.756E-2	-0.178	-2.431E-2	0.179
5.038	2.261E-2	0.199	0.200	-1.270E-2	-4.719E-2	4.887E-2	0.376	9.237E-2	0.387
5.055	2.242E-2	0.199	0.200	-1.124E-2	-5.517E-2	5.631E-2	0.978	-0.254	1.011
5.072	2.224E-2	0.197	0.199	1.616E-2	-6.438E-2	6.638E-2	-0.154	-0.265	0.307
5.088	2.295E-2	0.196	0.198	-2.350E-3	-5.774E-2	5.778E-2	-0.621	0.595	0.861
5.105	2.216E-2	0.195	0.197	-2.463E-2	-4.885E-2	5.471E-2	-0.382	3.580E-2	0.384
5.122	2.213E-2	0.195	0.196	-1.991E-3	-5.039E-2	5.043E-2	0.249	-0.464	0.526
5.138	2.209E-2	0.194	0.195	-1.756E-2	-6.946E-2	7.164E-2	-0.105	-0.150	0.183
5.155	2.155E-2	0.192	0.194	-1.265E-2	-5.723E-2	5.861E-2	-0.156	0.515	0.538
5.172	2.167E-2	0.192	0.193	-1.207E-2	-4.583E-2	4.739E-2	0.226	9.426E-2	0.245
5.189	2.114E-2	0.191	0.192	-1.582E-2	-5.736E-2	5.950E-2	0.212	-0.278	0.349
5.205	2.114E-2	0.190	0.191	1.990E-3	-5.682E-2	5.685E-2	0.373	-0.637	0.738
5.222	2.121E-2	0.189	0.190	-3.910E-3	-7.280E-2	7.290E-2	-2.527E-2	0.466	0.467
5.239	2.101E-2	0.187	0.189	-2.724E-3	-5.435E-2	5.442E-2	0.372	0.438	0.575
5.255	2.112E-2	0.187	0.188	1.151E-2	-3.963E-2	4.127E-2	-0.304	0.163	0.345
5.272	2.140E-2	0.186	0.187	-9.062E-3	-6.259E-2	6.324E-2	-1.486	-1.452	2.077
5.289	2.082E-2	0.185	0.186	-4.469E-2	-8.049E-2	9.207E-2	-0.457	-4.479E-2	0.459
5.305	1.991E-2	0.183	0.185	-2.738E-2	-7.438E-2	7.925E-2	1.249	0.474	1.336
5.322	1.990E-2	0.183	0.184	5.423E-3	-5.311E-2	5.338E-2	0.569	0.425	0.710
5.339	2.009E-2	0.182	0.183	-8.007E-3	-6.488E-2	6.537E-2	-0.563	-0.355	0.665
5.355	1.964E-2	0.181	0.182	-2.048E-2	-6.646E-2	6.954E-2	-0.151	5.316E-2	0.160
5.372	1.940E-2	0.179	0.181	-9.180E-3	-6.113E-2	6.182E-2	0.423	6.173E-2	0.427
5.389	1.933E-2	0.178	0.180	-5.728E-3	-6.419E-2	6.444E-2	-3.302E-2	-0.244	0.246
5.405	1.921E-2	0.177	0.178	-1.083E-2	-7.026E-2	7.109E-2	-0.398	0.237	0.463
5.422	1.897E-2	0.176	0.177	-1.920E-2	-5.831E-2	6.139E-2	-0.123	0.656	0.667
5.439	1.857E-2	0.175	0.176	-1.674E-2	-4.410E-2	4.717E-2	-9.914E-2	0.344	0.358
5.455	1.841E-2	0.175	0.176	-1.855E-2	-4.817E-2	5.161E-2	0.201	-1.686	1.698
5.472	1.795E-2	0.174	0.175	-1.532E-2	-9.544E-2	9.666E-2	0.368	-1.245	1.298
5.489	1.790E-2	0.171	0.172	-1.737E-3	-0.106	0.106	0.295	-0.278	0.405
5.505	1.789E-2	0.170	0.171	-5.984E-3	-8.735E-2	8.755E-2	-0.552	1.066	1.201
5.522	1.770E-2	0.169	0.169	-2.071E-2	-8.179E-2	8.437E-2	-0.403	-9.473E-2	0.414
5.539	1.720E-2	0.168	0.168	-2.225E-2	-8.046E-2	8.348E-2	0.112	8.470E-2	0.140
5.556	1.696E-2	0.166	0.167	-1.371E-2	-8.830E-2	8.936E-2	0.404	0.160	0.434
5.572	1.675E-2	0.165	0.165	-9.947E-3	-7.073E-2	7.142E-2	-0.216	0.587	0.625
5.589	1.663E-2	0.164	0.164	-1.867E-2	-6.745E-2	6.999E-2	-0.267	-0.662	0.714
5.606	1.612E-2	0.162	0.163	-2.345E-2	-9.214E-2	9.507E-2	-9.818E-2	-0.327	0.342
5.622	1.584E-2	0.160	0.161	-1.821E-2	-8.726E-2	8.914E-2	0.138	-3.508E-2	0.143
5.639	1.552E-2	0.159	0.160	-2.012E-2	-8.047E-2	8.294E-2	-0.498	-0.137	0.516
5.656	1.517E-2	0.158	0.158	-3.299E-2	-0.101	0.106	-0.454	-5.773E-2	0.458
5.672	1.441E-2	0.156	0.157	-3.956E-2	-8.291E-2	9.186E-2	1.076	0.203	1.095
5.689	1.385E-2	0.155	0.156	1.339E-3	-8.507E-2	8.508E-2	0.707	-1.004E-2	0.707
5.706	1.446E-2	0.153	0.154	-1.365E-3	-9.386E-2	9.387E-2	-0.858	-0.544	1.016
5.722	1.381E-2	0.152	0.152	-4.261E-2	-9.467E-2	0.104	-0.833	-0.110	0.841
5.739	1.304E-2	0.150	0.151	-2.742E-2	-0.104	0.107	0.519	-0.294	0.596
5.756	1.289E-2	0.148	0.149	-1.815E-2	-0.101	0.103	3.302E-2	0.473	0.474
5.772	1.243E-2	0.147	0.147	-3.114E-2	-9.076E-2	9.596E-2	8.319E-2	0.658	0.663
5.789	1.185E-2	0.145	0.146	-1.753E-2	-7.592E-2	7.792E-2	-0.207	-7.733E-2	0.221
5.806	1.185E-2	0.144	0.145	-2.855E-2	-9.161E-2	9.596E-2	-2.487E-2	-0.676	0.676
5.822	1.090E-2	0.142	0.143	-3.239E-2	-0.105	0.110	0.419	-0.240	0.483
5.839	1.077E-2	0.141	0.141	-4.105E-3	-9.600E-2	9.609E-2	-0.351	0.491	0.603
5.856	1.076E-2	0.139	0.140	-4.070E-2	-8.873E-2	9.762E-2	-0.457	-0.111	0.470
5.873	9.408E-3	0.138	0.138	-3.767E-2	-9.745E-2	0.104	0.306	0.111	0.326
5.889	9.506E-3	0.136	0.136	-1.001E-2	-9.164E-2	9.218E-2	0.453	-4.424E-2	0.455
5.906	9.074E-3	0.135	0.135	-3.236E-2	-8.968E-2	9.534E-2	-0.814	6.665E-2	0.817
5.923	8.426E-3	0.133	0.133	-3.705E-2	-9.778E-2	0.105	0.180	-0.438	0.474
5.939	7.838E-3	0.131	0.132	-2.618E-2	-9.844E-2	0.102	1.126	2.831E-2	1.126
5.956	7.552E-3	0.130	0.130	3.474E-4	-0.101	0.101	-0.335	-0.430	0.545
5.973	7.850E-3	0.128	0.128	-2.721E-2	-0.108	0.111	-0.573	7.422E-2	0.578
5.989	6.644E-3	0.126	0.126	-3.891E-2	-0.105	0.112	-4.542E-2	0.481	0.483
6.006	6.551E-3	0.124	0.125	-1.186E-2	-8.642E-2	8.723E-2	0.784	1.580E-2	0.784
6.023	6.248E-3	0.123	0.123	-1.918E-2	-0.103	0.105	-0.631	-0.296	0.697
6.039	5.912E-3	0.121	0.121	-3.078E-2	-0.105	0.110	-0.578	-0.311	0.656
6.056	5.222E-3	0.120	0.120	-4.134E-2	-0.103	0.111	5.744E-2	5.157E-2	7.719E-2
6.073	4.532E-3	0.118	0.118	-2.909E-2	-0.112	0.116	0.425	-3.858E-2	0.426
6.089	4.251E-3	0.116	0.116	-2.283E-2	-0.101	0.103	-0.165	-0.129	0.209
6.106	3.771E-3	0.114	0.114	-3.689E-2	-0.114	0.119	-0.376	5.077E-2	0.379
6.123	3.020E-3	0.112	0.112	-3.784E-2	-0.108	0.114	0.781	0.498	0.926
6.139	2.508E-3	0.111	0.111	-1.052E-2	-8.752E-2	8.815E-2	0.342	-0.258	0.428
6.156	2.669E-3	0.109	0.109	-1.777E-2	-0.117	0.118	-0.325	-0.698	0.769
6.173	1.915E-3	0.107	0.107	-3.371E-2	-0.121	0.126	-0.833	0.345	0.902
6.190	1.544E-3	0.105	0.105	-3.634E-2	-9.562E-2	0.102	0.275	0.738	0.788
6.206	7.025E-4	0.104	0.104	-3.274E-2	-9.760E-2	0.103	0.656	0.186	0.682
6.223	4.519E-4	0.102	0.102	-8.323E-3	-9.296E-2	9.334E-2	0.142	-0.303	0.335
6.240	4.248E-4	0.100	0.100	-2.524E-2	-0.101	0.104	-1.033	-0.281	1.070
6.256	-3.901E-4	9.845E-2	9.845E-2	-5.027E-2	-0.110	0.121	-0.544	-1.059	1.191
6.273	-1.253E-3	9.677E-2	9.677E-2	-4.183E-2	-0.128	0.134	0.792	-5.096E-2	0.793
6.290	-1.786E-3	9.420E-2	9.421E-2	-2.222E-2	-0.125	0.127	0.137	0.146	0.200
6.306	-1.994E-3	9.259E-2	9.261E-2	-3.297E-2	-0.109	0.114	0.138	0.673	0.687
6.323	-2.886E-3	9.056E-2	9.061E-2	-2.843E-2	-0.112	0.115	7.991E-2	-4.057E-3	8.001E-2
6.340	-2.943E-3	8.886E-2	8.891E-2	-1.813E-2	-0.104	0.106	-0.289	-0.239	0.375
6.356	-3.491E-3	8.709E-2	8.716E-2	-4.423E-2	-0.120	0.128	-0.172	-0.245	0.299
6.373	-4.419E-3	8.486E-2	8.498E-2	-2.885E-2	-0.118	0.122	6.878E-2	-6.839E-2	9.700E-2
6.390	-4.453E-3	8.314E-2	8.326E-2	-2.884E-2	-0.114	0.118	-0.150	0.114	0.189
6.406	-5.381E-3	8.105E-2	8.123E-2	-4.660E-2	-0.120	0.129	6.580E-2	-0.554	0.558
6.423	-6.008E-3	7.913E-2	7.935E-2	-2.242E-2	-0.128	0.130	0.918	0.257	0.954
6.440	-6.129E-3	7.679E-2	7.703E-2	-1.220E-2	-0.119	0.120	0.125	0.672	0.683
6.456	-6.415E-3	7.515E-2	7.543E-2	-2.126E-2	-9.769E-2	9.998E-2	-0.564	1.622	1.717
6.473	-6.838E-3	7.353E-2	7.385E-2	-3.070E-2	-7.158E-2	7.788E-2	-0.914	1.224	1.527
6.490	-7.440E-3	7.277E-2	7.314E-2	-5.061E-2	-4.905E-2	7.047E-2	-0.310	1.407	1.441
6.506	-8.527E-3	7.189E-2	7.240E-2	-4.704E-2	-3.214E-2	5.697E-2	0.554	0.671	0.871
6.523	-9.009E-3	7.169E-2	7.226E-2	-2.536E-2	-1.934E-2	3.190E-2	0.426	1.045	1.129
6.540	-9.373E-3	7.125E-2	7.186E-2	-3.284E-2	-5.321E-3	3.326E-2	-6.502E-2	0.121	0.138
6.557	-1.010E-2	7.152E-2	7.223E-2	-3.277E-2	-5.092E-3	3.316E-2	0.214	-0.304	0.371
6.573	-1.047E-2	7.108E-2	7.184E-2	-2.106E-2	-2.478E-2	3.252E-2	0.625	-1.131	1.293
6.590	-1.081E-2	7.069E-2	7.151E-2	-1.419E-2	-3.737E-2	3.998E-2	0.574	-0.938	1.100
6.607	-1.094E-2	6.983E-2	7.068E-2	-1.179E-3	-5.921E-2	5.923E-2	0.558	-0.422	0.700
6.623	-1.085E-2	6.871E-2	6.956E-2	5.489E-3	-5.358E-2	5.386E-2	0.220	9.635E-2	0.240
6.640	-1.076E-2	6.804E-2	6.889E-2	5.186E-3	-4.971E-2	4.998E-2	8.062E-2	0.253	0.266
6.657	-1.067E-2	6.705E-2	6.790E-2	7.747E-3	-5.093E-2	5.152E-2	-0.133	-0.688	0.700
6.673	-1.050E-2	6.634E-2	6.717E-2	2.668E-3	-6.564E-2	6.569E-2	-0.261	0.146	0.299
6.690	-1.058E-2	6.486E-2	6.572E-2	-3.797E-3	-5.816E-2	5.829E-2	0.116	-0.164	0.201
6.707	-1.063E-2	6.440E-2	6.527E-2	6.741E-3	-5.518E-2	5.559E-2	0.318	0.568	0.651
6.723	-1.036E-2	6.302E-2	6.387E-2	1.006E-2	-5.532E-2	5.622E-2	8.720E-2	0.222	0.239
6.740	-1.029E-2	6.256E-2	6.340E-2	6.362E-3	-3.502E-2	3.560E-2	-1.752E-2	0.393	0.394
6.757	-1.015E-2	6.185E-2	6.268E-2	1.063E-2	-4.736E-2	4.853E-2	0.264	-1.052	1.084
6.773	-9.935E-3	6.098E-2	6.178E-2	1.512E-2	-6.837E-2	7.002E-2	-0.279	-0.605	0.666
6.790	-9.643E-3	5.957E-2	6.035E-2	3.676E-3	-7.289E-2	7.298E-2	-0.719	-9.720E-2	0.726
6.807	-9.812E-3	5.854E-2	5.936E-2	-1.278E-2	-6.560E-2	6.683E-2	-5.978E-2	0.275	0.281
6.823	-1.007E-2	5.738E-2	5.826E-2	6.111E-4	-6.683E-2	6.683E-2	0.648	-0.126	0.660
6.840	-9.792E-3	5.631E-2	5.716E-2	1.414E-2	-6.793E-2	6.939E-2	5.805E-2	0.117	0.131
6.857	-9.598E-3	5.512E-2	5.595E-2	1.057E-3	-6.531E-2	6.532E-2	-0.704	0.311	0.769
6.874	-9.757E-3	5.414E-2	5.501E-2	-1.170E-2	-5.565E-2	5.686E-2	-0.117	5.686E-2	0.130
6.890	-9.988E-3	5.326E-2	5.419E-2	-3.442E-3	-6.204E-2	6.213E-2	0.396	1.174E-2	0.396
6.907	-9.872E-3	5.207E-2	5.299E-2	5.075E-3	-6.012E-2	6.033E-2	0.130	-0.259	0.290
6.924	-9.819E-3	5.125E-2	5.219E-2	-5.936E-4	-6.381E-2	6.382E-2	7.353E-4	-0.286	0.286
6.940	-9.891E-3	4.994E-2	5.091E-2	3.219E-3	-7.608E-2	7.615E-2	-0.108	-0.424	0.437
6.957	-9.711E-3	4.872E-2	4.967E-2	3.280E-5	-7.470E-2	7.470E-2	-0.120	0.168	0.207
6.974	-9.890E-3	4.744E-2	4.846E-2	-5.654E-3	-7.196E-2	7.218E-2	-0.107	0.189	0.217
6.990	-9.900E-3	4.632E-2	4.736E-2	-5.713E-4	-6.703E-2	6.703E-2	0.179	0.260	0.316
7.007	-9.909E-3	4.521E-2	4.628E-2	-4.084E-4	-6.406E-2	6.407E-2	-0.194	0.613	0.643
7.024	-9.914E-3	4.418E-2	4.528E-2	-6.151E-3	-4.794E-2	4.834E-2	-0.123	0.129	0.178
7.040	-1.011E-2	4.361E-2	4.476E-2	-6.937E-3	-5.342E-2	5.386E-2	7.121E-2	-0.344	0.351
7.057	-1.015E-2	4.240E-2	4.359E-2	-1.520E-3	-6.760E-2	6.762E-2	1.317E-2	-0.516	0.516
7.074	-1.017E-2	4.135E-2	4.258E-2	-6.396E-3	-6.596E-2	6.627E-2	-9.682E-2	0.276	0.293
7.090	-1.036E-2	4.019E-2	4.151E-2	-6.941E-3	-6.125E-2	6.164E-2	0.361	0.124	0.382
7.107	-1.040E-2	3.931E-2	4.066E-2	6.476E-3	-5.828E-2	5.864E-2	0.159	-0.236	0.284
7.124	-1.014E-2	3.825E-2	3.957E-2	2.081E-3	-7.071E-2	7.074E-2	-2.663E-2	0.160	0.163
7.140	-1.033E-2	3.695E-2	3.836E-2	-8.861E-4	-5.723E-2	5.724E-2	-0.293	0.284	0.408
7.157	-1.017E-2	3.634E-2	3.774E-2	-1.374E-3	-5.206E-2	5.207E-2	-1.157E-2	0.449	0.449
7.174	-1.037E-2	3.521E-2	3.671E-2	-6.569E-3	-5.190E-2	5.232E-2	-1.792E-2	-0.249	0.250
7.191	-1.039E-2	3.461E-2	3.613E-2	8.504E-4	-5.147E-2	5.147E-2	0.136	-0.123	0.183
7.207	-1.035E-2	3.349E-2	3.506E-2	-1.637E-3	-6.315E-2	6.317E-2	-3.424E-2	-7.054E-2	7.842E-2
7.224	-1.045E-2	3.250E-2	3.414E-2	-2.355E-3	-5.172E-2	5.177E-2	-7.712E-2	0.381	0.389
7.241	-1.042E-2	3.177E-2	3.344E-2	-2.042E-3	-4.813E-2	4.817E-2	0.175	2.359E-2	0.176
7.257	-1.051E-2	3.090E-2	3.264E-2	1.060E-3	-5.314E-2	5.315E-2	8.445E-2	-0.165	0.186
7.274	-1.039E-2	3.000E-2	3.174E-2	3.665E-3	-5.335E-2	5.347E-2	0.145	0.233	0.274
7.291	-1.039E-2	2.912E-2	3.091E-2	3.351E-3	-4.606E-2	4.618E-2	-0.249	-0.461	0.524
7.307	-1.028E-2	2.846E-2	3.026E-2	-1.824E-3	-6.344E-2	6.347E-2	-0.350	-0.646	0.735
7.324	-1.045E-2	2.700E-2	2.895E-2	-1.125E-2	-7.695E-2	7.777E-2	-0.152	-0.183	0.238
7.341	-1.065E-2	2.589E-2	2.800E-2	-6.619E-3	-6.350E-2	6.384E-2	4.438E-2	0.691	0.693
7.357	-1.067E-2	2.488E-2	2.707E-2	-7.295E-3	-5.534E-2	5.582E-2	0.520	0.253	0.579
7.374	-1.090E-2	2.404E-2	2.640E-2	5.581E-3	-5.348E-2	5.377E-2	0.216	0.350	0.411
7.391	-1.049E-2	2.310E-2	2.537E-2	8.446E-3	-4.685E-2	4.760E-2	-0.130	-3.777E-2	0.136
7.407	-1.061E-2	2.248E-2	2.486E-2	-6.226E-3	-4.955E-2	4.994E-2	-0.329	-0.299	0.444
7.424	-1.069E-2	2.144E-2	2.396E-2	-4.834E-4	-6.196E-2	6.196E-2	0.138	-0.497	0.515
7.441	-1.063E-2	2.041E-2	2.302E-2	-2.482E-6	-6.387E-2	6.387E-2	-0.139	0.467	0.488
7.457	-1.070E-2	1.931E-2	2.207E-2	-6.517E-3	-4.944E-2	4.987E-2	-7.245E-2	0.421	0.427
7.474	-1.085E-2	1.876E-2	2.167E-2	-3.410E-3	-4.323E-2	4.336E-2	0.343	-0.145	0.373
7.491	-1.081E-2	1.787E-2	2.088E-2	6.357E-3	-5.892E-2	5.926E-2	0.458	-0.296	0.545
7.508	-1.063E-2	1.680E-2	1.988E-2	1.200E-2	-5.446E-2	5.577E-2	-0.255	1.191E-2	0.256
7.524	-1.041E-2	1.605E-2	1.913E-2	-3.100E-4	-5.374E-2	5.374E-2	-0.548	0.173	0.574
7.541	-1.065E-2	1.501E-2	1.840E-2	-1.093E-2	-5.387E-2	5.497E-2	0.128	-2.430E-2	0.130
7.558	-1.077E-2	1.425E-2	1.787E-2	5.049E-3	-5.005E-2	5.030E-2	0.245	-0.245	0.347
7.574	-1.048E-2	1.334E-2	1.696E-2	2.582E-3	-6.352E-2	6.358E-2	-0.205	-0.568	0.604
7.591	-1.069E-2	1.213E-2	1.617E-2	-8.522E-3	-7.089E-2	7.140E-2	-0.294	0.239	0.378
7.608	-1.076E-2	1.097E-2	1.537E-2	-3.959E-3	-5.599E-2	5.613E-2	0.350	0.765	0.841
7.624	-1.082E-2	1.027E-2	1.491E-2	1.950E-3	-4.167E-2	4.171E-2	-0.129	-0.297	0.324
7.641	-1.070E-2	9.580E-3	1.436E-2	-5.033E-3	-6.439E-2	6.459E-2	-8.441E-2	-0.432	0.440
7.658	-1.099E-2	8.118E-3	1.366E-2	-6.711E-3	-6.591E-2	6.625E-2	0.191	0.353	0.401
7.674	-1.092E-2	7.381E-3	1.318E-2	5.903E-3	-4.322E-2	4.362E-2	0.417	0.727	0.838
7.691	-1.079E-2	6.676E-3	1.269E-2	6.426E-3	-4.422E-2	4.469E-2	-0.251	-0.312	0.400
7.708	-1.071E-2	5.905E-3	1.223E-2	-2.111E-3	-5.329E-2	5.333E-2	-0.369	-0.419	0.558
7.724	-1.086E-2	4.898E-3	1.191E-2	-7.923E-3	-6.001E-2	6.053E-2	0.153	-0.679	0.696
7.741	-1.097E-2	3.903E-3	1.164E-2	3.036E-3	-7.292E-2	7.299E-2	0.218	-0.405	0.460
7.758	-1.076E-2	2.464E-3	1.104E-2	3.244E-3	-7.849E-2	7.856E-2	-3.297E-2	0.134	0.138
7.774	-1.086E-2	1.284E-3	1.094E-2	-2.628E-3	-6.515E-2	6.520E-2	-0.163	0.408	0.439
7.791	-1.085E-2	2.906E-4	1.085E-2	2.625E-4	-6.379E-2	6.379E-2	0.128	0.284	0.311
7.808	-1.085E-2	-8.444E-4	1.089E-2	7.864E-4	-5.898E-2	5.899E-2	0.246	0.123	0.275
7.824	-1.082E-2	-1.677E-3	1.095E-2	8.020E-3	-5.568E-2	5.626E-2	7.515E-2	0.557	0.562
7.841	-1.059E-2	-2.702E-3	1.092E-2	6.015E-3	-4.560E-2	4.599E-2	-0.260	1.483	1.505
7.858	-1.062E-2	-3.199E-3	1.109E-2	-3.600E-3	-4.475E-3	5.743E-3	-0.173	1.862	1.870
7.875	-1.071E-2	-2.852E-3	1.108E-2	1.849E-4	2.140E-2	2.140E-2	-7.984E-2	0.872	0.875
7.891	-1.061E-2	-2.485E-3	1.090E-2	-3.268E-3	2.127E-2	2.152E-2	3.667E-3	-0.108	0.108
7.908	-1.081E-2	-2.142E-3	1.102E-2	-4.098E-3	1.788E-2	1.835E-2	0.378	-2.730E-2	0.379
7.925	-1.075E-2	-1.888E-3	1.091E-2	1.176E-2	1.914E-2	2.246E-2	0.571	1.091	1.231
7.941	-1.042E-2	-1.504E-3	1.053E-2	1.652E-2	5.169E-2	5.427E-2	0.335	1.024	1.077
7.958	-1.020E-2	-1.634E-4	1.020E-2	1.996E-2	6.334E-2	6.641E-2	-0.347	0.193	0.397
7.975	-9.756E-3	6.100E-4	9.775E-3	9.669E-3	4.884E-2	4.978E-2	-0.361	-0.809	0.886
7.991	-9.876E-3	1.466E-3	9.985E-3	9.693E-4	4.097E-2	4.098E-2	-0.289	-0.165	0.332
8.008	-9.724E-3	1.977E-3	9.923E-3	5.330E-3	3.885E-2	3.921E-2	0.628	-0.424	0.758
8.025	-9.699E-3	2.762E-3	1.008E-2	1.741E-2	3.270E-2	3.705E-2	-2.442E-2	-0.253	0.255
8.041	-9.143E-3	3.068E-3	9.644E-3	1.256E-2	2.426E-2	2.732E-2	-0.270	-0.352	0.444
8.058	-9.280E-3	3.572E-3	9.943E-3	-8.543E-4	2.539E-2	2.541E-2	-0.219	6.767E-2	0.229
8.075	-9.172E-3	3.915E-3	9.972E-3	9.830E-3	2.383E-2	2.578E-2	0.576	-0.131	0.591
8.091	-8.952E-3	4.367E-3	9.960E-3	1.765E-2	2.319E-2	2.914E-2	0.225	-0.217	0.313
8.108	-8.583E-3	4.689E-3	9.780E-3	1.861E-2	1.554E-2	2.425E-2	-0.387	-0.338	0.514
8.125	-8.330E-3	4.886E-3	9.657E-3	4.614E-3	1.144E-2	1.234E-2	-0.454	-0.409	0.611
8.141	-8.429E-3	5.071E-3	9.837E-3	8.529E-5	3.436E-3	3.437E-3	0.109	-0.430	0.444
8.158	-8.328E-3	5.000E-3	9.714E-3	1.080E-2	-4.952E-3	1.188E-2	0.129	-0.274	0.303
8.175	-8.069E-3	4.905E-3	9.443E-3	6.208E-3	-4.939E-3	7.933E-3	-6.388E-2	6.073E-4	6.388E-2
8.192	-8.121E-3	4.835E-3	9.451E-3	4.276E-3	-4.564E-3	6.254E-3			
8.208	-7.926E-3	4.753E-3	9.242E-3						
