	mass B									
t	x	y	r	vx	vy	v	ax	ay	a	
0.000	-1.291E-3	2.763E-5	1.291E-3						
0.017	-1.247E-3	8.649E-5	1.250E-3	1.795E-3	4.193E-3	4.561E-3			
0.033	-1.231E-3	1.675E-4	1.242E-3	7.645E-4	-1.727E-5	7.647E-4	-6.183E-2	-6.884E-2	9.253E-2
0.050	-1.222E-3	8.592E-5	1.225E-3	-1.223E-4	-2.542E-4	2.821E-4	-2.854E-2	-2.199E-2	3.603E-2
0.067	-1.235E-3	1.590E-4	1.245E-3	-4.001E-4	1.659E-3	1.707E-3	2.912E-2	1.128E-2	3.123E-2
0.083	-1.235E-3	1.413E-4	1.243E-3	9.202E-4	-1.287E-3	1.582E-3	-2.418E-2	-0.149	0.151
0.100	-1.204E-3	1.161E-4	1.210E-3	-6.384E-4	-2.789E-3	2.861E-3	-0.113	-6.618E-3	0.114
0.117	-1.256E-3	4.822E-5	1.257E-3	-3.638E-3	-2.120E-3	4.211E-3	1.288E-2	5.629E-2	5.775E-2
0.133	-1.325E-3	4.537E-5	1.326E-3	-5.151E-4	-1.710E-4	5.428E-4	8.471E-2	5.696E-2	0.102
0.150	-1.273E-3	4.251E-5	1.274E-3	6.494E-4	-4.573E-4	7.943E-4	3.801E-2	1.341E-4	3.801E-2
0.167	-1.304E-3	3.011E-5	1.304E-3	-6.375E-4	-3.100E-4	7.089E-4	-6.299E-2	-1.375E-2	6.447E-2
0.184	-1.295E-3	3.217E-5	1.295E-3	-6.008E-4	-6.421E-4	8.793E-4	4.450E-2	3.418E-2	5.611E-2
0.200	-1.324E-3	8.690E-6	1.324E-3	9.129E-5	3.054E-4	3.188E-4	1.769E-2	1.816E-2	2.535E-2
0.217	-1.292E-3	4.236E-5	1.292E-3	8.320E-4	7.444E-4	1.116E-3	-4.825E-2	7.463E-2	8.887E-2
0.234	-1.296E-3	3.353E-5	1.296E-3	-1.863E-3	1.848E-3	2.624E-3	-4.603E-2	-2.555E-2	5.265E-2
0.250	-1.354E-3	1.040E-4	1.358E-3	-1.314E-3	1.187E-3	1.770E-3	-2.476E-3	-4.911E-2	4.917E-2
0.267	-1.340E-3	7.312E-5	1.342E-3	-8.591E-4	-1.105E-3	1.400E-3	9.652E-2	-9.295E-2	0.134
0.284	-1.383E-3	6.713E-5	1.384E-3	6.551E-4	-1.154E-3	1.327E-3	3.950E-2	4.434E-2	5.938E-2
0.300	-1.318E-3	3.461E-5	1.318E-3	1.901E-3	-2.080E-4	1.912E-3	-4.565E-3	3.877E-2	3.904E-2
0.317	-1.319E-3	6.019E-5	1.320E-3	-4.618E-4	8.484E-4	9.659E-4	-3.991E-2	4.632E-2	6.114E-2
0.334	-1.333E-3	6.292E-5	1.335E-3	5.377E-4	8.020E-4	9.656E-4	4.107E-2	8.290E-3	4.190E-2
0.350	-1.301E-3	8.695E-5	1.304E-3	1.435E-3	1.410E-3	2.011E-3	-3.568E-3	5.307E-2	5.319E-2
0.367	-1.286E-3	1.100E-4	1.290E-3	1.846E-4	2.336E-3	2.343E-3	4.059E-2	-9.517E-2	0.103
0.384	-1.295E-3	1.649E-4	1.305E-3	2.244E-3	-8.903E-4	2.414E-3	-1.267E-2	-0.138	0.138
0.400	-1.211E-3	8.025E-5	1.213E-3	1.220E-3	-3.779E-3	3.971E-3	-0.136	4.361E-2	0.143
0.417	-1.254E-3	3.881E-5	1.255E-3	-3.642E-3	1.031E-3	3.785E-3	-0.111	0.130	0.171
0.434	-1.332E-3	1.146E-4	1.337E-3	-2.539E-3	1.764E-3	3.091E-3	0.157	-4.028E-2	0.162
0.450	-1.339E-3	9.767E-5	1.343E-3	1.997E-3	-1.536E-3	2.520E-3	0.125	-0.172	0.212
0.467	-1.266E-3	6.339E-5	1.267E-3	2.299E-3	-3.509E-3	4.195E-3	-1.254E-2	1.498E-2	1.953E-2
0.484	-1.262E-3	-1.942E-5	1.262E-3	5.797E-4	-1.826E-3	1.916E-3	-0.105	0.161	0.192
0.500	-1.246E-3	2.466E-6	1.246E-3	-5.823E-4	2.754E-3	2.815E-3	-9.421E-3	0.127	0.128
0.517	-1.282E-3	7.247E-5	1.284E-3	-4.685E-4	2.614E-3	2.656E-3	-5.024E-3	-5.858E-2	5.879E-2
0.534	-1.262E-3	8.968E-5	1.265E-3	1.010E-4	2.525E-4	2.719E-4	7.881E-2	-0.299	0.309
0.551	-1.278E-3	8.089E-5	1.281E-3	1.287E-3	-6.510E-3	6.636E-3	-1.195E-2	5.816E-2	5.937E-2
0.567	-1.219E-3	-1.275E-4	1.226E-3	8.906E-4	-1.041E-3	1.370E-3	-6.922E-2	0.318	0.325
0.584	-1.249E-3	4.615E-5	1.249E-3	-2.070E-3	8.486E-3	8.735E-3	-3.064E-2	0.123	0.126
0.601	-1.288E-3	1.556E-4	1.297E-3	-1.477E-4	1.577E-3	1.584E-3	6.815E-2	-0.274	0.283
0.617	-1.254E-3	9.877E-5	1.257E-3	1.024E-3	-2.017E-3	2.262E-3	-6.491E-3	-0.110	0.110
0.634	-1.254E-3	8.833E-5	1.257E-3	-8.563E-4	-9.392E-4	1.271E-3	-7.359E-2	0.118	0.139
0.651	-1.282E-3	6.743E-5	1.284E-3	-1.545E-3	1.279E-3	2.006E-3	4.583E-2	1.108E-2	4.715E-2
0.667	-1.305E-3	1.310E-4	1.312E-3	5.586E-4	6.499E-4	8.570E-4	4.957E-2	2.465E-2	5.536E-2
0.684	-1.263E-3	8.912E-5	1.267E-3	8.773E-4	4.185E-4	9.720E-4	5.187E-3	-0.179	0.179
0.701	-1.276E-3	1.450E-4	1.284E-3	-1.058E-4	-3.107E-3	3.109E-3	3.528E-2	-5.647E-2	6.659E-2
0.717	-1.267E-3	-1.455E-5	1.267E-3	2.232E-3	-4.458E-3	4.985E-3	-2.466E-2	5.130E-2	5.692E-2
0.734	-1.202E-3	-3.769E-6	1.202E-3	1.851E-5	9.427E-4	9.429E-4	-6.714E-2	0.165	0.178
0.751	-1.266E-3	1.690E-5	1.267E-3	-1.680E-3	4.990E-4	1.752E-3	-7.170E-2	5.917E-2	9.296E-2
0.767	-1.258E-3	1.288E-5	1.258E-3	-9.730E-4	2.300E-3	2.498E-3	1.176E-2	-2.523E-2	2.783E-2
0.784	-1.299E-3	9.365E-5	1.302E-3	-2.085E-3	1.033E-3	2.327E-3	3.933E-2	-2.373E-2	4.593E-2
0.801	-1.327E-3	4.735E-5	1.328E-3	3.678E-4	-2.967E-4	4.726E-4	7.661E-2	-4.667E-2	8.971E-2
0.817	-1.287E-3	8.375E-5	1.289E-3	1.186E-3	9.096E-4	1.494E-3	4.618E-2	-0.123	0.132
0.834	-1.288E-3	7.771E-5	1.290E-3	1.091E-3	-4.530E-3	4.660E-3	0.117	-0.150	0.191
0.851	-1.250E-3	-6.740E-5	1.252E-3	5.191E-3	-5.567E-3	7.612E-3	-3.337E-2	3.505E-2	4.840E-2
0.868	-1.114E-3	-1.081E-4	1.120E-3	1.589E-3	-1.941E-3	2.509E-3	-9.607E-2	8.763E-2	0.130
0.884	-1.197E-3	-1.322E-4	1.204E-3	-8.869E-4	-2.761E-3	2.900E-3	-9.180E-2	-0.230	0.247
0.901	-1.144E-3	-2.002E-4	1.161E-3	9.440E-4	-9.301E-3	9.349E-3	-0.205	-0.300	0.363
0.918	-1.166E-3	-4.425E-4	1.247E-3	-7.994E-3	-1.412E-2	1.623E-2	-0.160	-0.334	0.370
0.934	-1.411E-3	-6.713E-4	1.562E-3	-7.088E-3	-1.884E-2	2.013E-2	0.217	-0.142	0.259
0.951	-1.402E-3	-1.071E-3	1.765E-3	2.141E-3	-2.082E-2	2.093E-2	0.279	-0.396	0.485
0.968	-1.339E-3	-1.366E-3	1.913E-3	1.863E-3	-2.884E-2	2.890E-2	-4.124E-2	-0.303	0.306
0.984	-1.340E-3	-2.034E-3	2.435E-3	-1.428E-5	-3.525E-2	3.525E-2	0.163	8.350E-2	0.183
1.001	-1.340E-3	-2.542E-3	2.874E-3	6.646E-3	-2.402E-2	2.493E-2	8.820E-2	0.525	0.533
1.018	-1.118E-3	-2.835E-3	3.048E-3	5.879E-3	-1.667E-2	1.768E-2	-0.248	-0.153	0.291
1.034	-1.144E-3	-3.099E-3	3.303E-3	-4.292E-3	-2.806E-2	2.839E-2	-0.240	-0.173	0.295
1.051	-1.261E-3	-3.771E-3	3.977E-3	-2.503E-3	-2.785E-2	2.796E-2	0.217	0.341	0.404
1.068	-1.227E-3	-4.028E-3	4.211E-3	4.335E-3	-1.188E-2	1.264E-2	0.135	0.617	0.631
1.084	-1.117E-3	-4.168E-3	4.315E-3	2.578E-3	-8.098E-3	8.498E-3	-1.620E-3	0.172	0.172
1.101	-1.141E-3	-4.298E-3	4.447E-3	2.268E-3	-6.702E-3	7.075E-3	-0.111	3.003E-3	0.111
1.118	-1.041E-3	-4.391E-3	4.513E-3	1.202E-3	-7.452E-3	7.549E-3	-0.144	-0.188	0.237
1.134	-1.101E-3	-4.547E-3	4.678E-3	-4.345E-3	-1.314E-2	1.384E-2	-9.001E-2	-0.157	0.181
1.151	-1.186E-3	-4.830E-3	4.973E-3	-1.802E-3	-1.394E-2	1.405E-2	9.374E-2	-0.246	0.263
1.168	-1.161E-3	-5.012E-3	5.144E-3	3.894E-5	-1.880E-2	1.880E-2	0.182	-0.159	0.242
1.185	-1.185E-3	-5.457E-3	5.584E-3	2.793E-3	-2.253E-2	2.270E-2	8.019E-2	9.057E-2	0.121
1.201	-1.068E-3	-5.763E-3	5.862E-3	4.484E-3	-1.408E-2	1.478E-2	-0.127	0.240	0.272
1.218	-1.035E-3	-5.927E-3	6.016E-3	-2.160E-3	-1.336E-2	1.353E-2	-0.114	-0.381	0.397
1.235	-1.140E-3	-6.209E-3	6.313E-3	-9.065E-4	-2.698E-2	2.700E-2	5.974E-2	-0.470	0.474
1.251	-1.065E-3	-6.827E-3	6.909E-3	2.274E-3	-3.211E-2	3.219E-2	-3.888E-2	-6.845E-2	7.872E-2
1.268	-1.064E-3	-7.280E-3	7.358E-3	-3.142E-3	-2.652E-2	2.671E-2	-9.168E-2	0.261	0.276
1.285	-1.170E-3	-7.712E-3	7.800E-3	-2.010E-3	-2.416E-2	2.425E-2	0.247	5.436E-2	0.253
1.301	-1.131E-3	-8.087E-3	8.166E-3	6.243E-3	-2.409E-2	2.489E-2	0.188	-0.180	0.260
1.318	-9.619E-4	-8.516E-3	8.570E-3	5.423E-3	-3.024E-2	3.072E-2	0.245	-5.654E-2	0.251
1.335	-9.503E-4	-9.096E-3	9.145E-3	1.103E-2	-2.801E-2	3.010E-2	0.426	0.331	0.540
1.351	-5.940E-4	-9.450E-3	9.469E-3	2.303E-2	-1.719E-2	2.874E-2	-0.183	0.247	0.307
1.368	-1.817E-4	-9.669E-3	9.671E-3	6.511E-3	-1.878E-2	1.988E-2	-0.157	-0.152	0.218
1.385	-3.768E-4	-1.008E-2	1.008E-2	9.363E-3	-2.446E-2	2.619E-2	-0.110	-0.385	0.400
1.401	1.307E-4	-1.049E-2	1.049E-2	1.383E-2	-3.003E-2	3.306E-2	-4.352E-2	-0.260	0.264
1.418	8.470E-5	-1.108E-2	1.108E-2	-2.010E-4	-3.482E-2	3.482E-2	-0.386	-0.331	0.509
1.435	1.240E-4	-1.165E-2	1.165E-2	3.837E-3	-3.932E-2	3.951E-2	9.840E-2	3.154E-3	9.845E-2
1.451	2.127E-4	-1.239E-2	1.239E-2	3.413E-3	-3.735E-2	3.750E-2	-2.493E-2	0.234	0.236
1.468	2.379E-4	-1.289E-2	1.290E-2	2.156E-3	-2.888E-2	2.896E-2	-8.988E-3	0.452	0.452
1.485	2.847E-4	-1.335E-2	1.336E-2	3.475E-3	-2.353E-2	2.378E-2	2.881E-3	0.181	0.181
1.501	3.538E-4	-1.368E-2	1.368E-2	2.575E-3	-2.156E-2	2.171E-2	0.470	-0.192	0.508
1.518	3.706E-4	-1.407E-2	1.408E-2	1.641E-2	-3.021E-2	3.438E-2	0.450	9.287E-2	0.459
1.535	9.015E-4	-1.469E-2	1.471E-2	2.341E-2	-2.211E-2	3.220E-2	4.734E-2	0.226	0.231
1.552	1.152E-3	-1.481E-2	1.486E-2	1.359E-2	-1.630E-2	2.123E-2	-0.430	0.105	0.442
1.568	1.355E-3	-1.523E-2	1.529E-2	1.016E-2	-2.346E-2	2.557E-2	-0.251	-0.714	0.757
1.585	1.491E-3	-1.559E-2	1.567E-2	5.245E-3	-3.632E-2	3.669E-2	-0.276	-0.310	0.415
1.602	1.530E-3	-1.644E-2	1.651E-2	6.511E-4	-3.977E-2	3.977E-2	-0.180	0.317	0.365
1.618	1.512E-3	-1.692E-2	1.699E-2	-8.485E-4	-2.152E-2	2.153E-2	8.951E-2	0.841	0.846
1.635	1.502E-3	-1.716E-2	1.723E-2	3.367E-3	-1.163E-2	1.210E-2	0.304	0.330	0.448
1.652	1.625E-3	-1.731E-2	1.738E-2	1.002E-2	-1.053E-2	1.454E-2	7.719E-2	-0.231	0.244
1.668	1.836E-3	-1.751E-2	1.761E-2	6.943E-3	-1.919E-2	2.041E-2	-0.214	-0.229	0.313
1.685	1.856E-3	-1.795E-2	1.804E-2	9.215E-4	-2.074E-2	2.076E-2	-7.519E-2	-3.481E-2	8.286E-2
1.702	1.867E-3	-1.820E-2	1.830E-2	4.600E-3	-1.746E-2	1.805E-2	-0.142	0.104	0.176
1.718	2.010E-3	-1.853E-2	1.864E-2	-1.230E-3	-1.882E-2	1.886E-2	-0.114	3.542E-2	0.120
1.735	1.826E-3	-1.883E-2	1.892E-2	-3.636E-3	-1.599E-2	1.640E-2	0.154	0.233	0.279
1.752	1.889E-3	-1.907E-2	1.916E-2	6.955E-3	-1.102E-2	1.303E-2	0.579	-0.123	0.592
1.768	2.058E-3	-1.920E-2	1.931E-2	1.488E-2	-1.809E-2	2.342E-2	0.271	-0.406	0.488
1.785	2.385E-3	-1.967E-2	1.981E-2	1.722E-2	-2.792E-2	3.280E-2	1.232E-2	-0.311	0.311
1.802	2.633E-3	-2.013E-2	2.030E-2	1.404E-2	-2.703E-2	3.046E-2	-0.262	0.583	0.639
1.818	2.854E-3	-2.057E-2	2.077E-2	9.185E-3	-1.059E-2	1.402E-2	-0.377	0.479	0.610
1.835	2.939E-3	-2.048E-2	2.069E-2	1.004E-3	-5.139E-3	5.236E-3	-0.311	3.923E-3	0.311
1.852	2.887E-3	-2.074E-2	2.094E-2	-1.941E-3	-1.566E-2	1.578E-2	-0.139	-0.622	0.637
1.869	2.874E-3	-2.101E-2	2.120E-2	-2.464E-3	-2.337E-2	2.350E-2	4.979E-2	8.042E-2	9.459E-2
1.885	2.805E-3	-2.152E-2	2.170E-2	-1.335E-3	-1.709E-2	1.714E-2	0.253	0.153	0.296
1.902	2.830E-3	-2.158E-2	2.176E-2	6.334E-3	-1.198E-2	1.355E-2	9.073E-2	0.106	0.139
1.919	3.016E-3	-2.192E-2	2.213E-2	3.736E-3	-1.837E-2	1.874E-2	0.273	-0.712	0.762
1.935	2.954E-3	-2.219E-2	2.239E-2	1.058E-2	-3.158E-2	3.331E-2	-4.565E-2	-4.619E-2	6.494E-2
1.952	3.369E-3	-2.298E-2	2.322E-2	9.548E-3	-2.750E-2	2.911E-2	-0.276	0.311	0.416
1.969	3.273E-3	-2.311E-2	2.334E-2	-5.144E-3	-1.268E-2	1.369E-2	-0.508	0.414	0.655
1.985	3.198E-3	-2.340E-2	2.362E-2	-4.980E-3	-1.784E-2	1.852E-2	0.101	-0.418	0.430
2.002	3.107E-3	-2.370E-2	2.390E-2	-2.426E-3	-2.504E-2	2.516E-2	-6.533E-2	-0.428	0.433
2.019	3.117E-3	-2.423E-2	2.443E-2	-5.377E-3	-3.376E-2	3.419E-2	1.837E-2	-0.299	0.299
2.035	2.927E-3	-2.483E-2	2.500E-2	-4.875E-3	-3.468E-2	3.503E-2	0.197	0.289	0.350
2.052	2.954E-3	-2.539E-2	2.556E-2	3.609E-3	-2.486E-2	2.512E-2	3.707E-2	0.397	0.399
2.069	3.048E-3	-2.566E-2	2.584E-2	-2.787E-3	-1.864E-2	1.885E-2	8.002E-3	0.456	0.456
2.085	2.861E-3	-2.601E-2	2.617E-2	-3.612E-4	-1.290E-2	1.290E-2	4.582E-2	6.414E-2	7.883E-2
2.102	3.036E-3	-2.609E-2	2.626E-2	3.967E-3	-1.255E-2	1.316E-2	0.197	-0.126	0.234
2.119	2.993E-3	-2.643E-2	2.660E-2	2.135E-3	-2.062E-2	2.073E-2	-0.163	-0.136	0.212
2.135	3.107E-3	-2.678E-2	2.696E-2	1.548E-3	-1.651E-2	1.658E-2	3.106E-2	-0.306	0.308
2.152	3.045E-3	-2.698E-2	2.715E-2	4.120E-4	-2.751E-2	2.751E-2	-5.112E-2	-0.262	0.267
2.169	3.121E-3	-2.769E-2	2.787E-2	2.117E-3	-3.172E-2	3.179E-2	-8.334E-2	0.251	0.265
2.186	3.116E-3	-2.804E-2	2.821E-2	-3.230E-3	-1.473E-2	1.508E-2	6.306E-3	0.103	0.103
2.202	3.013E-3	-2.819E-2	2.835E-2	8.367E-4	-2.567E-2	2.568E-2	-0.264	-0.204	0.333
2.219	3.144E-3	-2.890E-2	2.907E-2	-7.425E-3	-2.920E-2	3.013E-2	4.216E-2	0.204	0.209
2.236	2.765E-3	-2.916E-2	2.929E-2	-5.561E-3	-1.295E-2	1.409E-2	0.585	3.334E-2	0.586
2.252	2.958E-3	-2.933E-2	2.948E-2	1.821E-2	-2.685E-2	3.245E-2	0.479	-8.221E-4	0.479
2.269	3.373E-3	-3.006E-2	3.024E-2	1.175E-2	-2.130E-2	2.433E-2	-0.495	9.173E-2	0.503
2.286	3.350E-3	-3.004E-2	3.023E-2	-2.791E-3	-1.307E-2	1.337E-2	-0.625	0.353	0.717
2.302	3.280E-3	-3.049E-2	3.067E-2	-7.198E-3	-1.800E-2	1.939E-2	5.206E-2	-0.279	0.284
2.319	3.110E-3	-3.064E-2	3.080E-2	-2.762E-3	-1.670E-2	1.693E-2	0.185	0.427	0.465
2.336	3.188E-3	-3.105E-2	3.121E-2	1.922E-3	-9.413E-3	9.607E-3	-3.485E-2	0.368	0.369
2.352	3.174E-3	-3.096E-2	3.112E-2	-5.146E-3	1.552E-3	5.375E-3	-4.461E-2	-0.138	0.145
2.369	3.016E-3	-3.100E-2	3.114E-2	-1.548E-3	-1.549E-2	1.557E-2	0.162	-0.583	0.605
2.386	3.122E-3	-3.147E-2	3.163E-2	3.563E-3	-2.195E-2	2.224E-2	8.552E-2	-7.420E-2	0.113
2.402	3.135E-3	-3.173E-2	3.188E-2	-4.627E-4	-1.441E-2	1.441E-2	-0.235	0.138	0.272
2.419	3.107E-3	-3.195E-2	3.210E-2	-3.891E-3	-1.741E-2	1.784E-2	-6.348E-2	-0.214	0.223
2.436	3.005E-3	-3.231E-2	3.245E-2	-3.429E-3	-2.267E-2	2.293E-2	8.653E-2	2.226E-2	8.935E-2
2.452	2.993E-3	-3.271E-2	3.285E-2	-2.029E-5	-1.737E-2	1.737E-2	9.715E-2	0.199	0.221
2.469	3.004E-3	-3.289E-2	3.303E-2	-2.327E-4	-1.361E-2	1.361E-2	-4.894E-2	-0.342	0.345
2.486	2.985E-3	-3.316E-2	3.330E-2	-1.916E-3	-2.873E-2	2.879E-2	-0.177	-0.518	0.548
2.502	2.940E-3	-3.385E-2	3.398E-2	-5.783E-3	-3.491E-2	3.539E-2	-3.584E-2	-0.119	0.125
2.519	2.792E-3	-3.433E-2	3.444E-2	-4.521E-3	-2.913E-2	2.948E-2	0.322	0.360	0.483
2.536	2.790E-3	-3.482E-2	3.493E-2	5.813E-3	-2.461E-2	2.529E-2	0.269	0.438	0.514
2.553	2.986E-3	-3.515E-2	3.528E-2	6.321E-3	-1.389E-2	1.526E-2	-0.189	0.515	0.548
2.569	3.000E-3	-3.528E-2	3.541E-2	-2.429E-3	-6.682E-3	7.109E-3	-0.441	7.078E-2	0.446
2.586	2.905E-3	-3.537E-2	3.549E-2	-8.192E-3	-1.112E-2	1.381E-2	3.184E-2	-0.389	0.391
2.603	2.727E-3	-3.566E-2	3.576E-2	-2.729E-3	-2.097E-2	2.115E-2	0.285	-0.376	0.472
2.619	2.814E-3	-3.607E-2	3.618E-2	4.101E-3	-2.410E-2	2.445E-2	0.204	0.152	0.254
2.636	2.864E-3	-3.646E-2	3.657E-2	2.689E-3	-1.610E-2	1.632E-2	-0.132	5.116E-2	0.141
2.653	2.903E-3	-3.661E-2	3.672E-2	9.680E-5	-1.905E-2	1.905E-2	3.648E-2	-0.314	0.316
2.669	2.867E-3	-3.710E-2	3.721E-2	2.618E-3	-3.030E-2	3.041E-2	-0.181	-8.189E-2	0.199
2.686	2.991E-3	-3.762E-2	3.774E-2	-2.792E-3	-2.203E-2	2.221E-2	-8.056E-2	0.266	0.278
2.703	2.774E-3	-3.783E-2	3.793E-2	-4.836E-3	-1.781E-2	1.845E-2	0.148	-0.367	0.396
2.719	2.829E-3	-3.821E-2	3.832E-2	5.613E-3	-3.537E-2	3.581E-2	0.317	-0.309	0.443
2.736	2.961E-3	-3.901E-2	3.912E-2	5.575E-3	-3.299E-2	3.346E-2	-0.154	0.303	0.340
2.753	3.015E-3	-3.932E-2	3.943E-2	-4.062E-5	-1.917E-2	1.917E-2	-0.227	0.347	0.414
2.769	2.960E-3	-3.965E-2	3.976E-2	-2.703E-3	-2.332E-2	2.348E-2	4.826E-2	-0.113	0.123
2.786	2.925E-3	-4.009E-2	4.020E-2	1.681E-3	-2.410E-2	2.416E-2	3.407E-2	2.134E-2	4.021E-2
2.803	3.016E-3	-4.045E-2	4.057E-2	1.713E-4	-2.146E-2	2.146E-2	0.145	0.228	0.270
2.819	2.931E-3	-4.081E-2	4.091E-2	3.271E-3	-1.735E-2	1.766E-2	-4.213E-2	9.442E-2	0.103
2.836	3.125E-3	-4.103E-2	4.115E-2	3.125E-3	-1.673E-2	1.702E-2	-1.337E-2	-0.157	0.157
2.853	3.035E-3	-4.137E-2	4.148E-2	-1.376E-3	-2.359E-2	2.363E-2	-3.178E-2	-0.123	0.127
2.870	3.079E-3	-4.182E-2	4.193E-2	4.204E-3	-2.209E-2	2.249E-2	0.185	0.269	0.326
2.886	3.176E-3	-4.211E-2	4.222E-2	4.811E-3	-1.323E-2	1.407E-2	-3.779E-2	0.133	0.138
2.903	3.240E-3	-4.226E-2	4.239E-2	2.620E-3	-1.630E-2	1.651E-2	-0.169	-0.101	0.197
2.920	3.263E-3	-4.265E-2	4.277E-2	-7.489E-4	-1.963E-2	1.965E-2	6.565E-2	-0.236	0.244
2.936	3.215E-3	-4.292E-2	4.304E-2	3.467E-3	-2.139E-2	2.167E-2	-5.823E-2	-7.670E-2	9.630E-2
2.953	3.379E-3	-4.336E-2	4.349E-2	7.290E-4	-2.454E-2	2.455E-2	-8.513E-2	-0.133	0.158
2.970	3.239E-3	-4.374E-2	4.386E-2	-3.565E-3	-2.418E-2	2.444E-2	0.413	0.200	0.459
2.986	3.260E-3	-4.417E-2	4.429E-2	1.519E-2	-1.960E-2	2.479E-2	0.258	0.295	0.392
3.003	3.746E-3	-4.439E-2	4.455E-2	1.094E-2	-1.236E-2	1.651E-2	-5.029E-2	0.207	0.213
3.020	3.625E-3	-4.458E-2	4.473E-2	4.619E-3	-1.313E-2	1.392E-2	-8.710E-2	0.318	0.329
3.036	3.900E-3	-4.483E-2	4.500E-2	1.434E-2	-3.891E-3	1.486E-2	-1.002E-2	-0.432	0.432
3.053	4.103E-3	-4.471E-2	4.490E-2	3.244E-3	-2.032E-2	2.058E-2	-0.384	-0.586	0.700
3.070	4.008E-3	-4.551E-2	4.568E-2	-1.345E-3	-3.462E-2	3.465E-2	8.618E-2	-8.987E-2	0.125
3.086	4.058E-3	-4.587E-2	4.605E-2	7.930E-3	-1.646E-2	1.827E-2	0.178	0.800	0.820
3.103	4.273E-3	-4.606E-2	4.625E-2	6.309E-3	-8.656E-3	1.071E-2	-0.261	0.336	0.425
3.120	4.269E-3	-4.616E-2	4.635E-2	-2.963E-3	-5.344E-3	6.111E-3	-0.227	6.755E-2	0.237
3.136	4.174E-3	-4.623E-2	4.642E-2	-1.691E-3	-6.334E-3	6.556E-3	0.168	-0.383	0.418
3.153	4.212E-3	-4.637E-2	4.656E-2	3.926E-3	-1.736E-2	1.780E-2	0.128	-0.477	0.494
3.170	4.305E-3	-4.681E-2	4.701E-2	2.848E-3	-2.494E-2	2.510E-2	-0.187	-0.306	0.359
3.187	4.307E-3	-4.720E-2	4.740E-2	-2.884E-3	-2.542E-2	2.558E-2	-1.587E-2	-0.186	0.187
3.203	4.209E-3	-4.766E-2	4.785E-2	8.719E-4	-3.148E-2	3.150E-2	0.111	6.753E-2	0.130
3.220	4.336E-3	-4.825E-2	4.844E-2	3.738E-3	-2.536E-2	2.563E-2	3.702E-2	0.137	0.142
3.237	4.333E-3	-4.851E-2	4.870E-2	-5.454E-6	-2.251E-2	2.251E-2	-7.342E-3	6.816E-2	6.856E-2
3.253	4.336E-3	-4.900E-2	4.919E-2	3.610E-3	-2.692E-2	2.716E-2	-5.448E-2	4.988E-2	7.387E-2
3.270	4.454E-3	-4.941E-2	4.961E-2	1.254E-4	-1.971E-2	1.971E-2	-9.527E-2	0.266	0.282
3.287	4.340E-3	-4.966E-2	4.985E-2	-2.635E-3	-1.690E-2	1.710E-2	0.178	0.177	0.251
3.303	4.366E-3	-4.997E-2	5.016E-2	7.417E-3	-1.539E-2	1.708E-2	0.259	-5.335E-2	0.264
3.320	4.588E-3	-5.017E-2	5.038E-2	7.865E-3	-1.684E-2	1.859E-2	-0.152	-0.197	0.249
3.337	4.628E-3	-5.053E-2	5.074E-2	2.593E-4	-2.348E-2	2.348E-2	-0.215	-0.171	0.274
3.353	4.597E-3	-5.096E-2	5.116E-2	5.153E-4	-2.281E-2	2.282E-2	-0.159	1.488E-2	0.160
3.370	4.646E-3	-5.129E-2	5.150E-2	-3.168E-3	-2.173E-2	2.196E-2	1.219E-4	-0.226	0.226
3.387	4.491E-3	-5.168E-2	5.188E-2	-2.534E-3	-3.019E-2	3.030E-2	9.141E-2	-5.073E-2	0.105
3.403	4.561E-3	-5.230E-2	5.250E-2	2.871E-3	-2.667E-2	2.683E-2	0.102	0.361	0.375
3.420	4.587E-3	-5.257E-2	5.277E-2	-2.323E-4	-1.442E-2	1.442E-2	-0.192	0.369	0.416
3.437	4.553E-3	-5.278E-2	5.298E-2	-3.631E-3	-1.498E-2	1.542E-2	0.194	-0.384	0.430
3.453	4.465E-3	-5.307E-2	5.326E-2	4.624E-3	-2.682E-2	2.722E-2	0.239	-0.380	0.449
3.470	4.708E-3	-5.368E-2	5.388E-2	8.300E-3	-3.080E-2	3.190E-2	-6.886E-2	0.296	0.304
3.487	4.742E-3	-5.410E-2	5.431E-2	-4.909E-4	-1.543E-2	1.543E-2	-0.427	0.725	0.841
3.503	4.691E-3	-5.419E-2	5.439E-2	-5.451E-3	-4.700E-3	7.197E-3	-0.115	0.126	0.171
3.520	4.561E-3	-5.426E-2	5.445E-2	-5.039E-3	-1.133E-2	1.240E-2	0.183	-0.645	0.670
3.537	4.523E-3	-5.457E-2	5.476E-2	1.276E-3	-2.727E-2	2.730E-2	0.128	-0.764	0.774
3.554	4.603E-3	-5.517E-2	5.536E-2	4.624E-4	-3.786E-2	3.786E-2	-0.138	-5.216E-2	0.148
3.570	4.538E-3	-5.583E-2	5.602E-2	-4.932E-3	-2.986E-2	3.026E-2	-9.557E-2	0.611	0.618
3.587	4.439E-3	-5.616E-2	5.634E-2	-2.856E-3	-1.497E-2	1.524E-2	7.289E-2	0.517	0.522
3.604	4.443E-3	-5.633E-2	5.651E-2	-1.238E-3	-1.238E-2	1.244E-2	0.371	2.816E-2	0.372
3.620	4.397E-3	-5.657E-2	5.674E-2	7.206E-3	-1.523E-2	1.685E-2	-1.271E-2	-1.319E-2	1.832E-2
3.637	4.684E-3	-5.684E-2	5.703E-2	3.370E-3	-1.310E-2	1.353E-2	-0.160	-0.372	0.405
3.654	4.510E-3	-5.701E-2	5.719E-2	-4.348E-3	-2.469E-2	2.507E-2	-0.154	-0.128	0.200
3.670	4.539E-3	-5.766E-2	5.784E-2	1.903E-3	-2.402E-2	2.410E-2	0.148	0.135	0.200
3.687	4.573E-3	-5.781E-2	5.799E-2	5.243E-5	-1.323E-2	1.323E-2	7.029E-3	0.298	0.298
3.704	4.540E-3	-5.810E-2	5.828E-2	1.096E-3	-1.745E-2	1.749E-2	-0.163	-0.348	0.384
3.720	4.610E-3	-5.840E-2	5.858E-2	-3.186E-3	-2.336E-2	2.358E-2	-0.238	-0.248	0.344
3.737	4.434E-3	-5.888E-2	5.905E-2	-9.536E-3	-2.768E-2	2.928E-2	4.954E-2	6.791E-2	8.406E-2
3.754	4.292E-3	-5.932E-2	5.947E-2	-1.239E-3	-2.056E-2	2.060E-2	0.525	0.545	0.756
3.770	4.393E-3	-5.957E-2	5.973E-2	9.426E-3	-9.029E-3	1.305E-2	-5.883E-2	0.131	0.143
3.787	4.606E-3	-5.962E-2	5.980E-2	-1.272E-3	-1.372E-2	1.378E-2	-0.344	-0.248	0.424
3.804	4.350E-3	-6.003E-2	6.019E-2	-7.665E-3	-2.164E-2	2.296E-2	-6.493E-2	-0.309	0.315
3.820	4.350E-3	-6.034E-2	6.050E-2	6.695E-4	-2.132E-2	2.133E-2	0.503	0.305	0.588
3.837	4.373E-3	-6.074E-2	6.090E-2	7.354E-3	-1.398E-2	1.580E-2	0.155	-4.150E-2	0.161
3.854	4.596E-3	-6.081E-2	6.098E-2	8.219E-3	-1.761E-2	1.944E-2	-0.225	-0.128	0.259
3.871	4.647E-3	-6.133E-2	6.150E-2	-1.798E-3	-2.444E-2	2.451E-2	-0.255	-0.131	0.287
3.887	4.536E-3	-6.162E-2	6.179E-2	-1.650E-3	-1.812E-2	1.820E-2	7.135E-2	0.189	0.202
3.904	4.592E-3	-6.193E-2	6.210E-2	2.789E-3	-1.907E-2	1.928E-2	3.069E-2	0.205	0.207
3.921	4.629E-3	-6.226E-2	6.243E-2	-1.038E-3	-1.247E-2	1.251E-2	-0.353	-1.826E-2	0.353
3.937	4.557E-3	-6.235E-2	6.251E-2	-9.138E-3	-1.599E-2	1.841E-2	-0.119	-0.251	0.278
3.954	4.324E-3	-6.279E-2	6.294E-2	-6.938E-3	-2.517E-2	2.611E-2	0.209	-0.208	0.294
3.971	4.326E-3	-6.319E-2	6.334E-2	4.776E-4	-2.126E-2	2.127E-2	0.343	0.399	0.526
3.987	4.340E-3	-6.350E-2	6.365E-2	3.251E-3	-1.236E-2	1.278E-2	-4.598E-2	0.423	0.425
4.004	4.434E-3	-6.360E-2	6.375E-2	3.345E-4	-5.645E-3	5.655E-3	0.133	0.117	0.177
4.021	4.351E-3	-6.369E-2	6.384E-2	4.467E-3	-8.852E-3	9.915E-3	-2.568E-2	-0.499	0.500
4.037	4.583E-3	-6.390E-2	6.406E-2	4.308E-3	-2.190E-2	2.232E-2	-4.317E-2	-0.395	0.397
4.054	4.495E-3	-6.442E-2	6.458E-2	-1.596E-3	-2.522E-2	2.527E-2	-0.150	4.327E-2	0.156
4.071	4.530E-3	-6.474E-2	6.490E-2	1.782E-3	-1.746E-2	1.755E-2	0.505	5.915E-2	0.509
4.087	4.554E-3	-6.501E-2	6.516E-2	1.299E-2	-2.279E-2	2.623E-2	-2.589E-2	-0.279	0.280
4.104	4.963E-3	-6.550E-2	6.569E-2	6.793E-3	-2.896E-2	2.974E-2	5.335E-2	0.151	0.160
4.121	4.781E-3	-6.597E-2	6.614E-2	5.683E-3	-1.809E-2	1.897E-2	-1.929E-2	0.500	0.500
4.137	5.153E-3	-6.610E-2	6.630E-2	1.454E-2	-9.223E-3	1.722E-2	0.208	0.395	0.446
4.154	5.266E-3	-6.628E-2	6.649E-2	7.860E-3	-7.283E-3	1.072E-2	-0.287	-0.155	0.326
4.171	5.415E-3	-6.634E-2	6.657E-2	6.699E-3	-1.206E-2	1.380E-2	-0.130	-0.325	0.350
4.188	5.490E-3	-6.668E-2	6.691E-2	2.931E-3	-2.083E-2	2.104E-2	-9.871E-2	-0.579	0.587
4.204	5.513E-3	-6.704E-2	6.727E-2	3.055E-3	-2.928E-2	2.944E-2	-6.584E-2	-2.653E-2	7.098E-2
4.221	5.591E-3	-6.766E-2	6.789E-2	1.832E-3	-2.551E-2	2.558E-2	0.161	5.033E-2	0.168
4.238	5.574E-3	-6.789E-2	6.812E-2	6.311E-3	-2.202E-2	2.291E-2	1.987E-2	0.294	0.294
4.254	5.802E-3	-6.839E-2	6.864E-2	6.087E-3	-2.098E-2	2.184E-2	-0.182	4.152E-2	0.186
4.271	5.777E-3	-6.859E-2	6.883E-2	-2.775E-3	-1.625E-2	1.648E-2	-0.192	0.253	0.318
4.288	5.709E-3	-6.894E-2	6.917E-2	-1.662E-4	-1.579E-2	1.579E-2	-4.235E-2	4.437E-2	6.134E-2
4.304	5.772E-3	-6.912E-2	6.936E-2	-2.062E-3	-1.253E-2	1.269E-2	-6.905E-2	-0.306	0.313
4.321	5.641E-3	-6.935E-2	6.958E-2	-5.079E-3	-2.551E-2	2.601E-2	-3.977E-2	-0.159	0.164
4.338	5.602E-3	-6.997E-2	7.019E-2	-1.835E-3	-2.287E-2	2.294E-2	0.135	-7.018E-2	0.152
4.354	5.579E-3	-7.012E-2	7.034E-2	-9.157E-4	-2.054E-2	2.056E-2	0.174	0.124	0.213
4.371	5.572E-3	-7.065E-2	7.087E-2	3.460E-3	-2.511E-2	2.535E-2	6.143E-2	-0.129	0.143
4.388	5.695E-3	-7.095E-2	7.118E-2	2.840E-3	-2.075E-2	2.094E-2	-6.738E-2	0.318	0.326
4.404	5.666E-3	-7.135E-2	7.157E-2	-7.793E-4	-1.720E-2	1.721E-2	-0.190	0.248	0.313
4.421	5.669E-3	-7.153E-2	7.175E-2	-2.255E-3	-1.034E-2	1.058E-2	-1.040E-4	-0.154	0.154
4.438	5.591E-3	-7.169E-2	7.191E-2	-1.983E-3	-2.141E-2	2.150E-2	7.617E-3	-0.327	0.327
4.454	5.603E-3	-7.224E-2	7.246E-2	-6.962E-4	-2.569E-2	2.570E-2	2.275E-2	-0.225	0.226
4.471	5.568E-3	-7.255E-2	7.276E-2	-2.012E-3	-2.431E-2	2.440E-2	0.113	0.218	0.245
4.488	5.536E-3	-7.305E-2	7.326E-2	2.642E-3	-2.231E-2	2.247E-2	-5.138E-2	7.359E-2	8.975E-2
4.504	5.656E-3	-7.329E-2	7.351E-2	-1.220E-3	-1.819E-2	1.823E-2	-2.808E-3	0.239	0.239
4.521	5.495E-3	-7.366E-2	7.387E-2	-1.663E-3	-1.726E-2	1.734E-2	1.509E-2	0.332	0.332
4.538	5.601E-3	-7.387E-2	7.408E-2	3.222E-3	-6.127E-3	6.923E-3	7.570E-3	-0.236	0.236
4.555	5.602E-3	-7.386E-2	7.408E-2	-3.001E-3	-2.096E-2	2.118E-2	-0.268	-0.585	0.643
4.571	5.501E-3	-7.457E-2	7.477E-2	-6.147E-3	-3.380E-2	3.436E-2	0.273	-0.292	0.400
4.588	5.397E-3	-7.499E-2	7.519E-2	4.953E-3	-2.531E-2	2.579E-2	0.233	0.437	0.495
4.605	5.666E-3	-7.541E-2	7.563E-2	6.234E-3	-2.099E-2	2.190E-2	3.762E-2	0.340	0.342
4.621	5.605E-3	-7.569E-2	7.590E-2	1.120E-3	-1.330E-2	1.334E-2	-0.223	-6.020E-2	0.231
4.638	5.703E-3	-7.586E-2	7.607E-2	2.086E-3	-2.100E-2	2.110E-2	-5.322E-2	-0.212	0.218
4.655	5.675E-3	-7.639E-2	7.660E-2	-2.325E-3	-2.507E-2	2.518E-2	1.052E-4	5.655E-2	5.655E-2
4.671	5.626E-3	-7.669E-2	7.690E-2	1.775E-3	-1.578E-2	1.588E-2	3.984E-2	0.412	0.414
4.688	5.734E-3	-7.692E-2	7.713E-2	1.202E-3	-1.195E-2	1.201E-2	-0.188	3.098E-2	0.191
4.705	5.666E-3	-7.709E-2	7.730E-2	-6.375E-3	-1.405E-2	1.543E-2	2.164E-2	-0.546	0.546
4.721	5.521E-3	-7.739E-2	7.759E-2	6.962E-4	-2.977E-2	2.978E-2	4.523E-2	-0.247	0.251
4.738	5.689E-3	-7.809E-2	7.829E-2	-3.811E-4	-2.724E-2	2.724E-2	-2.602E-2	0.422	0.423
4.755	5.509E-3	-7.830E-2	7.849E-2	-5.276E-3	-1.020E-2	1.149E-2	-0.120	0.294	0.317
4.771	5.513E-3	-7.843E-2	7.862E-2	-1.121E-3	-1.739E-2	1.743E-2	0.189	-0.367	0.412
4.788	5.471E-3	-7.888E-2	7.907E-2	-4.504E-4	-2.577E-2	2.577E-2	0.116	-4.853E-2	0.126
4.805	5.498E-3	-7.929E-2	7.948E-2	3.301E-3	-1.813E-2	1.843E-2	-5.688E-2	0.109	0.123
4.821	5.581E-3	-7.948E-2	7.968E-2	-1.258E-3	-1.946E-2	1.950E-2	-0.114	1.046E-2	0.114
4.838	5.456E-3	-7.993E-2	8.012E-2	-3.154E-3	-2.164E-2	2.186E-2	-9.869E-2	0.902	0.907
4.855	5.476E-3	-8.021E-2	8.039E-2	-1.955E-3	9.591E-3	9.789E-3	0.711	4.794	4.847
4.872	5.391E-3	-7.961E-2	7.980E-2	1.602E-2	0.131	0.132	-0.211	5.275	5.279
4.888	6.011E-3	-7.583E-2	7.606E-2	2.464E-3	0.212	0.212	-0.662	3.425	3.488
4.905	5.473E-3	-7.256E-2	7.276E-2	-2.065E-2	0.223	0.224	-0.520	1.622	1.703
4.922	5.321E-3	-6.837E-2	6.858E-2	-6.923E-3	0.273	0.273	0.471	2.487	2.531
4.938	5.242E-3	-6.346E-2	6.368E-2	-5.835E-3	0.307	0.307	-0.145	2.285	2.289
4.955	5.127E-3	-5.813E-2	5.836E-2	-1.170E-2	0.346	0.346	-7.503E-2	1.605	1.607
4.972	4.852E-3	-5.193E-2	5.215E-2	-1.042E-2	0.367	0.367	-0.179	1.321	1.333
4.988	4.779E-3	-4.589E-2	4.614E-2	-1.390E-2	0.382	0.382	0.177	0.927	0.943
5.005	4.388E-3	-3.919E-2	3.944E-2	-1.002E-2	0.404	0.404	0.513	1.280	1.379
5.022	4.445E-3	-3.242E-2	3.272E-2	7.780E-3	0.420	0.420	0.313	0.772	0.832
5.038	4.647E-3	-2.517E-2	2.560E-2	1.299E-3	0.433	0.433	-0.247	0.289	0.381
5.055	4.488E-3	-1.796E-2	1.851E-2	-4.869E-3	0.428	0.428	8.164E-2	0.362	0.371
5.072	4.485E-3	-1.088E-2	1.177E-2	6.028E-3	0.442	0.442	0.547	0.388	0.670
5.088	4.689E-3	-3.212E-3	5.684E-3	1.420E-2	0.448	0.449	0.388	-0.669	0.773
5.105	4.959E-3	4.080E-3	6.422E-3	1.834E-2	0.417	0.417	0.173	-1.436	1.447
5.122	5.301E-3	1.069E-2	1.193E-2	2.035E-2	0.396	0.397	-0.158	-1.213	1.223
5.138	5.638E-3	1.730E-2	1.820E-2	1.364E-2	0.381	0.382	-0.277	-0.788	0.835
5.155	5.756E-3	2.341E-2	2.411E-2	8.985E-3	0.366	0.366	-0.277	-0.901	0.943
5.172	5.938E-3	2.951E-2	3.010E-2	6.495E-3	0.355	0.355	5.278E-2	-0.198	0.205
5.189	5.973E-3	3.525E-2	3.575E-2	8.333E-3	0.355	0.355	0.194	-0.103	0.220
5.205	6.216E-3	4.134E-2	4.181E-2	1.527E-2	0.357	0.357	0.203	-0.536	0.573
5.222	6.483E-3	4.716E-2	4.760E-2	1.461E-2	0.335	0.335	-0.311	-0.984	1.032
5.239	6.703E-3	5.252E-2	5.294E-2	5.510E-3	0.321	0.321	-0.239	-0.831	0.864
5.255	6.666E-3	5.788E-2	5.827E-2	3.771E-3	0.311	0.311	-0.134	-0.133	0.189
5.272	6.829E-3	6.289E-2	6.326E-2	4.593E-3	0.312	0.312	3.899E-4	-0.168	0.168
5.289	6.820E-3	6.830E-2	6.864E-2	1.206E-3	0.312	0.312	-0.388	-0.571	0.690
5.305	6.869E-3	7.330E-2	7.362E-2	-5.839E-3	0.289	0.289	-5.638E-2	-0.602	0.605
5.322	6.625E-3	7.795E-2	7.823E-2	-4.846E-3	0.289	0.289	-3.003E-2	-0.332	0.333
5.339	6.708E-3	8.294E-2	8.322E-2	-1.814E-3	0.285	0.285	-0.170	-0.491	0.519
5.355	6.564E-3	8.745E-2	8.770E-2	-1.319E-2	0.268	0.268	-0.188	-0.583	0.612
5.372	6.267E-3	9.187E-2	9.208E-2	-9.601E-3	0.266	0.267	0.331	7.174E-2	0.339
5.389	6.244E-3	9.634E-2	9.654E-2	5.811E-4	0.270	0.270	0.456	-0.410	0.613
5.405	6.287E-3	0.101	0.101	4.700E-3	0.256	0.256	7.973E-2	-0.174	0.191
5.422	6.401E-3	0.105	0.105	3.974E-3	0.257	0.257	-0.395	8.468E-2	0.403
5.439	6.419E-3	0.109	0.110	-8.246E-3	0.267	0.267	-0.655	-0.485	0.815
5.455	6.126E-3	0.114	0.114	-1.983E-2	0.239	0.240	-0.514	-1.356	1.450
5.472	5.758E-3	0.117	0.118	-2.437E-2	0.217	0.219	-0.123	-0.415	0.433
5.489	5.312E-3	0.121	0.121	-2.457E-2	0.226	0.228	0.473	0.256	0.538
5.505	4.938E-3	0.125	0.125	-9.494E-3	0.230	0.230	0.722	0.112	0.731
5.522	4.996E-3	0.129	0.129	2.990E-3	0.226	0.226	0.418	-5.980E-2	0.422
5.539	5.038E-3	0.133	0.133	2.473E-3	0.229	0.229	-0.795	-0.404	0.892
5.556	5.078E-3	0.136	0.136	-2.025E-2	0.215	0.215	-0.638	-0.506	0.814
5.572	4.362E-3	0.140	0.140	-2.749E-2	0.207	0.209	-0.157	-0.491	0.516
5.589	4.161E-3	0.143	0.143	-1.712E-2	0.204	0.205	0.632	-0.297	0.698
5.606	3.791E-3	0.146	0.147	-1.156E-2	0.193	0.193	5.312E-2	4.616E-2	7.038E-2
5.622	3.775E-3	0.150	0.150	-1.026E-2	0.205	0.206	-0.283	-0.444	0.526
5.639	3.449E-3	0.153	0.153	-2.447E-2	0.186	0.188	-0.334	-0.530	0.626
5.656	2.959E-3	0.156	0.156	-2.245E-2	0.174	0.176	0.138	-3.022E-2	0.142
5.672	2.699E-3	0.159	0.159	-1.697E-2	0.195	0.196	9.884E-2	0.837	0.842
5.689	2.392E-3	0.162	0.162	-2.028E-2	0.199	0.200	-4.496E-2	-0.301	0.305
5.706	2.023E-3	0.166	0.166	-1.922E-2	0.188	0.189	-0.251	-0.525	0.582
5.722	1.751E-3	0.169	0.169	-2.613E-2	0.177	0.179	8.713E-2	-0.697	0.703
5.739	1.151E-3	0.172	0.172	-2.160E-2	0.169	0.171	9.946E-2	-0.279	0.296
5.756	1.030E-3	0.174	0.174	-1.604E-2	0.163	0.164	-0.226	-5.660E-2	0.233
5.772	6.155E-4	0.177	0.177	-3.261E-2	0.170	0.173	-4.561E-2	-8.604E-2	9.738E-2
5.789	-5.821E-5	0.180	0.180	-2.125E-2	0.161	0.163	0.129	-0.447	0.465
5.806	-9.374E-5	0.183	0.183	-1.929E-2	0.152	0.153	-6.781E-2	-0.337	0.344
5.822	-7.017E-4	0.185	0.185	-3.181E-2	0.152	0.155	-0.182	0.372	0.414
5.839	-1.155E-3	0.188	0.188	-2.229E-2	0.162	0.164	0.258	3.089E-2	0.260
5.856	-1.445E-3	0.190	0.190	-2.183E-2	0.158	0.160	0.310	-0.336	0.457
5.873	-1.884E-3	0.193	0.193	-1.547E-2	0.145	0.146	-0.122	-0.154	0.197
5.889	-1.962E-3	0.195	0.195	-2.000E-2	0.155	0.156	-0.141	-5.098E-2	0.150
5.906	-2.551E-3	0.198	0.198	-2.725E-2	0.148	0.150	3.693E-2	-0.402	0.404
5.923	-2.871E-3	0.200	0.200	-1.488E-2	0.135	0.136	-0.204	-0.465	0.508
5.939	-3.048E-3	0.203	0.203	-3.107E-2	0.135	0.139	-0.303	0.609	0.681
5.956	-3.907E-3	0.205	0.205	-3.397E-2	0.152	0.156	9.395E-2	-0.175	0.198
5.973	-4.181E-3	0.208	0.208	-1.954E-2	0.140	0.141	0.631	-0.669	0.920
5.989	-4.560E-3	0.209	0.209	-1.711E-2	0.117	0.118	3.206E-2	-0.472	0.473
6.006	-4.752E-3	0.212	0.212	-1.582E-2	0.130	0.131	-0.117	0.340	0.360
6.023	-5.087E-3	0.214	0.214	-2.268E-2	0.129	0.131	0.115	0.220	0.248
6.039	-5.509E-3	0.216	0.216	-1.375E-2	0.133	0.134	-9.363E-2	-0.373	0.384
6.056	-5.546E-3	0.218	0.218	-1.966E-2	0.124	0.125	-0.183	-0.354	0.398
6.073	-6.165E-3	0.220	0.220	-2.780E-2	0.113	0.116	-0.431	-0.208	0.479
6.089	-6.474E-3	0.222	0.222	-2.760E-2	0.122	0.125	0.423	0.121	0.440
6.106	-7.086E-3	0.224	0.224	-1.998E-2	0.116	0.118	0.268	-0.494	0.562
6.123	-7.140E-3	0.226	0.226	-1.143E-2	0.105	0.106	-0.340	0.353	0.491
6.139	-7.467E-3	0.228	0.228	-3.399E-2	0.124	0.128	-0.143	0.180	0.230
6.156	-8.274E-3	0.230	0.230	-2.282E-2	0.123	0.125	0.486	-0.282	0.562
6.173	-8.229E-3	0.232	0.232	-7.015E-3	0.103	0.103	-0.141	-0.641	0.656
6.190	-8.509E-3	0.233	0.234	-3.182E-2	0.107	0.111	-0.313	0.443	0.542
6.206	-9.290E-3	0.235	0.235	-2.368E-2	0.115	0.117	0.251	-0.108	0.273
6.223	-9.299E-3	0.237	0.237	-1.292E-2	0.109	0.109	0.228	-0.643	0.683
6.240	-9.721E-3	0.239	0.239	-2.322E-2	8.801E-2	9.102E-2	-0.416	-0.219	0.470
6.256	-1.007E-2	0.240	0.240	-2.401E-2	9.989E-2	0.103	0.400	0.172	0.436
6.273	-1.052E-2	0.242	0.242	-1.298E-2	0.101	0.102	0.212	9.159E-2	0.231
6.290	-1.051E-2	0.244	0.244	-1.086E-2	9.506E-2	9.568E-2	-0.259	0.133	0.291
6.306	-1.088E-2	0.245	0.246	-2.644E-2	0.110	0.113	-0.167	0.255	0.305
6.323	-1.139E-2	0.247	0.248	-1.761E-2	0.105	0.107	0.105	-0.750	0.757
6.340	-1.147E-2	0.249	0.249	-1.707E-2	8.273E-2	8.447E-2	0.302	-0.417	0.515
6.356	-1.196E-2	0.250	0.250	-1.480E-2	8.673E-2	8.798E-2	0.148	0.216	0.262
6.373	-1.197E-2	0.252	0.252	-5.576E-3	9.742E-2	9.758E-2	0.328	0.169	0.369
6.390	-1.214E-2	0.253	0.254	-7.772E-3	8.863E-2	8.897E-2	-0.714	-0.670	0.979
6.406	-1.223E-2	0.255	0.255	-2.497E-2	7.650E-2	8.047E-2	-0.379	-0.750	0.841
6.423	-1.298E-2	0.256	0.256	-2.890E-2	6.203E-2	6.843E-2	0.397	6.629E-2	0.402
6.440	-1.319E-2	0.257	0.257	-5.303E-3	7.590E-2	7.608E-2	0.778	0.575	0.967
6.456	-1.315E-2	0.258	0.259	-2.483E-3	8.828E-2	8.831E-2	-0.427	0.562	0.706
6.473	-1.327E-2	0.260	0.260	-2.007E-2	8.904E-2	9.127E-2	-0.593	3.849E-3	0.593
6.490	-1.382E-2	0.261	0.262	-2.629E-2	9.205E-2	9.573E-2	-0.232	-0.106	0.255
6.506	-1.415E-2	0.263	0.263	-2.346E-2	8.379E-2	8.702E-2	0.518	-0.463	0.695
6.523	-1.461E-2	0.264	0.265	-1.313E-2	7.656E-2	7.768E-2	9.946E-2	-0.310	0.326
6.540	-1.459E-2	0.265	0.266	-1.342E-2	7.310E-2	7.432E-2	0.366	-8.359E-2	0.375
6.557	-1.505E-2	0.267	0.267	-9.729E-3	7.403E-2	7.467E-2	0.179	-0.272	0.326
6.573	-1.491E-2	0.268	0.268	9.489E-4	6.570E-2	6.571E-2	-0.347	-0.182	0.392
6.590	-1.502E-2	0.269	0.269	-2.364E-2	6.400E-2	6.823E-2	-0.657	-5.768E-2	0.660
6.607	-1.570E-2	0.270	0.270	-2.675E-2	6.789E-2	7.297E-2	-0.520	-0.161	0.544
6.623	-1.592E-2	0.271	0.271	-3.186E-2	5.737E-2	6.562E-2	-1.723E-2	-0.296	0.296
6.640	-1.676E-2	0.272	0.272	-3.676E-2	5.593E-2	6.693E-2	0.231	0.288	0.369
6.657	-1.714E-2	0.273	0.273	-1.807E-2	6.837E-2	7.072E-2	1.360	0.468	1.438
6.673	-1.737E-2	0.274	0.275	5.231E-3	7.319E-2	7.338E-2	0.180	-9.994E-2	0.206
6.690	-1.697E-2	0.275	0.276	-3.466E-3	6.425E-2	6.435E-2	-0.377	-0.531	0.652
6.707	-1.748E-2	0.276	0.277	-1.950E-2	5.441E-2	5.780E-2	-0.598	-0.105	0.607
6.723	-1.762E-2	0.277	0.278	-1.523E-2	5.953E-2	6.145E-2	-0.114	-0.183	0.216
6.740	-1.799E-2	0.278	0.279	-2.637E-2	5.327E-2	5.944E-2	-1.943E-2	-0.527	0.527
6.757	-1.850E-2	0.279	0.280	-1.781E-2	3.681E-2	4.089E-2	0.382	-0.708	0.804
6.773	-1.858E-2	0.279	0.280	-8.941E-3	3.171E-2	3.295E-2	0.203	0.689	0.718
6.790	-1.880E-2	0.280	0.281	-1.374E-2	5.525E-2	5.693E-2	-7.898E-2	0.497	0.503
6.807	-1.904E-2	0.281	0.282	-1.179E-2	5.965E-2	6.081E-2	0.146	-0.236	0.278
6.823	-1.919E-2	0.282	0.283	-7.947E-3	3.713E-2	3.797E-2	0.200	-0.449	0.492
6.840	-1.931E-2	0.283	0.283	-5.528E-3	4.652E-2	4.685E-2	-0.287	1.034E-2	0.287
6.857	-1.937E-2	0.284	0.284	-1.551E-2	4.216E-2	4.492E-2	-0.646	-0.348	0.733
6.874	-1.983E-2	0.284	0.285	-3.018E-2	2.946E-2	4.217E-2	-2.826E-2	-0.374	0.375
6.890	-2.038E-2	0.284	0.285	-1.787E-2	3.180E-2	3.648E-2	0.444	0.194	0.485
6.907	-2.042E-2	0.285	0.286	-9.522E-3	3.573E-2	3.698E-2	0.358	-0.104	0.373
6.924	-2.070E-2	0.286	0.286	-1.092E-2	3.012E-2	3.204E-2	-0.689	-0.102	0.697
6.940	-2.079E-2	0.286	0.287	-2.684E-2	2.860E-2	3.922E-2	-0.407	0.227	0.466
6.957	-2.159E-2	0.287	0.287	-3.359E-2	4.014E-2	5.234E-2	0.775	0.313	0.836
6.974	-2.191E-2	0.287	0.288	3.181E-3	4.011E-2	4.024E-2	0.828	0.168	0.845
6.990	-2.149E-2	0.288	0.289	1.571E-3	4.264E-2	4.267E-2	-0.798	-0.775	1.113
7.007	-2.186E-2	0.289	0.290	-3.192E-2	2.114E-2	3.828E-2	-0.810	-0.768	1.116
7.024	-2.255E-2	0.289	0.290	-2.703E-2	5.812E-3	2.765E-2	0.558	-0.549	0.783
7.040	-2.276E-2	0.289	0.290	-8.241E-3	1.185E-2	1.443E-2	-0.162	0.565	0.587
7.057	-2.283E-2	0.289	0.290	-2.975E-2	1.856E-2	3.507E-2	-0.448	3.455E-2	0.449
7.074	-2.375E-2	0.290	0.291	-3.408E-2	1.995E-2	3.949E-2	5.937E-3	-3.563E-2	3.612E-2
7.090	-2.396E-2	0.290	0.291	-1.898E-2	1.112E-2	2.200E-2	0.948	-0.159	0.961
7.107	-2.438E-2	0.290	0.291	-9.442E-3	1.730E-2	1.971E-2	0.410	0.189	0.452
7.124	-2.428E-2	0.290	0.291	8.084E-4	1.775E-2	1.777E-2	0.300	-7.111E-2	0.308
7.140	-2.436E-2	0.291	0.292	-3.377E-3	1.435E-2	1.474E-2	-0.345	-0.107	0.361
7.157	-2.439E-2	0.291	0.292	-8.653E-3	1.380E-2	1.629E-2	-0.473	-0.352	0.590
7.174	-2.465E-2	0.291	0.292	-2.042E-2	4.622E-3	2.094E-2	-0.433	-0.224	0.488
7.191	-2.507E-2	0.291	0.292	-2.394E-2	2.104E-3	2.403E-2	4.755E-2	-3.228E-2	5.747E-2
7.207	-2.544E-2	0.291	0.292	-1.815E-2	7.566E-3	1.966E-2	0.515	0.355	0.625
7.224	-2.568E-2	0.291	0.292	-6.891E-3	1.130E-2	1.324E-2	0.418	-0.304	0.517
7.241	-2.567E-2	0.291	0.293	-2.325E-3	1.718E-3	2.891E-3	9.857E-2	-0.392	0.404
7.257	-2.576E-2	0.291	0.292	-5.351E-3	-7.967E-3	9.597E-3	-0.101	-0.303	0.319
7.274	-2.585E-2	0.291	0.292	-5.441E-3	-4.150E-3	6.843E-3	1.544E-2	0.262	0.262
7.291	-2.594E-2	0.291	0.292	-4.770E-3	-1.394E-3	4.969E-3	-0.346	-3.573E-2	0.348
7.307	-2.601E-2	0.291	0.292	-1.534E-2	-2.750E-3	1.558E-2	-0.673	4.548E-2	0.674
7.324	-2.645E-2	0.291	0.292	-2.990E-2	-3.187E-3	3.007E-2	-0.198	1.083E-2	0.198
7.341	-2.701E-2	0.291	0.292	-2.291E-2	4.687E-4	2.292E-2	0.653	0.114	0.662
7.357	-2.722E-2	0.291	0.292	-5.567E-3	-9.216E-4	5.642E-3	0.464	9.124E-3	0.464
7.374	-2.719E-2	0.291	0.292	-5.974E-3	1.114E-3	6.077E-3	-3.812E-2	-2.258E-2	4.431E-2
7.391	-2.741E-2	0.291	0.292	-1.027E-2	-9.421E-4	1.032E-2	-3.513E-2	-0.392	0.394
7.407	-2.754E-2	0.291	0.292	-5.556E-3	-1.201E-2	1.323E-2	-0.454	-0.199	0.495
7.424	-2.760E-2	0.291	0.292	-2.261E-2	-1.062E-2	2.498E-2	-0.377	0.253	0.453
7.441	-2.829E-2	0.291	0.292	-2.599E-2	-7.193E-5	2.599E-2	-0.799	-4.582E-2	0.800
7.457	-2.847E-2	0.291	0.292	-3.817E-2	-1.125E-2	3.980E-2	0.282	-0.591	0.655
7.474	-2.957E-2	0.290	0.292	-3.159E-2	-2.362E-2	3.944E-2	0.287	8.513E-2	0.299
7.491	-2.952E-2	0.290	0.291	-1.267E-2	-8.651E-3	1.534E-2	0.619	0.503	0.798
7.507	-2.999E-2	0.290	0.292	-2.118E-2	-1.569E-3	2.124E-2	-0.331	2.088E-2	0.332
7.524	-3.023E-2	0.290	0.291	-1.892E-2	-1.187E-2	2.234E-2	0.113	-0.353	0.371
7.541	-3.062E-2	0.290	0.291	-2.017E-2	-1.319E-2	2.410E-2	-6.586E-2	0.227	0.236
7.558	-3.090E-2	0.289	0.291	-1.918E-2	-4.593E-3	1.972E-2	-0.209	-3.182E-2	0.211
7.574	-3.126E-2	0.289	0.291	-2.743E-2	-1.048E-2	2.936E-2	-0.347	-2.111E-3	0.347
7.591	-3.182E-2	0.289	0.291	-3.227E-2	-1.124E-2	3.417E-2	-0.521	-0.208	0.561
7.608	-3.234E-2	0.289	0.291	-4.210E-2	-1.034E-2	4.335E-2	-2.073E-2	6.306E-2	6.638E-2
7.624	-3.322E-2	0.289	0.291	-3.832E-2	-1.515E-2	4.121E-2	0.713	-0.119	0.723
7.641	-3.362E-2	0.289	0.291	-1.394E-2	-1.046E-2	1.743E-2	-8.967E-2	-0.354	0.365
7.658	-3.369E-2	0.288	0.290	-3.609E-2	-2.650E-2	4.477E-2	-0.311	-0.340	0.461
7.674	-3.482E-2	0.288	0.290	-3.895E-2	-2.741E-2	4.763E-2	7.875E-3	0.132	0.132
7.691	-3.499E-2	0.287	0.290	-2.136E-2	-1.609E-2	2.675E-2	0.501	0.364	0.619
7.708	-3.553E-2	0.287	0.289	-3.003E-2	-1.767E-2	3.484E-2	-0.309	-0.234	0.388
7.724	-3.599E-2	0.287	0.289	-2.903E-2	-2.283E-2	3.693E-2	0.361	0.347	0.501
7.741	-3.650E-2	0.286	0.289	-2.036E-2	-1.022E-2	2.278E-2	-0.111	-0.338	0.356
7.758	-3.667E-2	0.287	0.289	-2.708E-2	-2.370E-2	3.598E-2	-0.302	-0.398	0.499
7.774	-3.740E-2	0.286	0.288	-3.772E-2	-3.755E-2	5.323E-2	-0.576	-0.457	0.735
7.791	-3.793E-2	0.285	0.288	-4.065E-2	-2.823E-2	4.949E-2	0.188	0.151	0.241
7.808	-3.876E-2	0.285	0.287	-3.692E-2	-3.727E-2	5.247E-2	0.672	0.149	0.689
7.824	-3.916E-2	0.284	0.287	-1.446E-2	-2.427E-2	2.825E-2	8.367E-2	7.627E-2	0.113
7.841	-3.924E-2	0.284	0.287	-2.981E-2	-2.816E-2	4.100E-2	-0.228	6.809E-2	0.238
7.858	-4.015E-2	0.283	0.286	-3.348E-2	-3.111E-2	4.570E-2	-1.015	-0.630	1.195
7.875	-4.036E-2	0.283	0.286	-4.893E-2	-3.920E-2	6.269E-2	7.736E-2	0.246	0.258
7.891	-4.178E-2	0.282	0.285	-4.945E-2	-3.532E-2	6.077E-2	9.158E-2	-7.339E-2	0.117
7.908	-4.201E-2	0.282	0.285	-2.828E-2	-2.800E-2	3.980E-2	0.769	-0.186	0.792
7.925	-4.273E-2	0.281	0.284	-3.437E-2	-5.044E-2	6.104E-2	-0.168	-0.853	0.869
7.941	-4.316E-2	0.280	0.283	-2.886E-2	-5.444E-2	6.162E-2	0.272	0.222	0.351
7.958	-4.369E-2	0.279	0.282	-2.800E-2	-4.443E-2	5.252E-2	-0.378	0.636	0.739
7.975	-4.409E-2	0.278	0.282	-3.789E-2	-3.042E-2	4.859E-2	-0.201	-9.653E-2	0.223
7.991	-4.496E-2	0.278	0.282	-4.082E-2	-4.571E-2	6.129E-2	0.342	-0.544	0.643
8.008	-4.545E-2	0.277	0.281	-2.241E-2	-5.550E-2	5.985E-2	-0.134	-0.450	0.470
8.025	-4.570E-2	0.276	0.280	-4.100E-2	-5.456E-2	6.825E-2	-0.658	-6.635E-2	0.661
8.041	-4.682E-2	0.275	0.279	-5.464E-2	-6.126E-2	8.209E-2	0.209	-0.107	0.235
8.058	-4.753E-2	0.274	0.278	-2.869E-2	-5.720E-2	6.400E-2	0.805	0.569	0.985
8.075	-4.778E-2	0.273	0.277	-2.437E-2	-4.311E-2	4.952E-2	0.356	0.148	0.386
8.091	-4.834E-2	0.273	0.277	-2.291E-2	-4.739E-2	5.264E-2	-0.650	-0.377	0.751
8.108	-4.854E-2	0.272	0.276	-3.799E-2	-6.175E-2	7.250E-2	-0.504	-0.137	0.523
8.125	-4.961E-2	0.271	0.275	-5.052E-2	-5.093E-2	7.174E-2	-7.950E-2	0.106	0.132
8.141	-5.023E-2	0.270	0.275	-3.369E-2	-5.371E-2	6.340E-2	0.623	0.369	0.724
8.158	-5.073E-2	0.269	0.274	-3.054E-2	-4.650E-2	5.563E-2	-0.436	-9.608E-2	0.447
8.175	-5.125E-2	0.268	0.273	-4.665E-2	-4.656E-2	6.591E-2	-8.592E-2	-0.397	0.406
8.192	-5.229E-2	0.267	0.272	-4.088E-2	-6.807E-2	7.940E-2	-5.798E-2	-5.352E-2	7.891E-2
8.208	-5.261E-2	0.266	0.271	-3.762E-2	-4.889E-2	6.169E-2	-0.337	-6.493E-2	0.344
8.225	-5.354E-2	0.266	0.271	-5.982E-2	-5.961E-2	8.445E-2	2.956E-2	-0.114	0.118
8.242	-5.461E-2	0.264	0.270	-3.877E-2	-6.794E-2	7.823E-2	0.720	-0.297	0.779
8.258	-5.484E-2	0.263	0.269	-2.626E-2	-5.673E-2	6.251E-2	0.199	0.535	0.571
8.275	-5.548E-2	0.262	0.268	-3.926E-2	-5.825E-2	7.025E-2	-0.582	-0.212	0.619
8.292	-5.615E-2	0.261	0.267	-4.347E-2	-5.773E-2	7.227E-2	2.695E-2	-0.153	0.156
8.308	-5.693E-2	0.260	0.266	-4.036E-2	-6.765E-2	7.877E-2	-1.014E-2	-0.306	0.306
8.325	-5.749E-2	0.259	0.265	-4.032E-2	-6.671E-2	7.795E-2	0.243	0.406	0.474
8.342	-5.828E-2	0.258	0.265	-3.667E-2	-5.528E-2	6.634E-2	0.322	0.295	0.436
8.358	-5.872E-2	0.257	0.264	-2.567E-2	-5.290E-2	5.880E-2	-0.349	-0.280	0.448
8.375	-5.914E-2	0.256	0.263	-4.662E-2	-6.748E-2	8.202E-2	-0.648	-1.390E-2	0.648
8.392	-6.027E-2	0.255	0.262	-5.532E-2	-5.658E-2	7.913E-2	0.353	-2.232E-2	0.354
8.408	-6.098E-2	0.254	0.262	-2.994E-2	-5.941E-2	6.653E-2	0.165	0.363	0.399
8.425	-6.127E-2	0.253	0.260	-4.418E-2	-5.613E-2	7.143E-2	-0.500	-0.549	0.742
8.442	-6.246E-2	0.253	0.260	-5.797E-2	-6.365E-2	8.609E-2	0.201	0.204	0.287
8.458	-6.321E-2	0.251	0.259	-3.177E-2	-6.570E-2	7.298E-2	0.448	-0.382	0.589
8.475	-6.352E-2	0.250	0.258	-3.833E-2	-6.028E-2	7.143E-2	-0.490	0.217	0.536
8.492	-6.448E-2	0.249	0.257	-5.590E-2	-7.117E-2	9.050E-2	-0.710	-0.186	0.734
8.508	-6.538E-2	0.248	0.256	-5.801E-2	-5.935E-2	8.299E-2	0.242	-9.323E-2	0.259
8.525	-6.642E-2	0.247	0.256	-5.095E-2	-7.434E-2	9.013E-2	0.740	0.131	0.751
8.542	-6.708E-2	0.245	0.254	-3.078E-2	-6.256E-2	6.972E-2	0.310	0.145	0.342
8.559	-6.745E-2	0.245	0.254	-3.745E-2	-5.718E-2	6.835E-2	-0.311	0.763	0.824
8.575	-6.833E-2	0.244	0.253	-4.764E-2	-5.051E-2	6.944E-2	-0.744	-0.309	0.806
8.592	-6.904E-2	0.243	0.253	-5.648E-2	-5.263E-2	7.719E-2	-0.437	-0.950	1.045
8.609	-7.022E-2	0.242	0.252	-6.750E-2	-9.288E-2	0.115	-5.315E-2	-1.119	1.120
8.625	-7.129E-2	0.240	0.250	-5.643E-2	-9.078E-2	0.107	0.828	0.743	1.113
8.642	-7.210E-2	0.239	0.249	-3.938E-2	-6.463E-2	7.568E-2	0.226	0.715	0.750
8.659	-7.260E-2	0.238	0.249	-4.523E-2	-6.339E-2	7.787E-2	-0.562	-0.149	0.582
8.675	-7.361E-2	0.237	0.248	-6.331E-2	-7.488E-2	9.806E-2	-0.286	5.498E-2	0.291
8.692	-7.472E-2	0.235	0.247	-5.509E-2	-6.162E-2	8.266E-2	0.160	0.262	0.307
8.709	-7.545E-2	0.235	0.246	-5.299E-2	-6.075E-2	8.062E-2	-0.132	-0.514	0.531
8.725	-7.648E-2	0.233	0.246	-6.354E-2	-8.266E-2	0.104	-0.143	-0.538	0.557
8.742	-7.757E-2	0.232	0.245	-5.787E-2	-8.138E-2	9.986E-2	0.414	-0.156	0.443
8.759	-7.841E-2	0.231	0.244	-4.792E-2	-8.166E-2	9.469E-2	0.138	-1.946E-2	0.139
8.775	-7.917E-2	0.229	0.242	-5.241E-2	-8.764E-2	0.102	-0.230	0.196	0.302
8.792	-8.016E-2	0.228	0.241	-5.831E-2	-7.322E-2	9.360E-2	-8.441E-2	1.562E-2	8.584E-2
8.809	-8.111E-2	0.227	0.241	-5.414E-2	-8.268E-2	9.883E-2	0.415	-0.391	0.570
8.825	-8.197E-2	0.225	0.239	-4.483E-2	-9.387E-2	0.104	0.269	-6.341E-2	0.277
8.842	-8.261E-2	0.224	0.238	-4.298E-2	-8.089E-2	9.160E-2	-0.343	0.395	0.524
8.859	-8.340E-2	0.222	0.237	-5.723E-2	-7.948E-2	9.794E-2	-0.106	0.206	0.231
8.876	-8.452E-2	0.221	0.237	-5.082E-2	-7.703E-2	9.228E-2	0.220	-0.119	0.250
8.892	-8.510E-2	0.220	0.236	-4.284E-2	-7.958E-2	9.038E-2	3.799E-2	-0.833	0.833
8.909	-8.595E-2	0.218	0.235	-5.368E-2	-0.106	0.119	-0.786	-0.769	1.099
8.926	-8.689E-2	0.216	0.233	-6.724E-2	-0.111	0.129	-3.064E-2	0.614	0.615
8.942	-8.819E-2	0.215	0.232	-5.990E-2	-8.180E-2	0.101	0.523	0.530	0.745
8.959	-8.889E-2	0.213	0.231	-4.296E-2	-8.697E-2	9.700E-2	0.524	4.011E-3	0.524
8.976	-8.962E-2	0.212	0.230	-4.513E-2	-9.240E-2	0.103	-9.324E-2	-0.591	0.598
8.992	-9.039E-2	0.210	0.229	-4.624E-2	-9.622E-2	0.107	-8.144E-2	0.522	0.528
9.009	-9.117E-2	0.208	0.228	-4.750E-2	-8.708E-2	9.919E-2	-0.198	0.536	0.571
9.026	-9.198E-2	0.207	0.227	-5.264E-2	-6.609E-2	8.449E-2	1.094E-2	-0.392	0.393
9.042	-9.292E-2	0.206	0.226	-4.912E-2	-0.103	0.114	0.406	-0.961	1.043
9.059	-9.362E-2	0.204	0.225	-3.710E-2	-0.108	0.115	0.693	0.202	0.722
9.076	-9.416E-2	0.203	0.223	-2.657E-2	-8.531E-2	8.935E-2	-0.352	0.330	0.483
9.092	-9.450E-2	0.201	0.222	-4.444E-2	-9.851E-2	0.108	-0.820	-0.620	1.028
9.109	-9.564E-2	0.199	0.221	-6.238E-2	-0.110	0.127	-0.389	-0.454	0.598
9.126	-9.659E-2	0.198	0.220	-5.289E-2	-0.111	0.123	0.490	0.283	0.566
9.142	-9.741E-2	0.196	0.219	-4.625E-2	-0.103	0.113	0.461	0.785	0.910
9.159	-9.813E-2	0.194	0.217	-3.795E-2	-8.285E-2	9.113E-2	0.175	0.153	0.233
9.176	-9.867E-2	0.193	0.217	-3.848E-2	-9.359E-2	0.101	-0.289	-0.509	0.586
9.193	-9.941E-2	0.191	0.215	-4.932E-2	-0.108	0.119	-0.855	-0.526	1.003
9.209	-0.100	0.189	0.214	-6.593E-2	-0.106	0.125	0.129	0.267	0.297
9.226	-0.102	0.187	0.213	-5.137E-2	-0.102	0.115	0.400	-0.215	0.454
9.243	-0.102	0.186	0.212	-4.118E-2	-0.108	0.116	0.649	-0.337	0.731
9.259	-0.103	0.184	0.211	-4.042E-2	-0.119	0.126	3.353E-2	0.719	0.720
9.276	-0.103	0.182	0.209	-3.183E-2	-8.599E-2	9.170E-2	0.581	0.496	0.764
9.293	-0.104	0.181	0.209	-2.754E-2	-8.934E-2	9.349E-2	-0.670	-0.617	0.911
9.309	-0.104	0.179	0.207	-4.518E-2	-0.121	0.129	-0.814	-0.407	0.910
9.326	-0.106	0.177	0.206	-6.633E-2	-0.100	0.120	-0.272	1.190E-2	0.273
9.343	-0.107	0.176	0.205	-4.867E-2	-0.111	0.121	0.637	-0.251	0.685
9.359	-0.107	0.173	0.204	-4.337E-2	-0.122	0.130	0.329	0.206	0.388
9.376	-0.108	0.171	0.203	-4.078E-2	-9.598E-2	0.104	1.952E-2	0.671	0.671
9.393	-0.109	0.170	0.202	-3.979E-2	-9.863E-2	0.106	-0.208	-0.370	0.424
9.409	-0.109	0.168	0.201	-4.937E-2	-0.112	0.122	0.254	-0.263	0.366
9.426	-0.110	0.166	0.199	-3.466E-2	-0.108	0.113	7.506E-2	-0.438	0.444
9.443	-0.110	0.165	0.198	-3.755E-2	-0.121	0.127	-0.500	-0.372	0.623
9.459	-0.111	0.162	0.197	-6.033E-2	-0.129	0.142	-0.452	0.240	0.512
9.476	-0.112	0.160	0.196	-5.106E-2	-0.108	0.119	0.559	0.518	0.763
9.493	-0.113	0.159	0.195	-3.905E-2	-0.110	0.117	0.235	-0.425	0.486
9.509	-0.114	0.157	0.194	-4.313E-2	-0.125	0.132	-0.286	-0.527	0.600
9.526	-0.115	0.154	0.192	-5.051E-2	-0.128	0.137	0.364	0.447	0.576
9.543	-0.115	0.152	0.191	-3.310E-2	-0.111	0.116	0.162	0.451	0.479
9.560	-0.116	0.151	0.190	-3.650E-2	-0.108	0.114	-0.676	-0.308	0.743
9.576	-0.117	0.149	0.189	-6.384E-2	-0.125	0.141	-0.517	-1.075	1.193
9.593	-0.118	0.147	0.188	-5.427E-2	-0.142	0.152	0.749	0.284	0.801
9.610	-0.118	0.144	0.187	-3.451E-2	-0.122	0.127	0.626	0.812	1.026
9.626	-0.119	0.143	0.186	-3.358E-2	-0.103	0.109	-0.712	6.580E-2	0.715
9.643	-0.120	0.141	0.185	-5.724E-2	-0.126	0.138	-0.518	-0.924	1.060
9.660	-0.121	0.138	0.184	-5.859E-2	-0.136	0.148	6.896E-2	0.114	0.133
9.676	-0.122	0.136	0.182	-4.602E-2	-0.122	0.131	0.698	-0.253	0.742
9.693	-0.122	0.134	0.182	-4.114E-2	-0.137	0.143	-0.140	-9.532E-2	0.169
9.710	-0.123	0.131	0.180	-4.476E-2	-0.139	0.146	-0.115	0.231	0.258
9.726	-0.124	0.130	0.179	-5.166E-2	-0.117	0.128	-2.474E-2	0.487	0.488
9.743	-0.125	0.128	0.178	-4.176E-2	-0.127	0.133	0.385	-0.464	0.603
9.760	-0.125	0.125	0.177	-3.918E-2	-0.133	0.139	-0.236	-0.556	0.604
9.776	-0.126	0.123	0.176	-4.859E-2	-0.144	0.152	-0.315	0.288	0.427
9.793	-0.127	0.121	0.175	-5.315E-2	-0.129	0.140	-9.615E-2	0.378	0.390
9.810	-0.128	0.119	0.174	-4.891E-2	-0.121	0.131	0.392	0.343	0.521
9.826	-0.129	0.117	0.174	-4.206E-2	-0.127	0.133	-0.255	-0.740	0.782
9.843	-0.129	0.115	0.173	-5.256E-2	-0.138	0.148	-5.855E-2	-0.383	0.388
9.860	-0.130	0.112	0.172	-5.281E-2	-0.148	0.157	0.393	3.818E-2	0.395
9.877	-0.131	0.110	0.171	-3.218E-2	-0.132	0.135	0.432	-2.498E-2	0.433
9.893	-0.131	0.108	0.170	-3.880E-2	-0.146	0.151	-0.235	-0.180	0.297
9.910	-0.132	0.105	0.169	-4.376E-2	-0.147	0.153	-0.476	0.230	0.528
9.927	-0.133	0.103	0.168	-5.046E-2	-0.130	0.139	4.422E-2	0.723	0.724
9.943	-0.134	0.100	0.167	-4.805E-2	-0.127	0.136	9.121E-2	-8.822E-2	0.127
9.960	-0.134	9.841E-2	0.167	-4.102E-2	-0.130	0.136	9.196E-2	-0.345	0.357
9.977	-0.135	9.611E-2	0.166	-4.863E-2	-0.141	0.149	-0.251	-0.247	0.352
9.993	-0.136	9.371E-2	0.165	-4.887E-2	-0.139	0.147	-0.122	-0.265	0.292
10.010	-0.137	9.148E-2	0.165	-5.178E-2	-0.146	0.155	0.179	-0.505	0.535
10.027	-0.138	8.885E-2	0.164	-4.552E-2	-0.160	0.166	0.135	0.153	0.204
10.043	-0.138	8.616E-2	0.163	-4.285E-2	-0.142	0.148	-0.185	1.674	1.685
10.060	-0.139	8.410E-2	0.163	-5.460E-2	-0.101	0.115	-0.125	1.692	1.697
10.077	-0.140	8.278E-2	0.163	-4.871E-2	-8.183E-2	9.523E-2	-0.259	1.192	1.220
10.093	-0.141	8.137E-2	0.163	-5.700E-2	-6.763E-2	8.845E-2	-0.321	0.710	0.780
10.110	-0.142	8.052E-2	0.163	-6.739E-2	-5.277E-2	8.559E-2	-0.203	1.536	1.549
10.127	-0.143	7.961E-2	0.164	-5.883E-2	-2.369E-2	6.342E-2	0.346	1.761	1.795
10.143	-0.144	7.973E-2	0.165	-5.710E-2	1.408E-2	5.881E-2	0.335	0.559	0.652
10.160	-0.145	8.008E-2	0.166	-4.836E-2	-3.912E-3	4.851E-2	0.207	-0.455	0.500
10.177	-0.146	7.960E-2	0.166	-4.737E-2	-1.166E-2	4.878E-2	0.222	-0.827	0.857
10.194	-0.147	7.969E-2	0.167	-4.506E-2	-1.949E-2	4.909E-2	0.546	-1.405	1.507
10.210	-0.147	7.895E-2	0.167	-2.709E-2	-6.517E-2	7.058E-2	1.061	-1.626	1.942
10.227	-0.147	7.752E-2	0.167	-9.427E-3	-7.731E-2	7.788E-2	0.374	-0.758	0.845
10.244	-0.148	7.637E-2	0.166	-1.197E-2	-8.301E-2	8.387E-2	-0.287	0.406	0.497
10.260	-0.148	7.475E-2	0.166	-2.326E-2	-7.260E-2	7.624E-2	0.257	-4.685E-2	0.262
10.277	-0.148	7.395E-2	0.166	-4.635E-3	-7.204E-2	7.219E-2	0.469	0.238	0.526
10.294	-0.148	7.234E-2	0.165	-6.647E-5	-7.771E-2	7.771E-2	-3.556E-2	-0.561	0.562
10.310	-0.148	7.136E-2	0.165	-1.288E-2	-7.920E-2	8.024E-2	-0.781	0.377	0.867
10.327	-0.148	6.970E-2	0.164	-2.205E-2	-7.668E-2	7.979E-2	-9.720E-2	-0.593	0.601
10.344	-0.149	6.880E-2	0.164	-2.111E-2	-8.530E-2	8.788E-2	0.281	1.490E-2	0.282
10.360	-0.149	6.686E-2	0.163	-7.979E-3	-9.178E-2	9.212E-2	7.119E-2	-0.263	0.272
10.377	-0.149	6.573E-2	0.163	-1.832E-2	-8.067E-2	8.272E-2	-0.821	0.544	0.984
10.394	-0.150	6.416E-2	0.163	-3.781E-2	-8.264E-2	9.088E-2	-1.832E-2	0.216	0.216
10.410	-0.151	6.298E-2	0.163	-2.273E-2	-6.861E-2	7.228E-2	0.620	-0.172	0.644
10.427	-0.151	6.187E-2	0.163	-8.294E-3	-8.640E-2	8.679E-2	0.144	-0.301	0.334
10.444	-0.151	6.009E-2	0.162	-2.270E-2	-8.755E-2	9.045E-2	-0.563	-0.381	0.679
10.460	-0.151	5.895E-2	0.162	-2.773E-2	-8.795E-2	9.222E-2	-0.102	0.522	0.532
10.477	-0.152	5.716E-2	0.162	-2.517E-2	-8.207E-2	8.584E-2	0.297	0.415	0.510
10.494	-0.152	5.621E-2	0.162	-1.828E-2	-6.313E-2	6.572E-2	0.380	0.342	0.511
10.510	-0.152	5.505E-2	0.162	-1.142E-2	-7.532E-2	7.618E-2	5.069E-2	-0.356	0.359
10.527	-0.153	5.370E-2	0.162	-1.603E-2	-7.637E-2	7.803E-2	-0.522	-0.275	0.590
10.544	-0.153	5.251E-2	0.162	-2.973E-2	-8.101E-2	8.629E-2	-0.446	0.253	0.513
10.561	-0.154	5.100E-2	0.162	-3.282E-2	-7.361E-2	8.060E-2	0.233	-0.627	0.669
10.577	-0.154	5.005E-2	0.162	-2.070E-2	-9.096E-2	9.328E-2	-0.128	-0.273	0.301
10.594	-0.154	4.796E-2	0.161	-3.273E-2	-9.859E-2	0.104	-0.248	9.742E-2	0.266
10.611	-0.155	4.676E-2	0.162	-3.778E-2	-7.491E-2	8.390E-2	-0.118	0.497	0.510
10.627	-0.155	4.546E-2	0.162	-2.886E-2	-8.546E-2	9.020E-2	0.540	0.340	0.639
10.644	-0.156	4.391E-2	0.162	-2.486E-2	-6.889E-2	7.324E-2	0.550	0.408	0.685
10.661	-0.156	4.317E-2	0.162	-7.932E-3	-6.136E-2	6.187E-2	5.396E-2	-0.274	0.279
10.677	-0.156	4.186E-2	0.162	-1.968E-2	-8.531E-2	8.755E-2	-0.556	-1.022	1.164
10.694	-0.157	4.032E-2	0.162	-3.365E-2	-9.475E-2	0.101	-0.611	3.872E-2	0.612
10.711	-0.157	3.870E-2	0.162	-3.503E-2	-8.535E-2	9.226E-2	0.162	0.605	0.626
10.727	-0.158	3.747E-2	0.163	-3.210E-2	-7.123E-2	7.812E-2	0.386	0.430	0.578
10.744	-0.159	3.632E-2	0.163	-1.911E-2	-7.162E-2	7.412E-2	5.862E-2	-0.254	0.261
10.761	-0.159	3.508E-2	0.163	-2.854E-2	-8.004E-2	8.498E-2	-0.279	-8.861E-2	0.293
10.777	-0.159	3.365E-2	0.163	-3.380E-2	-7.703E-2	8.412E-2	-2.633E-2	8.244E-2	8.654E-2
10.794	-0.160	3.251E-2	0.163	-2.538E-2	-7.330E-2	7.757E-2	0.341	-2.135E-2	0.341
10.811	-0.160	3.121E-2	0.163	-2.357E-2	-8.012E-2	8.352E-2	-0.156	5.932E-2	0.167
10.827	-0.161	2.984E-2	0.163	-2.931E-2	-7.251E-2	7.821E-2	6.878E-2	0.363	0.370
10.844	-0.161	2.879E-2	0.164	-2.506E-2	-6.476E-2	6.944E-2	0.227	0.171	0.285
10.861	-0.162	2.768E-2	0.164	-1.705E-2	-6.838E-2	7.047E-2	-0.311	0.111	0.330
10.878	-0.162	2.651E-2	0.164	-3.576E-2	-6.246E-2	7.197E-2	-0.220	-0.291	0.365
10.894	-0.163	2.559E-2	0.165	-3.122E-2	-7.298E-2	7.938E-2	0.448	-0.326	0.554
10.911	-0.163	2.407E-2	0.165	-1.268E-2	-8.113E-2	8.211E-2	0.123	2.712E-2	0.126
10.928	-0.163	2.289E-2	0.165	-2.836E-2	-6.711E-2	7.286E-2	-0.388	0.168	0.423
10.944	-0.164	2.183E-2	0.165	-3.112E-2	-7.429E-2	8.054E-2	-4.182E-2	9.307E-3	4.284E-2
10.961	-0.164	2.041E-2	0.165	-2.385E-2	-7.236E-2	7.619E-2	4.846E-2	0.254	0.259
10.978	-0.165	1.942E-2	0.166	-3.180E-2	-6.037E-2	6.824E-2	-0.260	0.779	0.821
10.994	-0.165	1.839E-2	0.166	-3.331E-2	-5.012E-2	6.018E-2	7.846E-2	-0.344	0.353
11.011	-0.166	1.774E-2	0.167	-2.839E-2	-6.480E-2	7.075E-2	0.331	-0.157	0.367
11.028	-0.166	1.623E-2	0.167	-2.230E-2	-6.767E-2	7.125E-2	0.214	0.467	0.514
11.044	-0.166	1.549E-2	0.167	-2.045E-2	-3.963E-2	4.460E-2	-0.107	2.258E-2	0.109
11.061	-0.167	1.491E-2	0.168	-2.619E-2	-6.452E-2	6.963E-2	-0.234	-0.500	0.552
11.078	-0.167	1.333E-2	0.168	-2.938E-2	-6.917E-2	7.515E-2	9.050E-3	0.272	0.273
11.094	-0.168	1.260E-2	0.168	-2.543E-2	-4.395E-2	5.078E-2	0.143	0.352	0.380
11.111	-0.168	1.187E-2	0.169	-2.374E-2	-5.889E-2	6.350E-2	4.153E-2	-0.554	0.556
11.128	-0.169	1.064E-2	0.169	-2.484E-2	-6.759E-2	7.201E-2	-0.155	-0.624	0.643
11.144	-0.169	9.611E-3	0.169	-2.818E-2	-7.399E-2	7.917E-2	0.266	0.226	0.349
11.161	-0.170	8.166E-3	0.170	-1.883E-2	-6.731E-2	6.989E-2	0.342	0.216	0.404
11.178	-0.170	7.366E-3	0.170	-1.178E-2	-5.803E-2	5.922E-2	-0.198	0.578	0.611
11.195	-0.170	6.230E-3	0.170	-2.752E-2	-5.546E-2	6.191E-2	-0.331	0.218	0.397
11.211	-0.171	5.515E-3	0.171	-2.642E-2	-4.537E-2	5.250E-2	0.131	0.251	0.283
11.228	-0.171	4.716E-3	0.171	-1.818E-2	-4.940E-2	5.264E-2	-5.036E-2	-0.265	0.270
11.245	-0.171	3.867E-3	0.171	-2.930E-2	-5.387E-2	6.132E-2	-0.434	-0.585	0.728
11.261	-0.172	2.919E-3	0.172	-3.499E-2	-6.794E-2	7.642E-2	0.528	-0.465	0.703
11.278	-0.172	1.600E-3	0.172	-1.258E-2	-7.300E-2	7.408E-2	0.727	0.750	1.045
11.295	-0.172	4.829E-4	0.172	-3.865E-3	-4.301E-2	4.319E-2	1.483E-2	0.234	0.235
11.311	-0.172	1.647E-4	0.172	-1.769E-2	-5.419E-2	5.701E-2	-0.701	0.446	0.831
11.328	-0.173	-1.325E-3	0.173	-2.569E-2	-4.754E-2	5.403E-2	-0.131	1.097	1.105
11.345	-0.173	-1.422E-3	0.173	-2.414E-2	-1.266E-3	2.417E-2	0.214	1.636	1.650
11.361	-0.174	-1.368E-3	0.174	-1.605E-2	2.478E-3	1.624E-2	0.204	0.709	0.738
11.378	-0.174	-1.339E-3	0.174	-1.753E-2	1.905E-2	2.589E-2	-0.566	0.610	0.832
11.395	-0.174	-7.320E-4	0.174	-3.397E-2	2.895E-2	4.463E-2	6.676E-2	-0.263	0.271
11.411	-0.175	-3.730E-4	0.175	-2.242E-2	7.651E-3	2.369E-2	0.135	-1.815	1.820
11.428	-0.175	-4.767E-4	0.175	-1.742E-2	-3.098E-2	3.554E-2	0.409	-0.876	0.967
11.445	-0.176	-1.407E-3	0.176	-2.060E-2	-3.031E-2	3.664E-2	5.493E-2	0.701	0.703
11.461	-0.176	-1.488E-3	0.176	-7.293E-3	2.210E-3	7.620E-3	0.267	1.686	1.707
11.478	-0.176	-1.333E-3	0.176	-1.468E-2	2.245E-2	2.682E-2	-0.258	1.317	1.342
11.495	-0.176	-7.389E-4	0.176	-1.665E-2	4.724E-2	5.009E-2	0.540	0.402	0.674
11.511	-0.176	2.431E-4	0.176	1.929E-3	4.001E-2	4.005E-2	0.401	0.231	0.463
11.528	-0.176	5.960E-4	0.176	3.497E-3	4.457E-2	4.471E-2	0.190	-0.125	0.227
11.545	-0.176	1.730E-3	0.176	-2.014E-4	4.806E-2	4.806E-2	-0.223	2.597E-2	0.225
11.562	-0.176	2.200E-3	0.176	2.802E-3	3.537E-2	3.548E-2	-8.852E-3	-0.432	0.433
11.578	-0.176	2.910E-3	0.176	-4.777E-3	3.905E-2	3.934E-2	-6.956E-2	-7.713E-2	0.104
11.595	-0.176	3.503E-3	0.176	1.299E-3	3.134E-2	3.137E-2	0.201	-0.149	0.250
11.612	-0.176	3.956E-3	0.176	3.592E-3	3.263E-2	3.282E-2	3.187E-2	7.951E-4	3.188E-2
11.628	-0.176	4.591E-3	0.176	8.654E-4	3.409E-2	3.410E-2	-0.184	-0.317	0.366
11.645	-0.176	5.094E-3	0.176	-1.771E-3	2.138E-2	2.146E-2	7.881E-2	-0.825	0.828
11.662	-0.176	5.305E-3	0.176	1.847E-3	5.651E-3	5.945E-3	3.044E-2	-0.359	0.360
11.678	-0.176	5.282E-3	0.176	2.246E-3	7.409E-3	7.742E-3	-0.240	3.691E-2	0.243
11.695	-0.176	5.552E-3	0.176	-8.098E-3	1.111E-2	1.375E-2	-0.233	-0.203	0.309
11.712	-0.176	5.653E-3	0.176	-6.796E-3	-1.052E-3	6.877E-3	0.257	-0.432	0.502
11.728	-0.176	5.517E-3	0.176	2.298E-3	-5.038E-3	5.538E-3	0.243	-0.115	0.269
11.745	-0.176	5.485E-3	0.176	1.943E-3	-2.863E-3	3.460E-3	-6.511E-2	-0.104	0.122
11.762	-0.176	5.421E-3	0.176	-1.434E-3	-8.530E-3	8.649E-3	-0.108	-0.141	0.178
11.778	-0.176	5.200E-3	0.176	-1.075E-3	-9.351E-3	9.412E-3	5.581E-2	-0.162	0.172
11.795	-0.176	5.109E-3	0.176	2.326E-4	-1.131E-2	1.132E-2	5.188E-2	0.159	0.168
11.812	-0.176	4.823E-3	0.176	1.057E-3	-7.634E-3	7.706E-3	0.238	4.007E-2	0.242
11.828	-0.176	4.855E-3	0.176	6.985E-3	-5.369E-3	8.810E-3	-0.231	-0.172	0.288
11.845	-0.176	4.643E-3	0.176	-2.510E-3	-1.630E-2	1.649E-2	-0.124	-0.458	0.474
11.862	-0.176	4.311E-3	0.176	-4.546E-3	-2.056E-2	2.106E-2	8.163E-2	3.023E-3	8.169E-2
11.879	-0.176	3.957E-3	0.176	6.772E-3	-1.652E-2	1.785E-2	0.299	0.278	0.408
11.895	-0.176	3.760E-3	0.176	2.939E-3	-1.011E-2	1.053E-2	-0.159	0.454	0.481
11.912	-0.176	3.620E-3	0.176	1.464E-3	-2.381E-3	2.795E-3	-0.526	-4.460E-2	0.528
11.929	-0.176	3.680E-3	0.176	-1.249E-2	-8.423E-3	1.506E-2	0.328	-0.254	0.415
11.945	-0.177	3.339E-3	0.177	4.117E-3	-1.581E-2	1.634E-2	0.340	0.170	0.380
11.962	-0.176	3.153E-3	0.176	1.264E-2	-1.157E-3	1.269E-2	8.875E-2	0.509	0.516
11.979	-0.176	3.300E-3	0.176	-4.245E-3	4.053E-3	5.870E-3	-0.349	-9.550E-2	0.362
11.995	-0.176	3.288E-3	0.176	4.965E-3	-6.353E-3	8.063E-3	0.198	-0.559	0.593
12.012	-0.176	3.088E-3	0.176	3.616E-3	-1.507E-2	1.550E-2	-6.269E-2	-0.453	0.457
12.029	-0.176	2.785E-3	0.176	3.647E-4	-2.114E-2	2.114E-2	-6.908E-2	-0.295	0.303
12.045	-0.176	2.383E-3	0.176	2.743E-3	-2.517E-2	2.531E-2	-0.169	2.399E-2	0.170
12.062	-0.176	1.945E-3	0.176	-4.509E-3	-2.098E-2	2.146E-2	-2.982E-2	-0.337	0.338
12.079	-0.176	1.683E-3	0.176	-1.799E-3	-3.235E-2	3.240E-2	-3.087E-2	-0.461	0.463
12.095	-0.176	8.656E-4	0.176	-3.835E-4	-4.278E-2	4.278E-2	0.295	-7.021E-2	0.304
12.112	-0.176	2.556E-4	0.176	2.504E-3	-3.129E-2	3.139E-2	-0.296	1.058	1.098
12.129	-0.176	-1.785E-4	0.176	-3.249E-3	-9.259E-3	9.813E-3	5.204E-3	1.024	1.024
12.145	-0.176	-5.335E-5	0.176	-5.983E-3	6.997E-3	9.207E-3	-0.116	0.579	0.590
12.162	-0.176	5.493E-5	0.176	6.372E-4	7.380E-3	7.408E-3	0.470	0.181	0.503
12.179	-0.176	1.929E-4	0.176	3.765E-3	1.272E-2	1.327E-2	-0.113	0.615	0.625
12.196	-0.176	4.794E-4	0.176	2.867E-3	2.755E-2	2.770E-2	-3.993E-2	0.269	0.272
12.212	-0.176	1.112E-3	0.176	-3.375E-3	2.575E-2	2.597E-2	-1.171E-2	-7.236E-2	7.330E-2
12.229	-0.176	1.339E-3	0.176	5.378E-3	1.935E-2	2.008E-2	0.264	-0.308	0.406
12.246	-0.176	1.758E-3	0.176	5.847E-3	1.964E-2	2.049E-2	-7.418E-2	-0.186	0.200
12.262	-0.176	1.994E-3	0.176	1.923E-3	1.119E-2	1.135E-2	-0.260	-0.783	0.825
12.279	-0.176	2.131E-3	0.176	-2.413E-3	-4.705E-3	5.287E-3	2.788E-2	-1.235	1.236
12.296	-0.176	1.837E-3	0.176	1.241E-3	-3.134E-2	3.136E-2	0.301	-0.998	1.043
12.312	-0.176	1.085E-3	0.176	9.712E-3	-4.069E-2	4.184E-2	-0.204	0.226	0.305
12.329	-0.176	4.791E-4	0.176	-3.815E-3	-2.256E-2	2.288E-2	-0.350	0.470	0.586
12.346	-0.176	3.327E-4	0.176	-8.187E-3	-2.007E-2	2.168E-2	9.735E-2	3.365E-2	0.103
12.362	-0.176	-1.906E-4	0.176	4.517E-3	-2.723E-2	2.760E-2	0.312	0.249	0.399
12.379	-0.176	-5.757E-4	0.176	1.778E-3	-1.074E-2	1.089E-2	-0.372	0.998	1.065
12.396	-0.176	-5.490E-4	0.176	-8.569E-3	8.071E-3	1.177E-2	-6.607E-2	0.689	0.692
12.412	-0.176	-3.064E-4	0.176	-3.093E-3	1.261E-2	1.298E-2	0.387	-8.764E-2	0.397
12.429	-0.176	-1.284E-4	0.176	8.412E-3	4.544E-3	9.561E-3	0.226	-0.357	0.422
12.446	-0.176	-1.548E-4	0.176	3.569E-3	-8.844E-4	3.677E-3	0.130	-0.555	0.570
12.462	-0.176	-1.579E-4	0.176	9.705E-3	-1.131E-2	1.490E-2	-0.130	-5.912E-2	0.143
12.479	-0.175	-5.321E-4	0.175	5.339E-3	-8.170E-3	9.760E-3	-0.281	3.885E-2	0.284
12.496	-0.176	-4.306E-4	0.176	-6.254E-3	-3.044E-3	6.956E-3	-0.284	0.338	0.442
12.512	-0.176	-6.337E-4	0.176	-1.014E-3	-2.855E-3	3.030E-3	0.135	0.113	0.176
12.529	-0.176	-5.258E-4	0.176	-1.643E-3	4.925E-3	5.192E-3	-9.582E-2	0.490	0.499
12.546	-0.176	-4.693E-4	0.176	-4.798E-3	1.069E-2	1.171E-2	-3.278E-2	-1.332E-2	3.539E-2
12.563	-0.176	-1.693E-4	0.176	-3.191E-3	8.187E-3	8.787E-3	0.245	-0.181	0.304
12.579	-0.176	-1.962E-4	0.176	3.744E-3	5.050E-4	3.778E-3	0.115	-0.379	0.396
12.596	-0.176	-1.524E-4	0.176	2.229E-3	-1.834E-3	2.886E-3	-5.995E-2	-0.154	0.165
12.613	-0.176	-2.574E-4	0.176	-8.366E-4	-6.220E-3	6.276E-3	-9.630E-2	-4.440E-2	0.106
12.629	-0.176	-3.600E-4	0.176	7.153E-4	-3.094E-3	3.176E-3	6.788E-2	0.217	0.227
12.646	-0.176	-3.606E-4	0.176	6.232E-4	1.642E-3	1.756E-3	-4.107E-2	0.135	0.141
12.663	-0.176	-3.052E-4	0.176	-7.952E-6	1.682E-3	1.682E-3	-5.112E-2	-5.315E-2	7.374E-2
12.679	-0.176	-3.045E-4	0.176	-1.661E-3	-7.310E-4	1.815E-3	-5.679E-2	1.687E-2	5.924E-2
12.696	-0.176	-3.295E-4	0.176	-1.701E-3	1.789E-3	2.469E-3	-3.478E-2	5.564E-2	6.562E-2
12.713	-0.176	-2.448E-4	0.176	-2.661E-3	2.538E-3	3.678E-3	1.496E-2	-5.196E-2	5.407E-2
12.729	-0.176	-2.449E-4	0.176	-1.759E-3	-9.981E-4	2.023E-3	0.141	-9.235E-2	0.168
12.746	-0.176	-2.781E-4	0.176	2.397E-3	-6.557E-4	2.485E-3	7.596E-2	5.026E-2	9.109E-2
12.763	-0.176	-2.667E-4	0.176	1.590E-3	1.138E-3	1.956E-3	8.253E-2	-4.934E-2	9.616E-2
12.779	-0.176	-2.401E-4	0.176	3.271E-3	-1.868E-3	3.767E-3	-0.192	-7.735E-2	0.207
12.796	-0.176	-3.291E-4	0.176	-1.640E-3	-2.851E-3	3.289E-3	-0.175	2.180E-2	0.176
12.813	-0.176	-3.353E-4	0.176	-6.657E-3	8.085E-6	6.657E-3	-1.005E-2	2.610E-2	2.797E-2
12.829	-0.176	-3.288E-4	0.176	3.894E-4	-1.899E-3	1.939E-3	0.325	-0.140	0.354
12.846	-0.176	-3.986E-4	0.176	4.020E-3	-5.235E-3	6.600E-3	-3.674E-3	3.411E-2	3.431E-2
12.863	-0.176	-5.035E-4	0.176	8.968E-4	-1.428E-3	1.686E-3	-0.228	0.279	0.360
12.880	-0.176	-4.463E-4	0.176	-4.806E-3	5.351E-3	7.192E-3	-8.025E-2	0.116	0.141
12.896	-0.176	-3.249E-4	0.176	-2.122E-3	2.923E-3	3.612E-3	0.176	-0.230	0.290
12.913	-0.176	-3.487E-4	0.176	2.353E-3	-3.547E-3	4.256E-3	4.921E-2	-6.645E-2	8.269E-2
12.930	-0.176	-4.433E-4	0.176	-4.653E-4	-7.698E-5	4.716E-4	-7.035E-2	-2.495E-2	7.464E-2
12.946	-0.176	-3.513E-4	0.176	-1.329E-3	-1.480E-3	1.989E-3	8.717E-2	4.135E-2	9.649E-2
12.963	-0.176	-4.927E-4	0.176	3.276E-3	-2.366E-3	4.042E-3	0.125	3.493E-2	0.130
12.980	-0.176	-4.303E-4	0.176	3.440E-3	2.593E-3	4.308E-3	-0.159	0.278	0.321
12.996	-0.176	-4.061E-4	0.176	-2.385E-3	5.188E-3	5.710E-3	-9.028E-2	-6.968E-2	0.114
13.013	-0.176	-2.571E-4	0.176	-1.084E-3	2.430E-3	2.661E-3	3.716E-2	-8.809E-2	9.561E-2
13.030	-0.176	-3.250E-4	0.176	1.239E-3	-6.340E-4	1.392E-3	3.410E-2	-3.331E-2	4.767E-2
13.046	-0.176	-2.783E-4	0.176	-1.465E-3	3.175E-3	3.497E-3	-0.297	-5.274E-2	0.301
13.063	-0.176	-2.191E-4	0.176	-7.402E-3	-1.987E-3	7.664E-3	-1.116E-2	-0.126	0.127
13.080	-0.176	-3.446E-4	0.176	-4.785E-3	-3.276E-3	5.799E-3	7.796E-2	8.394E-2	0.115
13.096	-0.176	-3.284E-4	0.176	-8.237E-4	2.587E-3	2.715E-3	0.166	0.185	0.249
13.113	-0.176	-2.583E-4	0.176	-2.258E-3	2.945E-3	3.711E-3	-0.129	-1.284E-2	0.130
13.130	-0.176	-2.301E-4	0.176	-2.994E-3	1.584E-3	3.387E-3	0.118	-0.131	0.176
13.146	-0.176	-2.054E-4	0.176	-7.734E-4	-9.257E-4	1.206E-3	0.130	-0.172	0.216
13.163	-0.176	-2.610E-4	0.176	3.895E-3	-4.650E-3	6.066E-3	7.673E-2	2.771E-2	8.158E-2
13.180	-0.176	-3.606E-4	0.176	7.187E-4	-7.765E-4	1.058E-3	-0.225	5.809E-2	0.232
13.197	-0.176	-2.869E-4	0.176	-3.517E-3	-3.577E-4	3.535E-3	-0.122	0.190	0.226
13.213	-0.176	-3.725E-4	0.176	-4.127E-3	2.379E-3	4.763E-3	0.155	-0.155	0.219
13.230	-0.176	-2.075E-4	0.176	1.985E-3	-1.125E-3	2.282E-3	0.209	-0.110	0.236
13.247	-0.176	-4.101E-4	0.176	4.046E-3	-6.328E-3	7.511E-3	-8.094E-2	-0.162	0.181
13.263	-0.176	-4.187E-4	0.176	-1.431E-3	-2.954E-3	3.282E-3	-9.348E-2	0.257	0.273
13.280	-0.176	-5.086E-4	0.176	-3.689E-4	-4.620E-5	3.718E-4	2.534E-2	8.766E-2	9.125E-2
13.297	-0.176	-4.202E-4	0.176	1.525E-3	2.277E-3	2.741E-3	2.035E-2	4.798E-2	5.211E-2
13.313	-0.176	-4.326E-4	0.176	-1.044E-3	-1.552E-4	1.056E-3	-0.236	0.151	0.280
13.330	-0.176	-4.254E-4	0.176	-5.377E-3	6.993E-3	8.821E-3			
13.347	-0.176	-1.993E-4	0.176						
