	mass A									
t	x	y	r	vx	vy	v	ax	ay	a	
0.000	5.915E-4	1.013E-3	1.173E-3						
0.017	7.137E-4	9.824E-4	1.214E-3	2.700E-3	-5.512E-4	2.756E-3			
0.033	6.816E-4	9.949E-4	1.206E-3	-3.755E-3	7.733E-4	3.834E-3	-0.208	6.234E-2	0.217
0.050	5.884E-4	1.008E-3	1.167E-3	-4.285E-3	1.282E-3	4.472E-3	0.129	1.577E-2	0.130
0.067	5.386E-4	1.038E-3	1.169E-3	6.708E-4	1.475E-3	1.620E-3	0.308	-2.415E-2	0.309
0.083	6.108E-4	1.057E-3	1.221E-3	6.528E-3	4.323E-4	6.542E-3	9.120E-2	-4.909E-2	0.104
0.100	7.564E-4	1.052E-3	1.296E-3	4.434E-3	-3.348E-4	4.446E-3	-9.422E-2	-5.117E-2	0.107
0.117	7.587E-4	1.046E-3	1.292E-3	1.630E-3	-1.069E-3	1.949E-3	-0.227	-5.968E-2	0.234
0.133	8.108E-4	1.016E-3	1.300E-3	-1.440E-3	-2.437E-3	2.831E-3	-8.718E-2	3.942E-3	8.727E-2
0.150	7.107E-4	9.649E-4	1.198E-3	-3.196E-3	-1.278E-3	3.442E-3	-0.107	7.773E-2	0.133
0.167	7.042E-4	9.738E-4	1.202E-3	-3.174E-3	7.363E-4	3.258E-3	0.227	1.619E-2	0.228
0.184	6.048E-4	9.895E-4	1.160E-3	2.054E-3	-7.020E-4	2.171E-3	0.115	-0.111	0.160
0.200	7.727E-4	9.504E-4	1.225E-3	4.192E-3	-3.335E-3	5.357E-3	-0.129	9.747E-2	0.162
0.217	7.447E-4	8.782E-4	1.151E-3	-4.654E-3	1.649E-3	4.938E-3	-0.217	0.185	0.285
0.234	6.174E-4	1.005E-3	1.180E-3	-3.633E-3	5.047E-3	6.219E-3	0.126	1.838E-2	0.127
0.250	6.234E-4	1.047E-3	1.218E-3	1.024E-3	8.984E-4	1.363E-3	0.172	-0.195	0.260
0.267	6.516E-4	1.035E-3	1.223E-3	1.715E-3	-1.434E-3	2.235E-3	3.036E-2	-0.107	0.111
0.284	6.806E-4	9.988E-4	1.209E-3	1.924E-3	-2.593E-3	3.229E-3	-0.387	-0.139	0.411
0.300	7.158E-4	9.489E-4	1.189E-3	-9.496E-3	-5.704E-3	1.108E-2	-0.296	-5.811E-2	0.302
0.317	3.638E-4	8.084E-4	8.865E-4	-1.253E-2	-5.646E-3	1.374E-2	0.280	-8.310E-2	0.292
0.334	2.978E-4	7.605E-4	8.167E-4	2.970E-3	-6.745E-3	7.370E-3	0.576	0.143	0.593
0.350	4.629E-4	5.834E-4	7.447E-4	7.751E-3	-3.412E-3	8.469E-3	4.062E-2	0.164	0.169
0.367	5.564E-4	6.466E-4	8.531E-4	3.085E-3	1.650E-3	3.498E-3	-0.495	0.187	0.530
0.384	5.658E-4	6.384E-4	8.531E-4	-7.974E-3	9.825E-4	8.034E-3	-0.320	0.135	0.347
0.400	2.904E-4	6.794E-4	7.389E-4	-1.053E-2	6.330E-3	1.228E-2	5.492E-2	5.337E-2	7.658E-2
0.417	2.145E-4	8.497E-4	8.763E-4	-3.380E-3	4.478E-3	5.610E-3	0.327	-5.235E-2	0.331
0.434	1.776E-4	8.288E-4	8.476E-4	-4.050E-4	1.938E-3	1.980E-3	-0.297	-0.326	0.441
0.450	2.010E-4	9.143E-4	9.362E-4	-1.113E-2	-3.446E-3	1.165E-2	-0.323	-5.550E-2	0.328
0.467	-1.939E-4	7.139E-4	7.397E-4	-1.611E-2	-3.968E-3	1.660E-2	-4.543E-2	9.480E-2	0.105
0.484	-3.367E-4	7.820E-4	8.513E-4	-8.682E-3	3.347E-3	9.305E-3	0.296	0.333	0.446
0.500	-4.836E-4	8.255E-4	9.567E-4	-7.522E-3	5.393E-3	9.255E-3	5.928E-2	-7.194E-2	9.322E-2
0.517	-5.876E-4	9.619E-4	1.127E-3	-6.309E-3	2.637E-3	6.838E-3	9.207E-2	-5.225E-2	0.106
0.534	-6.941E-4	9.135E-4	1.147E-3	-4.870E-3	1.099E-3	4.992E-3	0.160	-0.219	0.271
0.551	-7.501E-4	9.986E-4	1.249E-3	-8.930E-4	-1.744E-3	1.959E-3	3.498E-2	-8.840E-2	9.506E-2
0.567	-7.239E-4	8.553E-4	1.121E-3	-2.616E-3	-4.903E-3	5.557E-3	-4.346E-2	0.142	0.149
0.584	-8.374E-4	8.350E-4	1.183E-3	-4.256E-3	4.251E-3	6.015E-3	2.908E-2	0.170	0.173
0.601	-8.659E-4	9.972E-4	1.321E-3	-4.931E-4	2.797E-3	2.841E-3	0.101	-0.143	0.175
0.617	-8.539E-4	9.283E-4	1.261E-3	-6.994E-4	-3.399E-3	3.470E-3	-1.583E-4	-0.168	0.168
0.634	-8.892E-4	8.838E-4	1.254E-3	-1.208E-3	-1.753E-3	2.129E-3	3.858E-2	0.138	0.143
0.651	-8.942E-4	8.698E-4	1.247E-3	8.829E-4	1.094E-3	1.406E-3	-0.156	0.107	0.189
0.667	-8.598E-4	9.203E-4	1.259E-3	-5.168E-3	2.349E-3	5.676E-3	-7.937E-2	2.788E-2	8.412E-2
0.684	-1.067E-3	9.482E-4	1.427E-3	-5.049E-3	1.572E-3	5.288E-3	0.199	-1.231E-2	0.199
0.701	-1.028E-3	9.727E-4	1.415E-3	4.310E-3	1.937E-3	4.725E-3	0.408	-0.138	0.431
0.717	-9.228E-4	1.013E-3	1.370E-3	7.875E-3	-2.232E-3	8.185E-3	3.163E-2	-5.485E-2	6.332E-2
0.734	-7.655E-4	8.982E-4	1.180E-3	6.010E-3	-1.984E-3	6.329E-3	-0.378	-7.570E-2	0.385
0.751	-7.223E-4	9.467E-4	1.191E-3	-4.859E-3	-1.998E-3	5.254E-3	-0.425	3.580E-2	0.427
0.767	-9.276E-4	8.315E-4	1.246E-3	-1.013E-2	-3.390E-3	1.068E-2	4.393E-2	4.295E-2	6.144E-2
0.784	-1.060E-3	8.335E-4	1.349E-3	-2.485E-3	1.011E-3	2.683E-3	0.521	-5.005E-2	0.523
0.801	-1.011E-3	8.653E-4	1.330E-3	7.811E-3	-4.406E-3	8.968E-3	0.149	-0.260	0.300
0.817	-7.995E-4	6.865E-4	1.054E-3	4.277E-3	-9.747E-3	1.064E-2	-0.138	-0.109	0.176
0.834	-8.678E-4	5.400E-4	1.022E-3	-3.951E-4	-7.107E-3	7.118E-3	-0.448	-0.349	0.568
0.851	-8.127E-4	4.494E-4	9.287E-4	-6.947E-3	-1.909E-2	2.032E-2	-9.800E-2	-0.364	0.377
0.868	-1.100E-3	-9.707E-5	1.104E-3	-8.382E-3	-2.458E-2	2.597E-2	0.310	-2.421E-2	0.311
0.884	-1.092E-3	-3.707E-4	1.154E-3	6.507E-3	-1.571E-2	1.701E-2	0.213	0.166	0.270
0.901	-8.825E-4	-6.213E-4	1.079E-3	8.654E-4	-1.938E-2	1.940E-2	-9.786E-2	-0.284	0.300
0.918	-1.063E-3	-1.017E-3	1.472E-3	-2.207E-3	-2.617E-2	2.626E-2	-1.372E-2	-0.348	0.348
0.934	-9.562E-4	-1.495E-3	1.774E-3	4.785E-3	-3.076E-2	3.113E-2	5.416E-2	-0.205	0.212
0.951	-9.038E-4	-2.044E-3	2.235E-3	-1.450E-3	-3.323E-2	3.327E-2	-0.295	2.183E-2	0.296
0.968	-1.005E-3	-2.603E-3	2.791E-3	-6.129E-3	-3.028E-2	3.090E-2	-0.176	0.352	0.393
0.984	-1.108E-3	-3.054E-3	3.249E-3	-6.633E-3	-2.133E-2	2.234E-2	0.341	-0.107	0.357
1.001	-1.226E-3	-3.315E-3	3.535E-3	3.609E-3	-3.056E-2	3.078E-2	6.584E-2	-0.298	0.305
1.018	-9.879E-4	-4.074E-3	4.192E-3	6.163E-4	-3.749E-2	3.749E-2	0.184	-0.390	0.431
1.034	-1.205E-3	-4.566E-3	4.722E-3	2.147E-3	-3.796E-2	3.802E-2	-0.399	-0.208	0.450
1.051	-9.163E-4	-5.340E-3	5.418E-3	-3.437E-3	-4.779E-2	4.791E-2	-0.179	-0.102	0.206
1.068	-1.320E-3	-6.160E-3	6.300E-3	-1.345E-2	-4.161E-2	4.373E-2	-0.442	0.308	0.539
1.084	-1.365E-3	-6.729E-3	6.866E-3	-1.097E-2	-3.502E-2	3.670E-2	0.169	0.495	0.523
1.101	-1.686E-3	-7.329E-3	7.520E-3	-1.265E-2	-2.764E-2	3.039E-2	0.149	0.477	0.500
1.118	-1.787E-3	-7.651E-3	7.857E-3	-3.322E-3	-1.692E-2	1.724E-2	0.295	0.399	0.497
1.134	-1.797E-3	-7.894E-3	8.095E-3	-2.651E-3	-1.479E-2	1.503E-2	-0.159	8.058E-2	0.178
1.151	-1.875E-3	-8.144E-3	8.357E-3	-8.985E-3	-1.469E-2	1.722E-2	-4.321E-2	-4.481E-2	6.225E-2
1.168	-2.096E-3	-8.384E-3	8.642E-3	-6.046E-3	-1.593E-2	1.703E-2	0.239	-0.129	0.272
1.185	-2.077E-3	-8.676E-3	8.921E-3	1.605E-3	-1.926E-2	1.932E-2	0.164	-0.317	0.357
1.201	-2.043E-3	-9.026E-3	9.254E-3	-1.042E-3	-2.607E-2	2.609E-2	-4.946E-2	-0.225	0.231
1.218	-2.112E-3	-9.545E-3	9.776E-3	-1.385E-3	-2.837E-2	2.840E-2	0.406	-0.270	0.487
1.235	-2.089E-3	-9.973E-3	1.019E-2	1.218E-2	-3.257E-2	3.477E-2	-0.618	-0.419	0.747
1.251	-1.706E-3	-1.063E-2	1.077E-2	-1.402E-2	-4.407E-2	4.625E-2	-0.763	1.935E-2	0.763
1.268	-2.557E-3	-1.144E-2	1.173E-2	-2.859E-2	-3.427E-2	4.464E-2	-6.703E-2	0.313	0.320
1.285	-2.660E-3	-1.178E-2	1.207E-2	-4.759E-3	-2.776E-2	2.816E-2	0.720	-0.179	0.742
1.301	-2.716E-3	-1.237E-2	1.266E-2	-6.861E-3	-4.341E-2	4.395E-2	-0.132	-1.012	1.021
1.318	-2.889E-3	-1.322E-2	1.354E-2	-1.036E-2	-6.122E-2	6.209E-2	-0.153	-0.209	0.259
1.335	-3.062E-3	-1.441E-2	1.473E-2	-1.133E-2	-5.450E-2	5.567E-2	0.477	0.581	0.752
1.351	-3.267E-3	-1.504E-2	1.539E-2	3.079E-3	-3.590E-2	3.603E-2	0.421	0.600	0.733
1.368	-2.959E-3	-1.561E-2	1.589E-2	8.652E-3	-3.604E-2	3.707E-2	2.852E-2	0.187	0.190
1.385	-2.978E-3	-1.625E-2	1.652E-2	-9.889E-4	-3.145E-2	3.146E-2	-0.514	0.299	0.595
1.401	-2.992E-3	-1.666E-2	1.693E-2	-6.276E-3	-2.399E-2	2.480E-2	4.036E-2	-8.695E-2	9.586E-2
1.418	-3.187E-3	-1.705E-2	1.734E-2	-2.534E-3	-3.357E-2	3.367E-2	6.426E-3	-0.542	0.542
1.435	-3.076E-3	-1.778E-2	1.804E-2	-1.494E-3	-4.503E-2	4.505E-2	9.589E-2	-1.547E-2	9.713E-2
1.451	-3.237E-3	-1.855E-2	1.883E-2	-3.808E-3	-3.454E-2	3.475E-2	-4.414E-2	0.308	0.311
1.468	-3.204E-3	-1.893E-2	1.920E-2	1.343E-4	-3.028E-2	3.028E-2	0.146	-0.484	0.506
1.485	-3.233E-3	-1.956E-2	1.982E-2	-4.974E-4	-5.231E-2	5.232E-2	8.674E-2	-0.587	0.594
1.502	-3.220E-3	-2.068E-2	2.093E-2	3.297E-3	-5.481E-2	5.491E-2	-4.238E-2	0.223	0.227
1.518	-3.123E-3	-2.139E-2	2.161E-2	-4.675E-4	-3.965E-2	3.966E-2	0.203	0.239	0.314
1.535	-3.236E-3	-2.200E-2	2.224E-2	6.075E-3	-4.639E-2	4.679E-2	1.433E-2	-0.476	0.476
1.552	-2.920E-3	-2.294E-2	2.312E-2	6.371E-3	-5.836E-2	5.870E-2	-0.325	-0.217	0.390
1.568	-3.023E-3	-2.395E-2	2.414E-2	-9.683E-3	-5.389E-2	5.475E-2	-1.334E-2	7.201E-2	7.324E-2
1.585	-3.243E-3	-2.473E-2	2.495E-2	4.227E-3	-5.285E-2	5.301E-2	0.394	0.252	0.467
1.602	-2.882E-3	-2.571E-2	2.587E-2	1.053E-2	-4.943E-2	5.054E-2	-0.104	-0.148	0.181
1.618	-2.892E-3	-2.638E-2	2.654E-2	-4.366E-3	-5.257E-2	5.275E-2	-0.399	-0.293	0.495
1.635	-3.028E-3	-2.747E-2	2.763E-2	-3.017E-3	-6.416E-2	6.423E-2	0.141	0.284	0.317
1.652	-2.993E-3	-2.852E-2	2.868E-2	2.314E-3	-4.392E-2	4.398E-2	9.100E-2	0.632	0.638
1.668	-2.951E-3	-2.893E-2	2.908E-2	-2.562E-4	-3.596E-2	3.596E-2	-0.203	-5.141E-2	0.210
1.685	-3.001E-3	-2.972E-2	2.987E-2	-5.006E-3	-5.119E-2	5.144E-2	0.204	-0.294	0.358
1.702	-3.118E-3	-3.064E-2	3.080E-2	4.703E-3	-4.639E-2	4.663E-2	0.130	0.260	0.290
1.718	-2.844E-3	-3.127E-2	3.140E-2	4.617E-3	-3.937E-2	3.964E-2	-8.202E-2	-1.000E-1	0.129
1.735	-2.964E-3	-3.195E-2	3.209E-2	-3.575E-3	-5.004E-2	5.017E-2	-0.222	-0.571	0.612
1.752	-2.964E-3	-3.294E-2	3.307E-2	-9.169E-5	-6.063E-2	6.063E-2	0.288	-0.428	0.516
1.768	-2.967E-3	-3.398E-2	3.410E-2	4.783E-3	-6.323E-2	6.341E-2	0.143	0.130	0.193
1.785	-2.804E-3	-3.505E-2	3.516E-2	6.576E-3	-5.745E-2	5.783E-2	-2.619E-2	0.300	0.301
1.802	-2.747E-3	-3.589E-2	3.600E-2	2.432E-3	-5.098E-2	5.104E-2	-0.269	2.538E-2	0.270
1.818	-2.723E-3	-3.675E-2	3.685E-2	-1.765E-3	-5.697E-2	5.700E-2	-2.708E-2	5.264E-2	5.920E-2
1.835	-2.806E-3	-3.779E-2	3.790E-2	2.810E-5	-5.218E-2	5.218E-2	-6.261E-2	0.458	0.462
1.852	-2.722E-3	-3.849E-2	3.859E-2	-1.083E-3	-3.846E-2	3.847E-2	0.226	0.503	0.551
1.869	-2.842E-3	-3.908E-2	3.918E-2	3.556E-3	-3.577E-2	3.594E-2	8.112E-2	-2.895E-2	8.613E-2
1.885	-2.603E-3	-3.969E-2	3.977E-2	6.671E-3	-3.968E-2	4.024E-2	2.508E-2	-6.991E-3	2.604E-2
1.902	-2.620E-3	-4.040E-2	4.049E-2	4.606E-4	-3.755E-2	3.755E-2	-0.171	6.538E-2	0.183
1.919	-2.588E-3	-4.094E-2	4.102E-2	2.397E-3	-3.513E-2	3.521E-2	0.272	2.453E-2	0.274
1.935	-2.540E-3	-4.157E-2	4.165E-2	8.659E-3	-3.827E-2	3.924E-2	0.177	-4.561E-2	0.183
1.952	-2.299E-3	-4.222E-2	4.228E-2	1.046E-2	-3.660E-2	3.806E-2	0.137	0.183	0.228
1.969	-2.191E-3	-4.279E-2	4.285E-2	1.068E-2	-3.197E-2	3.370E-2	-0.108	0.451	0.464
1.985	-1.943E-3	-4.328E-2	4.333E-2	9.393E-3	-2.207E-2	2.399E-2	-6.167E-2	0.502	0.505
2.002	-1.877E-3	-4.353E-2	4.357E-2	6.143E-3	-1.372E-2	1.503E-2	-0.262	0.488	0.554
2.019	-1.738E-3	-4.374E-2	4.378E-2	2.848E-3	-7.246E-3	7.785E-3	0.233	-3.005E-2	0.235
2.035	-1.782E-3	-4.377E-2	4.381E-2	1.018E-2	-1.193E-2	1.569E-2	0.163	-0.496	0.522
2.052	-1.398E-3	-4.414E-2	4.416E-2	1.402E-2	-2.674E-2	3.020E-2	-3.632E-2	-0.657	0.658
2.069	-1.314E-3	-4.467E-2	4.468E-2	4.617E-3	-3.351E-2	3.382E-2	-9.917E-2	-8.517E-2	0.131
2.085	-1.244E-3	-4.526E-2	4.527E-2	1.093E-2	-3.021E-2	3.213E-2	0.186	0.153	0.241
2.102	-9.498E-4	-4.567E-2	4.568E-2	1.341E-2	-2.640E-2	2.961E-2	3.378E-3	-0.215	0.215
2.119	-7.965E-4	-4.614E-2	4.614E-2	8.917E-3	-3.721E-2	3.826E-2	-0.134	-0.114	0.176
2.135	-6.523E-4	-4.691E-2	4.692E-2	9.369E-3	-3.441E-2	3.566E-2	-0.245	0.112	0.270
2.152	-4.839E-4	-4.729E-2	4.729E-2	2.126E-3	-2.786E-2	2.794E-2	0.108	1.676E-2	0.109
2.169	-5.814E-4	-4.784E-2	4.785E-2	8.525E-3	-3.672E-2	3.770E-2	-0.178	-0.221	0.283
2.186	-1.994E-4	-4.851E-2	4.851E-2	4.112E-3	-3.593E-2	3.616E-2	-0.178	-0.334	0.378
2.202	-4.442E-4	-4.904E-2	4.904E-2	-6.050E-3	-4.445E-2	4.486E-2	-0.279	-0.107	0.299
2.219	-4.013E-4	-4.999E-2	5.000E-2	2.731E-4	-4.536E-2	4.536E-2	0.396	0.278	0.484
2.236	-4.351E-4	-5.056E-2	5.056E-2	4.368E-3	-3.049E-2	3.080E-2	6.768E-3	0.864	0.864
2.252	-2.555E-4	-5.101E-2	5.101E-2	3.667E-3	-1.855E-2	1.891E-2	-0.225	0.363	0.427
2.269	-3.127E-4	-5.118E-2	5.118E-2	-5.761E-3	-1.551E-2	1.655E-2	-0.234	5.188E-2	0.240
2.286	-4.478E-4	-5.153E-2	5.153E-2	-4.340E-3	-1.990E-2	2.036E-2	0.219	-0.355	0.417
2.302	-4.575E-4	-5.184E-2	5.184E-2	2.511E-3	-2.521E-2	2.533E-2	0.100	-0.144	0.175
2.319	-3.640E-4	-5.237E-2	5.237E-2	1.400E-4	-2.742E-2	2.742E-2	-0.107	5.853E-2	0.122
2.336	-4.528E-4	-5.275E-2	5.276E-2	-3.360E-3	-2.128E-2	2.154E-2	0.212	-0.115	0.241
2.352	-4.761E-4	-5.308E-2	5.308E-2	7.302E-3	-2.992E-2	3.080E-2	7.936E-2	-0.186	0.202
2.369	-2.092E-4	-5.375E-2	5.375E-2	3.305E-3	-3.188E-2	3.205E-2	-0.128	-0.219	0.254
2.386	-3.658E-4	-5.414E-2	5.415E-2	-2.783E-3	-3.212E-2	3.224E-2	-0.247	-0.264	0.361
2.402	-3.020E-4	-5.482E-2	5.482E-2	-5.977E-4	-4.388E-2	4.388E-2	0.153	-0.230	0.276
2.419	-3.857E-4	-5.561E-2	5.561E-2	-5.350E-4	-4.041E-2	4.041E-2	-0.252	2.656E-2	0.253
2.436	-3.199E-4	-5.617E-2	5.617E-2	-5.710E-3	-3.980E-2	4.020E-2	-0.177	0.155	0.235
2.452	-5.763E-4	-5.694E-2	5.694E-2	-1.053E-2	-3.890E-2	4.030E-2	9.272E-2	-0.717	0.723
2.469	-6.714E-4	-5.747E-2	5.747E-2	-5.862E-4	-5.727E-2	5.728E-2	0.375	-0.416	0.560
2.486	-5.958E-4	-5.885E-2	5.885E-2	2.979E-3	-6.369E-2	6.376E-2	0.112	0.742	0.751
2.502	-5.720E-4	-5.960E-2	5.960E-2	1.924E-3	-2.616E-2	2.623E-2	9.321E-4	1.103	1.103
2.519	-5.316E-4	-5.972E-2	5.972E-2	3.253E-3	-2.217E-2	2.240E-2	-1.413E-2	-4.765E-2	4.970E-2
2.536	-4.634E-4	-6.033E-2	6.034E-2	1.928E-3	-3.488E-2	3.494E-2	-0.451	-0.452	0.638
2.553	-4.673E-4	-6.088E-2	6.089E-2	-1.100E-2	-3.438E-2	3.610E-2	-0.150	-6.381E-2	0.163
2.569	-8.304E-4	-6.148E-2	6.149E-2	-7.832E-3	-3.747E-2	3.828E-2	-8.488E-2	4.049E-3	8.497E-2
2.586	-7.286E-4	-6.213E-2	6.214E-2	-6.510E-3	-3.509E-2	3.569E-2	0.557	2.876E-2	0.557
2.603	-1.048E-3	-6.265E-2	6.266E-2	2.116E-3	-3.462E-2	3.468E-2	0.244	-0.484	0.542
2.619	-6.580E-4	-6.329E-2	6.329E-2	1.124E-2	-5.100E-2	5.222E-2	-1.703E-2	-0.305	0.306
2.636	-6.725E-4	-6.435E-2	6.436E-2	-4.435E-3	-4.994E-2	5.013E-2	-0.355	-0.179	0.398
2.653	-8.060E-4	-6.496E-2	6.496E-2	-9.124E-4	-4.927E-2	4.928E-2	6.395E-2	6.060E-2	8.810E-2
2.669	-7.029E-4	-6.600E-2	6.600E-2	9.787E-4	-5.478E-2	5.478E-2	-6.422E-2	0.178	0.189
2.686	-7.734E-4	-6.678E-2	6.679E-2	-5.389E-3	-4.022E-2	4.057E-2	-1.925E-2	0.566	0.566
2.703	-8.827E-4	-6.734E-2	6.735E-2	-1.658E-4	-3.482E-2	3.482E-2	0.197	0.478	0.517
2.719	-7.789E-4	-6.795E-2	6.795E-2	3.560E-3	-2.698E-2	2.721E-2	0.112	7.067E-3	0.113
2.736	-7.639E-4	-6.824E-2	6.824E-2	1.784E-3	-2.996E-2	3.002E-2	-0.135	-0.230	0.267
2.753	-7.194E-4	-6.895E-2	6.895E-2	6.689E-5	-3.985E-2	3.985E-2	-0.106	-0.108	0.152
2.769	-7.617E-4	-6.957E-2	6.957E-2	-2.624E-3	-3.192E-2	3.203E-2	4.381E-2	0.194	0.199
2.786	-8.069E-4	-7.001E-2	7.001E-2	1.302E-3	-3.142E-2	3.145E-2	2.598E-2	-2.105E-2	3.344E-2
2.803	-7.183E-4	-7.062E-2	7.062E-2	1.413E-4	-3.505E-2	3.505E-2	-0.195	-0.195	0.276
2.819	-8.022E-4	-7.118E-2	7.118E-2	-6.970E-3	-3.642E-2	3.709E-2	-0.147	-0.103	0.179
2.836	-9.508E-4	-7.183E-2	7.184E-2	-5.119E-3	-3.944E-2	3.977E-2	0.272	0.281	0.392
2.853	-9.730E-4	-7.250E-2	7.250E-2	2.873E-3	-2.833E-2	2.847E-2	0.122	0.294	0.318
2.870	-8.549E-4	-7.278E-2	7.278E-2	5.336E-4	-2.517E-2	2.518E-2	-0.141	0.226	0.266
2.886	-9.552E-4	-7.334E-2	7.334E-2	-4.502E-3	-2.583E-2	2.621E-2	-0.110	-0.297	0.317
2.903	-1.005E-3	-7.364E-2	7.365E-2	-1.929E-3	-3.007E-2	3.013E-2	0.260	-0.151	0.301
2.920	-1.020E-3	-7.434E-2	7.435E-2	3.616E-3	-3.614E-2	3.632E-2	0.230	-0.131	0.265
2.936	-8.845E-4	-7.485E-2	7.485E-2	7.039E-3	-3.104E-2	3.182E-2	-8.245E-2	0.335	0.345
2.953	-7.847E-4	-7.537E-2	7.538E-2	6.797E-4	-2.666E-2	2.667E-2	-0.226	-0.211	0.309
2.970	-8.618E-4	-7.574E-2	7.574E-2	-2.213E-3	-3.470E-2	3.477E-2	-0.195	-0.187	0.270
2.986	-8.586E-4	-7.653E-2	7.654E-2	-3.795E-3	-3.863E-2	3.882E-2	6.142E-2	-0.116	0.131
3.003	-9.884E-4	-7.703E-2	7.703E-2	-2.415E-3	-3.354E-2	3.363E-2	0.161	0.313	0.352
3.020	-9.391E-4	-7.765E-2	7.766E-2	3.592E-3	-3.149E-2	3.169E-2	-1.874E-3	0.102	0.102
3.036	-8.686E-4	-7.808E-2	7.808E-2	-2.151E-3	-2.753E-2	2.762E-2	-0.250	-0.357	0.436
3.053	-1.011E-3	-7.857E-2	7.858E-2	-6.901E-3	-4.295E-2	4.350E-2	2.238E-3	-0.125	0.125
3.070	-1.099E-3	-7.951E-2	7.952E-2	-1.271E-3	-3.784E-2	3.786E-2	0.279	0.396	0.485
3.086	-1.053E-3	-7.983E-2	7.984E-2	3.258E-3	-2.217E-2	2.241E-2	-9.319E-3	0.662	0.662
3.103	-9.902E-4	-8.025E-2	8.025E-2	-1.279E-3	-1.990E-2	1.994E-2	-0.133	-0.244	0.277
3.120	-1.096E-3	-8.050E-2	8.050E-2	-3.144E-3	-2.677E-2	2.695E-2	5.911E-2	-0.425	0.429
3.136	-1.095E-3	-8.114E-2	8.115E-2	2.047E-3	-3.826E-2	3.832E-2	0.137	1.187	1.195
3.153	-1.028E-3	-8.177E-2	8.178E-2	1.840E-3	8.106E-3	8.312E-3	2.547E-2	4.750	4.750
3.170	-1.034E-3	-8.087E-2	8.088E-2	1.691E-3	0.123	0.123	1.000E-2	4.373	4.373
3.187	-9.713E-4	-7.766E-2	7.766E-2	3.157E-3	0.170	0.170	-0.190	3.141	3.146
3.203	-9.283E-4	-7.518E-2	7.519E-2	-4.162E-3	0.204	0.204	-0.117	2.834	2.837
3.220	-1.110E-3	-7.085E-2	7.086E-2	-3.626E-3	0.281	0.281	-7.193E-2	4.056	4.057
3.237	-1.049E-3	-6.580E-2	6.581E-2	-2.627E-3	0.333	0.333	-9.582E-2	1.924	1.927
3.253	-1.198E-3	-5.974E-2	5.975E-2	-9.559E-3	0.353	0.353	-0.850	1.065	1.362
3.270	-1.368E-3	-5.404E-2	5.406E-2	-2.777E-2	0.359	0.360	-2.832E-2	1.965	1.966
3.287	-2.124E-3	-4.777E-2	4.782E-2	-1.916E-2	0.418	0.419	0.189	2.113	2.122
3.303	-2.008E-3	-4.008E-2	4.013E-2	-9.181E-3	0.442	0.442	0.701	0.489	0.855
3.320	-2.431E-3	-3.303E-2	3.312E-2	-6.774E-3	0.423	0.423	0.172	-0.389	0.425
3.337	-2.234E-3	-2.596E-2	2.606E-2	5.148E-3	0.431	0.431	0.356	-0.393	0.530
3.353	-2.259E-3	-1.866E-2	1.880E-2	2.827E-4	0.415	0.415	0.254	-0.458	0.524
3.370	-2.224E-3	-1.212E-2	1.232E-2	1.345E-2	0.406	0.406	0.985	0.510	1.109
3.387	-1.810E-3	-5.112E-3	5.423E-3	3.472E-2	0.437	0.438	0.365	0.302	0.474
3.403	-1.066E-3	2.458E-3	2.679E-3	2.905E-2	0.423	0.424	-7.078E-2	-1.692	1.693
3.420	-8.406E-4	9.014E-3	9.053E-3	2.487E-2	0.372	0.373	-0.254	-1.451	1.473
3.437	-2.359E-4	1.488E-2	1.488E-2	2.732E-2	0.371	0.372	0.108	-0.566	0.576
3.453	7.094E-5	2.138E-2	2.138E-2	2.355E-2	0.365	0.366	-8.936E-2	-0.368	0.379
3.470	5.499E-4	2.707E-2	2.707E-2	2.729E-2	0.348	0.349	0.139	-0.541	0.559
3.487	9.815E-4	3.298E-2	3.299E-2	2.690E-2	0.353	0.354	-0.439	-0.134	0.459
3.503	1.447E-3	3.884E-2	3.887E-2	1.498E-2	0.343	0.343	-0.188	-0.714	0.738
3.520	1.481E-3	4.442E-2	4.445E-2	1.495E-2	0.328	0.328	0.325	-0.302	0.444
3.537	1.946E-3	4.978E-2	4.982E-2	3.092E-2	0.331	0.332	4.021E-2	-0.331	0.334
3.554	2.513E-3	5.546E-2	5.551E-2	1.765E-2	0.323	0.323	-0.453	-0.660	0.801
3.570	2.535E-3	6.055E-2	6.061E-2	9.523E-3	0.303	0.303	-2.990E-2	-0.708	0.708
3.587	2.831E-3	6.556E-2	6.562E-2	2.088E-2	0.301	0.302	3.573E-2	0.309	0.311
3.604	3.232E-3	7.060E-2	7.067E-2	1.214E-2	0.312	0.312	-0.390	0.102	0.403
3.620	3.236E-3	7.598E-2	7.605E-2	3.545E-3	0.309	0.309	-0.397	-0.420	0.578
3.637	3.350E-3	8.091E-2	8.098E-2	2.185E-3	0.293	0.293	8.526E-3	-0.577	0.577
3.654	3.309E-3	8.576E-2	8.583E-2	1.467E-3	0.291	0.291	0.139	-5.244E-2	0.148
3.670	3.399E-3	9.062E-2	9.068E-2	8.200E-3	0.292	0.292	4.073E-2	-0.195	0.199
3.687	3.583E-3	9.550E-2	9.556E-2	4.055E-3	0.286	0.286	-7.868E-2	-0.725	0.729
3.704	3.534E-3	0.100	0.100	2.432E-3	0.267	0.267	6.512E-2	-0.760	0.763
3.720	3.664E-3	0.104	0.104	8.616E-3	0.258	0.258	9.524E-2	-0.389	0.401
3.737	3.822E-3	0.109	0.109	5.645E-3	0.257	0.257	9.768E-2	0.177	0.202
3.754	3.852E-3	0.113	0.113	9.550E-3	0.261	0.262	-5.093E-3	9.809E-2	9.822E-2
3.770	4.141E-3	0.117	0.118	9.367E-3	0.263	0.264	4.451E-2	-0.436	0.439
3.787	4.165E-3	0.122	0.122	6.887E-3	0.246	0.246	-0.187	-1.021	1.038
3.804	4.370E-3	0.126	0.126	6.618E-3	0.228	0.228	-0.177	-0.741	0.761
3.820	4.385E-3	0.129	0.129	-1.130E-3	0.221	0.221	-3.143E-2	-0.191	0.194
3.837	4.333E-3	0.133	0.133	4.683E-3	0.222	0.222	4.313E-3	-0.103	0.104
3.854	4.542E-3	0.137	0.137	2.919E-3	0.219	0.219	9.759E-2	5.375E-2	0.111
3.871	4.430E-3	0.140	0.140	2.727E-3	0.222	0.222	-0.315	0.159	0.353
3.887	4.633E-3	0.144	0.144	-1.576E-3	0.227	0.227	-6.540E-2	-0.316	0.322
3.904	4.377E-3	0.148	0.148	-6.043E-3	0.211	0.211	6.173E-2	-0.814	0.816
3.921	4.431E-3	0.151	0.151	4.853E-3	0.196	0.196	0.362	0.148	0.391
3.937	4.539E-3	0.154	0.155	5.339E-3	0.215	0.215	9.591E-2	6.670E-3	9.614E-2
3.954	4.609E-3	0.158	0.158	7.075E-3	0.207	0.207	-0.329	-0.299	0.444
3.971	4.775E-3	0.161	0.161	-2.812E-3	0.192	0.192	0.241	-0.275	0.366
3.987	4.515E-3	0.165	0.165	7.733E-3	0.205	0.206	0.192	-4.097E-2	0.196
4.004	5.033E-3	0.168	0.168	1.445E-2	0.191	0.191	0.276	-0.587	0.648
4.021	4.997E-3	0.171	0.171	7.472E-3	0.181	0.181	-0.534	-0.318	0.621
4.037	5.283E-3	0.174	0.174	3.681E-3	0.184	0.184	9.966E-2	6.911E-2	0.121
4.054	5.120E-3	0.177	0.177	3.668E-3	0.182	0.182	-3.137E-2	-0.174	0.177
4.071	5.405E-3	0.180	0.180	9.472E-3	0.179	0.179	-0.114	-0.477	0.491
4.087	5.436E-3	0.183	0.183	-3.466E-3	0.166	0.166	-0.316	-0.876	0.931
4.104	5.290E-3	0.186	0.186	-2.412E-3	0.149	0.149	0.107	-0.357	0.373
4.121	5.356E-3	0.188	0.188	2.850E-3	0.152	0.152	-4.325E-2	0.104	0.112
4.137	5.385E-3	0.191	0.191	-4.236E-3	0.157	0.157	0.129	0.334	0.358
4.154	5.214E-3	0.193	0.194	3.628E-3	0.159	0.159	0.417	3.560E-2	0.418
4.171	5.506E-3	0.196	0.196	1.485E-2	0.162	0.163	3.336E-2	-0.269	0.271
4.188	5.710E-3	0.199	0.199	3.301E-3	0.149	0.149	-0.369	-0.162	0.403
4.204	5.616E-3	0.201	0.201	-3.899E-4	0.153	0.153	-0.332	-2.071E-2	0.333
4.221	5.697E-3	0.204	0.204	-3.761E-3	0.155	0.155	-0.208	-0.415	0.464
4.238	5.490E-3	0.206	0.206	-1.078E-2	0.135	0.136	0.174	-0.642	0.665
4.254	5.337E-3	0.208	0.209	2.108E-3	0.131	0.132	0.202	-0.440	0.484
4.271	5.561E-3	0.211	0.211	7.581E-4	0.125	0.125	0.245	0.149	0.286
4.288	5.362E-3	0.213	0.213	2.931E-3	0.130	0.130	-4.735E-2	5.305E-2	7.111E-2
4.304	5.658E-3	0.215	0.215	6.780E-3	0.135	0.135	-0.477	0.544	0.723
4.321	5.589E-3	0.217	0.217	-1.647E-2	0.140	0.141	-0.233	-8.136E-2	0.247
4.338	5.109E-3	0.220	0.220	-6.181E-3	0.141	0.141	0.276	-0.443	0.522
4.354	5.382E-3	0.222	0.222	2.866E-3	0.119	0.119	0.194	-0.891	0.911
4.371	5.205E-3	0.224	0.224	-7.278E-3	0.112	0.112	-0.166	-0.311	0.352
4.388	5.140E-3	0.226	0.226	-2.912E-4	0.109	0.109	0.409	-0.150	0.436
4.404	5.195E-3	0.227	0.227	6.467E-3	0.107	0.107	-6.462E-2	-8.068E-2	0.103
4.421	5.355E-3	0.229	0.229	-6.017E-4	0.106	0.106	-0.374	0.117	0.392
4.438	5.175E-3	0.231	0.231	-9.562E-3	0.111	0.111	0.290	-0.491	0.570
4.454	5.036E-3	0.233	0.233	8.505E-3	9.372E-2	9.411E-2	0.516	-0.291	0.592
4.471	5.459E-3	0.234	0.234	1.390E-2	9.207E-2	9.311E-2	-0.483	0.801	0.935
4.488	5.500E-3	0.236	0.236	-1.129E-2	0.126	0.127	-0.455	0.666	0.806
4.505	5.082E-3	0.238	0.238	-6.267E-3	0.119	0.120	0.182	-1.037	1.052
4.521	5.291E-3	0.240	0.240	3.423E-3	8.479E-2	8.486E-2	0.290	-0.856	0.904
4.538	5.196E-3	0.241	0.241	-2.363E-3	8.846E-2	8.849E-2	0.165	-0.317	0.358
4.555	5.212E-3	0.243	0.243	9.913E-3	8.324E-2	8.383E-2	-3.923E-2	0.185	0.189
4.571	5.527E-3	0.244	0.244	9.601E-4	8.352E-2	8.353E-2	-0.553	1.172E-2	0.553
4.588	5.244E-3	0.246	0.246	-1.518E-2	9.406E-2	9.527E-2	-0.477	0.633	0.793
4.605	5.020E-3	0.247	0.247	-1.208E-2	9.680E-2	9.755E-2	7.785E-2	-0.221	0.235
4.621	4.841E-3	0.249	0.249	-1.223E-2	9.417E-2	9.496E-2	-4.686E-2	-0.357	0.360
4.638	4.612E-3	0.250	0.250	-1.419E-2	7.847E-2	7.975E-2	-1.121E-3	-0.590	0.590
4.655	4.368E-3	0.251	0.252	-1.250E-2	7.698E-2	7.799E-2	-0.160	-0.208	0.263
4.671	4.195E-3	0.253	0.253	-1.779E-2	7.160E-2	7.378E-2	0.545	-0.438	0.699
4.688	3.774E-3	0.254	0.254	-3.116E-4	6.231E-2	6.231E-2	0.394	0.390	0.554
4.705	4.185E-3	0.255	0.255	6.177E-3	8.025E-2	8.048E-2	-5.453E-2	0.481	0.484
4.721	3.980E-3	0.257	0.257	-1.113E-2	8.806E-2	8.876E-2	-0.334	1.819E-2	0.335
4.738	3.814E-3	0.258	0.258	-3.012E-3	7.297E-2	7.303E-2	0.313	-0.972	1.021
4.755	3.880E-3	0.259	0.259	1.505E-3	5.995E-2	5.997E-2	-0.127	-0.152	0.198
4.771	3.864E-3	0.260	0.260	-7.960E-3	6.175E-2	6.226E-2	0.118	0.240	0.268
4.788	3.614E-3	0.261	0.261	1.457E-3	7.464E-2	7.466E-2	0.478	-0.103	0.489
4.805	3.912E-3	0.262	0.262	1.420E-2	5.752E-2	5.925E-2	-0.460	-0.774	0.900
4.821	4.088E-3	0.263	0.263	-1.382E-2	4.472E-2	4.680E-2	-0.636	-0.306	0.706
4.838	3.451E-3	0.264	0.264	-1.654E-2	4.952E-2	5.221E-2	0.126	0.528	0.543
4.855	3.536E-3	0.265	0.265	6.796E-4	6.161E-2	6.161E-2	9.128E-2	0.391	0.402
4.872	3.474E-3	0.266	0.266	-1.607E-2	6.551E-2	6.745E-2	-0.322	0.173	0.365
4.888	3.000E-3	0.267	0.267	-1.488E-2	6.404E-2	6.575E-2	9.504E-2	-0.602	0.609
4.905	2.977E-3	0.268	0.268	-6.529E-3	4.983E-2	5.026E-2	0.382	-0.475	0.609
4.922	2.782E-3	0.268	0.268	-6.333E-3	4.118E-2	4.167E-2	-0.285	-0.475	0.554
4.938	2.766E-3	0.269	0.269	-1.217E-2	4.062E-2	4.241E-2	-9.196E-2	0.235	0.252
4.955	2.376E-3	0.270	0.270	-1.463E-2	4.309E-2	4.550E-2	-0.105	8.160E-2	0.133
4.972	2.278E-3	0.271	0.271	-1.086E-2	4.918E-2	5.037E-2	-0.399	0.396	0.562
4.988	2.014E-3	0.271	0.271	-2.877E-2	5.152E-2	5.901E-2	0.172	-0.200	0.264
5.005	1.318E-3	0.272	0.272	-1.228E-2	4.765E-2	4.921E-2	0.377	-0.410	0.557
5.022	1.604E-3	0.273	0.273	-3.047E-3	3.332E-2	3.346E-2	0.340	-0.314	0.463
5.038	1.216E-3	0.274	0.274	-1.245E-2	3.755E-2	3.956E-2	-2.864E-2	0.101	0.105
5.055	1.188E-3	0.274	0.274	1.500E-3	3.931E-2	3.934E-2	0.393	5.673E-2	0.398
5.072	1.267E-3	0.275	0.275	6.287E-4	3.704E-2	3.704E-2	-0.477	-0.170	0.507
5.088	1.209E-3	0.276	0.276	-1.446E-2	3.539E-2	3.822E-2	-0.655	8.388E-2	0.660
5.105	7.841E-4	0.276	0.276	-2.400E-2	3.762E-2	4.463E-2	0.253	2.965E-2	0.255
5.122	4.086E-4	0.277	0.277	-6.314E-3	3.923E-2	3.974E-2	2.109E-2	0.123	0.124
5.138	5.734E-4	0.277	0.277	-1.529E-2	3.903E-2	4.191E-2	-0.711	-0.628	0.948
5.155	-1.015E-4	0.278	0.278	-3.965E-2	2.298E-2	4.583E-2	-0.308	-0.855	0.909
5.172	-7.497E-4	0.278	0.278	-2.389E-2	3.973E-3	2.421E-2	1.066	-0.189	1.083
5.189	-8.984E-4	0.278	0.278	-1.033E-3	1.806E-2	1.809E-2	0.160	0.798	0.814
5.205	-7.842E-4	0.279	0.279	-1.528E-2	3.374E-2	3.704E-2	-0.373	0.432	0.571
5.222	-1.408E-3	0.279	0.279	-2.299E-2	3.206E-2	3.945E-2	0.173	-0.226	0.285
5.239	-1.551E-3	0.280	0.280	-3.023E-3	2.491E-2	2.509E-2	0.561	-0.265	0.620
5.255	-1.509E-3	0.280	0.280	-3.848E-3	2.296E-2	2.328E-2	4.976E-2	-0.279	0.283
5.272	-1.680E-3	0.281	0.281	-4.761E-3	1.715E-2	1.780E-2	-0.516	-0.275	0.585
5.289	-1.668E-3	0.281	0.281	-1.618E-2	1.166E-2	1.994E-2	-0.197	8.458E-2	0.214
5.305	-2.220E-3	0.281	0.281	-1.895E-2	2.016E-2	2.767E-2	-0.432	0.366	0.566
5.322	-2.300E-3	0.281	0.281	-2.172E-2	2.606E-2	3.393E-2	0.448	-0.143	0.470
5.339	-2.944E-3	0.282	0.282	-1.432E-2	1.521E-2	2.090E-2	0.732	-9.721E-2	0.738
5.355	-2.778E-3	0.282	0.282	1.178E-2	1.856E-2	2.199E-2	0.282	0.105	0.301
5.372	-2.551E-3	0.282	0.282	-5.191E-3	2.461E-2	2.516E-2	-0.386	-4.347E-2	0.389
5.389	-2.951E-3	0.283	0.283	-8.888E-3	1.399E-2	1.657E-2	-0.724	-0.607	0.945
5.405	-2.848E-3	0.283	0.283	-1.879E-2	4.875E-3	1.941E-2	-0.345	-0.124	0.366
5.422	-3.578E-3	0.283	0.283	-3.145E-2	7.822E-3	3.241E-2	0.132	7.691E-2	0.153
5.439	-3.897E-3	0.283	0.283	-8.758E-3	1.114E-2	1.417E-2	0.660	-2.986E-2	0.661
5.455	-3.871E-3	0.283	0.283	-6.990E-3	4.588E-3	8.361E-3	-0.272	-0.354	0.447
5.472	-4.131E-3	0.283	0.283	-2.101E-2	-1.096E-4	2.101E-2	-0.102	0.110	0.150
5.489	-4.572E-3	0.283	0.283	-1.268E-2	6.371E-3	1.419E-2	0.423	0.237	0.485
5.505	-4.553E-3	0.284	0.284	-1.764E-3	1.147E-2	1.161E-2	-1.538E-2	4.730E-2	4.973E-2
5.522	-4.630E-3	0.284	0.284	-1.455E-2	5.629E-3	1.560E-2	-8.865E-2	-0.239	0.254
5.539	-5.039E-3	0.284	0.284	-9.320E-3	3.710E-3	1.003E-2	5.620E-2	-3.434E-2	6.586E-2
5.556	-4.941E-3	0.284	0.284	-5.325E-3	4.465E-3	6.950E-3	-0.333	0.120	0.354
5.572	-5.217E-3	0.284	0.284	-2.464E-2	7.763E-3	2.583E-2	-0.484	0.250	0.545
5.589	-5.763E-3	0.284	0.284	-2.352E-2	1.288E-2	2.682E-2	0.334	0.309	0.455
5.606	-6.001E-3	0.284	0.284	-1.025E-2	1.824E-2	2.092E-2	0.241	-0.151	0.284
5.622	-6.105E-3	0.285	0.285	-1.448E-2	9.711E-3	1.743E-2	-0.350	-0.345	0.491
5.639	-6.485E-3	0.285	0.285	-2.458E-2	2.673E-3	2.473E-2	-9.113E-2	-0.329	0.341
5.656	-6.926E-3	0.285	0.285	-1.806E-2	2.074E-3	1.818E-2	0.388	0.136	0.411
5.672	-7.087E-3	0.285	0.285	-9.078E-3	4.377E-3	1.008E-2	0.176	0.183	0.254
5.689	-7.229E-3	0.285	0.285	-1.263E-2	1.084E-2	1.664E-2	-0.318	-0.145	0.349
5.706	-7.509E-3	0.285	0.285	-2.045E-2	-3.414E-5	2.045E-2	-0.318	-0.345	0.469
5.722	-7.911E-3	0.285	0.285	-2.374E-2	-4.480E-3	2.416E-2	8.353E-2	-0.140	0.163
5.739	-8.301E-3	0.285	0.285	-1.783E-2	-1.085E-3	1.786E-2	0.543	0.186	0.574
5.756	-8.506E-3	0.285	0.285	-5.114E-3	-3.759E-4	5.128E-3	0.187	3.521E-2	0.190
5.772	-8.472E-3	0.285	0.285	-8.796E-3	1.628E-3	8.945E-3	-0.500	-7.317E-2	0.505
5.789	-8.799E-3	0.285	0.285	-2.513E-2	-3.195E-3	2.534E-2	-0.594	-5.312E-2	0.596
5.806	-9.310E-3	0.285	0.285	-2.889E-2	-1.651E-3	2.894E-2	0.138	0.223	0.263
5.822	-9.763E-3	0.285	0.285	-2.022E-2	5.827E-3	2.104E-2	6.944E-2	0.182	0.195
5.839	-9.985E-3	0.285	0.285	-2.340E-2	4.899E-3	2.391E-2	7.959E-2	-0.172	0.189
5.856	-1.054E-2	0.285	0.285	-2.295E-2	-8.856E-4	2.297E-2	0.118	-0.245	0.272
5.873	-1.075E-2	0.285	0.285	-1.467E-2	-3.440E-3	1.507E-2	0.353	-0.414	0.544
5.889	-1.103E-2	0.285	0.285	-1.379E-2	-1.305E-2	1.899E-2	-0.167	-0.128	0.211
5.906	-1.121E-2	0.285	0.285	-1.798E-2	-1.190E-2	2.156E-2	-0.382	0.262	0.463
5.923	-1.163E-2	0.284	0.285	-2.861E-2	-1.094E-4	2.862E-2	-0.279	0.311	0.417
5.939	-1.217E-2	0.285	0.285	-2.777E-2	-2.235E-3	2.786E-2	6.800E-2	-7.205E-2	9.907E-2
5.956	-1.256E-2	0.284	0.285	-2.456E-2	-3.875E-3	2.486E-2	0.414	-0.110	0.429
5.973	-1.299E-2	0.284	0.285	-1.614E-2	-4.611E-3	1.678E-2	0.196	-0.190	0.273
5.989	-1.310E-2	0.284	0.285	-1.415E-2	-1.063E-2	1.770E-2	-0.292	-0.707	0.765
6.006	-1.346E-2	0.284	0.284	-2.835E-2	-2.704E-2	3.918E-2	-0.453	-7.273E-2	0.459
6.023	-1.404E-2	0.283	0.284	-3.080E-2	-1.916E-2	3.628E-2	-0.153	-0.231	0.277
6.039	-1.448E-2	0.283	0.284	-3.062E-2	-2.345E-2	3.857E-2	0.149	5.058E-2	0.157
6.056	-1.507E-2	0.283	0.283	-2.856E-2	-3.018E-2	4.155E-2	0.232	8.926E-3	0.232
6.073	-1.544E-2	0.282	0.283	-2.071E-2	-1.406E-2	2.503E-2	5.603E-2	-0.304	0.309
6.089	-1.576E-2	0.282	0.283	-2.614E-2	-4.012E-2	4.789E-2	3.493E-2	-0.711	0.712
6.106	-1.631E-2	0.281	0.282	-2.319E-2	-4.679E-2	5.222E-2	-0.176	0.241	0.298
6.123	-1.653E-2	0.281	0.281	-2.629E-2	-2.446E-2	3.591E-2	0.317	0.595	0.674
6.139	-1.719E-2	0.280	0.281	-2.046E-2	-2.689E-2	3.378E-2	-3.920E-2	-0.380	0.382
6.156	-1.721E-2	0.280	0.280	-1.799E-2	-3.929E-2	4.321E-2	5.368E-2	-0.390	0.393
6.173	-1.779E-2	0.279	0.279	-2.710E-2	-4.072E-2	4.892E-2	-0.183	-0.364	0.407
6.190	-1.812E-2	0.278	0.279	-1.967E-2	-4.817E-2	5.204E-2	0.145	-0.439	0.462
6.206	-1.844E-2	0.277	0.278	-2.281E-2	-5.899E-2	6.325E-2	0.105	0.151	0.184
6.223	-1.888E-2	0.276	0.277	-1.824E-2	-4.371E-2	4.737E-2	0.120	0.636	0.648
6.240	-1.905E-2	0.276	0.277	-1.540E-2	-3.283E-2	3.626E-2	-0.223	-0.455	0.507
6.256	-1.939E-2	0.275	0.276	-2.725E-2	-5.914E-2	6.512E-2	-0.715	-0.832	1.097
6.273	-1.996E-2	0.274	0.275	-3.971E-2	-6.813E-2	7.886E-2	9.537E-2	0.275	0.291
6.290	-2.072E-2	0.273	0.274	-2.727E-2	-4.460E-2	5.227E-2	0.934	0.776	1.214
6.306	-2.087E-2	0.272	0.273	-3.423E-3	-4.022E-2	4.036E-2	0.971	7.046E-2	0.974
6.323	-2.083E-2	0.272	0.272	3.985E-3	-4.560E-2	4.577E-2	-0.610	-0.543	0.816
6.340	-2.074E-2	0.271	0.272	-2.041E-2	-5.570E-2	5.933E-2	-0.915	-0.601	1.095
6.356	-2.151E-2	0.270	0.271	-3.574E-2	-6.857E-2	7.733E-2	-0.301	-0.159	0.340
6.373	-2.193E-2	0.269	0.269	-2.386E-2	-6.135E-2	6.583E-2	0.754	0.405	0.856
6.390	-2.231E-2	0.268	0.269	-1.313E-2	-5.212E-2	5.375E-2	-6.446E-2	-0.207	0.217
6.406	-2.237E-2	0.267	0.268	-2.098E-2	-6.742E-2	7.061E-2	-8.749E-2	-0.202	0.220
6.423	-2.301E-2	0.265	0.266	-2.438E-2	-6.565E-2	7.003E-2	0.297	0.307	0.427
6.440	-2.318E-2	0.265	0.266	-5.317E-3	-4.995E-2	5.023E-2	4.665E-2	8.612E-2	9.795E-2
6.456	-2.319E-2	0.264	0.265	-2.048E-2	-6.381E-2	6.701E-2	-0.420	-0.343	0.542
6.473	-2.387E-2	0.263	0.264	-2.768E-2	-6.622E-2	7.178E-2	-0.412	-4.415E-2	0.415
6.490	-2.411E-2	0.262	0.263	-2.600E-2	-6.005E-2	6.543E-2	0.415	8.217E-2	0.423
6.506	-2.473E-2	0.261	0.262	-2.123E-2	-6.578E-2	6.912E-2	4.103E-3	-0.492	0.492
6.523	-2.482E-2	0.259	0.261	-1.782E-2	-7.533E-2	7.741E-2	-5.745E-2	-0.114	0.128
6.540	-2.533E-2	0.258	0.259	-2.926E-2	-7.298E-2	7.863E-2	0.342	0.287	0.446
6.557	-2.580E-2	0.257	0.258	-7.210E-3	-6.192E-2	6.234E-2	0.572	0.343	0.667
6.573	-2.557E-2	0.256	0.257	-2.180E-3	-6.247E-2	6.251E-2	-0.694	-0.156	0.712
6.590	-2.587E-2	0.255	0.256	-3.536E-2	-6.723E-2	7.596E-2	-0.785	4.203E-2	0.786
6.607	-2.675E-2	0.254	0.255	-3.382E-2	-6.286E-2	7.138E-2	0.793	0.298	0.847
6.623	-2.700E-2	0.253	0.254	-2.715E-3	-5.474E-2	5.481E-2	0.377	-4.152E-2	0.379
6.640	-2.684E-2	0.252	0.253	-1.675E-2	-6.381E-2	6.597E-2	-0.392	-0.567	0.689
6.657	-2.756E-2	0.251	0.252	-2.724E-2	-7.608E-2	8.081E-2	-0.360	0.279	0.456
6.673	-2.775E-2	0.249	0.251	-1.942E-2	-5.700E-2	6.022E-2	0.323	0.764	0.829
6.690	-2.820E-2	0.249	0.250	-2.174E-2	-4.291E-2	4.810E-2	-0.102	-0.209	0.233
6.707	-2.847E-2	0.248	0.250	-1.962E-2	-6.695E-2	6.976E-2	-7.165E-3	-0.520	0.520
6.723	-2.886E-2	0.247	0.248	-2.366E-2	-6.630E-2	7.039E-2	-0.284	-0.194	0.344
6.740	-2.926E-2	0.246	0.247	-2.822E-2	-6.410E-2	7.004E-2	-2.001E-2	-2.574E-2	3.261E-2
6.757	-2.980E-2	0.244	0.246	-2.622E-2	-7.447E-2	7.895E-2	5.646E-2	-0.127	0.139
6.773	-3.014E-2	0.243	0.245	-2.360E-2	-6.558E-2	6.970E-2	-8.032E-3	-0.146	0.146
6.790	-3.059E-2	0.242	0.244	-2.812E-2	-7.653E-2	8.153E-2	-0.313	-0.288	0.425
6.807	-3.108E-2	0.241	0.243	-3.333E-2	-8.166E-2	8.820E-2	0.205	0.521	0.560
6.823	-3.170E-2	0.239	0.242	-2.413E-2	-5.620E-2	6.116E-2	-0.138	0.813	0.824
6.840	-3.188E-2	0.239	0.241	-3.076E-2	-5.031E-2	5.897E-2	0.208	-0.177	0.273
6.857	-3.273E-2	0.238	0.240	-2.800E-2	-6.604E-2	7.173E-2	-7.600E-2	-0.397	0.404
6.874	-3.282E-2	0.237	0.239	-2.167E-2	-6.509E-2	6.860E-2	0.115	8.628E-2	0.144
6.890	-3.345E-2	0.236	0.238	-3.280E-2	-5.987E-2	6.826E-2	-6.645E-2	-0.299	0.306
6.907	-3.391E-2	0.235	0.237	-2.103E-2	-7.485E-2	7.775E-2	0.549	-0.737	0.919
6.924	-3.415E-2	0.233	0.236	-1.348E-2	-8.783E-2	8.886E-2	0.352	0.344	0.492
6.940	-3.436E-2	0.232	0.234	-1.029E-2	-6.484E-2	6.565E-2	-0.855	0.310	0.909
6.957	-3.449E-2	0.231	0.234	-3.731E-2	-6.726E-2	7.692E-2	-0.870	-0.468	0.988
6.974	-3.560E-2	0.229	0.232	-5.033E-2	-9.125E-2	0.104	-0.148	-0.294	0.329
6.990	-3.617E-2	0.228	0.231	-3.350E-2	-7.510E-2	8.223E-2	0.871	0.688	1.110
7.007	-3.672E-2	0.227	0.230	-2.460E-2	-6.383E-2	6.840E-2	0.109	-0.297	0.316
7.024	-3.699E-2	0.226	0.229	-2.616E-2	-8.546E-2	8.937E-2	-0.159	-0.540	0.563
7.040	-3.759E-2	0.224	0.227	-3.419E-2	-8.871E-2	9.507E-2	-0.754	-0.277	0.804
7.057	-3.813E-2	0.223	0.226	-4.726E-2	-8.606E-2	9.818E-2	-0.114	8.754E-2	0.144
7.074	-3.917E-2	0.221	0.225	-4.497E-2	-9.233E-2	0.103	0.720	-0.486	0.869
7.090	-3.963E-2	0.220	0.223	-1.763E-2	-9.722E-2	9.880E-2	0.784	0.438	0.898
7.107	-3.976E-2	0.218	0.222	-1.701E-2	-8.503E-2	8.672E-2	-0.608	6.039E-2	0.611
7.124	-4.020E-2	0.217	0.221	-4.014E-2	-8.388E-2	9.299E-2	-0.610	-5.736E-2	0.613
7.140	-4.110E-2	0.215	0.219	-4.163E-2	-9.770E-2	0.106	0.170	-0.424	0.457
7.157	-4.159E-2	0.214	0.218	-2.912E-2	-9.218E-2	9.667E-2	0.399	0.138	0.422
7.174	-4.207E-2	0.212	0.216	-2.978E-2	-9.501E-2	9.957E-2	5.488E-2	0.168	0.177
7.191	-4.259E-2	0.210	0.215	-2.804E-2	-8.735E-2	9.174E-2	0.297	0.393	0.493
7.207	-4.301E-2	0.209	0.214	-1.972E-2	-7.961E-2	8.202E-2	0.108	-8.106E-2	0.135
7.224	-4.324E-2	0.208	0.212	-2.212E-2	-8.977E-2	9.246E-2	-0.111	-0.855	0.863
7.241	-4.374E-2	0.206	0.211	-2.693E-2	-0.110	0.113	-0.307	-0.437	0.534
7.257	-4.414E-2	0.204	0.209	-2.951E-2	-0.107	0.111	-0.241	0.218	0.325
7.274	-4.473E-2	0.203	0.207	-3.683E-2	-9.727E-2	0.104	-0.335	-0.125	0.357
7.291	-4.537E-2	0.201	0.206	-4.009E-2	-0.112	0.119	0.102	0.126	0.162
7.307	-4.607E-2	0.199	0.204	-3.468E-2	-0.100	0.106	0.604	0.165	0.626
7.324	-4.653E-2	0.198	0.203	-1.892E-2	-9.473E-2	9.661E-2	0.214	-0.824	0.851
7.341	-4.670E-2	0.196	0.201	-2.409E-2	-0.134	0.136	-0.106	-0.228	0.252
7.357	-4.733E-2	0.193	0.199	-2.894E-2	-0.111	0.115	-0.507	0.688	0.855
7.374	-4.766E-2	0.192	0.198	-3.439E-2	-9.266E-2	9.884E-2	-0.503	0.132	0.520
7.391	-4.848E-2	0.190	0.196	-5.086E-2	-0.119	0.130	0.213	-0.527	0.568
7.407	-4.936E-2	0.188	0.194	-2.917E-2	-0.109	0.113	0.913	0.233	0.942
7.424	-4.945E-2	0.186	0.193	-1.237E-2	-0.106	0.107	7.840E-2	-3.337E-2	8.520E-2
7.441	-4.977E-2	0.184	0.191	-3.033E-2	-0.115	0.119	-0.847	-0.346	0.915
7.457	-5.046E-2	0.183	0.189	-4.262E-2	-0.116	0.124	0.431	-6.872E-2	0.437
7.474	-5.120E-2	0.181	0.188	-1.835E-2	-0.118	0.119	-0.311	-0.403	0.509
7.491	-5.108E-2	0.179	0.186	-3.894E-2	-0.128	0.134	-0.297	2.831E-2	0.298
7.508	-5.249E-2	0.176	0.184	-5.006E-2	-0.122	0.132	0.500	0.502	0.708
7.524	-5.275E-2	0.175	0.182	-6.854E-3	-0.105	0.106	0.675	2.599E-3	0.675
7.541	-5.272E-2	0.173	0.181	-2.624E-2	-0.122	0.124	-0.414	-0.269	0.493
7.558	-5.362E-2	0.170	0.179	-3.274E-2	-0.121	0.126	-0.457	0.161	0.485
7.574	-5.382E-2	0.169	0.177	-2.902E-2	-0.108	0.112	1.120E-2	0.725	0.725
7.591	-5.459E-2	0.167	0.176	-4.112E-2	-0.102	0.110	-0.110	-0.103	0.150
7.608	-5.519E-2	0.165	0.174	-2.957E-2	-0.106	0.110	9.270E-2	-0.788	0.793
7.624	-5.558E-2	0.163	0.172	-3.529E-2	-0.132	0.137	0.269	-0.373	0.460
7.641	-5.637E-2	0.161	0.170	-2.768E-2	-0.123	0.126	5.885E-2	0.194	0.203
7.658	-5.650E-2	0.159	0.169	-2.379E-2	-0.116	0.119	0.285	-0.123	0.311
7.674	-5.716E-2	0.157	0.167	-2.720E-2	-0.134	0.136	-0.220	-0.103	0.243
7.691	-5.741E-2	0.155	0.165	-2.408E-2	-0.121	0.123	-0.166	0.203	0.262
7.708	-5.796E-2	0.153	0.164	-3.661E-2	-0.120	0.125	-0.700	-0.281	0.754
7.724	-5.863E-2	0.151	0.162	-4.622E-2	-0.137	0.144	-0.218	-0.530	0.573
7.741	-5.950E-2	0.148	0.160	-4.609E-2	-0.136	0.144	0.461	0.403	0.613
7.758	-6.017E-2	0.146	0.158	-2.956E-2	-0.124	0.127	1.227	1.100	1.648
7.774	-6.049E-2	0.144	0.156	-5.198E-3	-9.906E-2	9.920E-2	0.195	0.395	0.441
7.791	-6.034E-2	0.143	0.155	-1.678E-2	-0.105	0.106	-0.813	-0.635	1.032
7.808	-6.105E-2	0.141	0.153	-4.184E-2	-0.128	0.134	-0.628	-0.350	0.719
7.824	-6.174E-2	0.139	0.152	-3.476E-2	-0.116	0.121	0.658	0.101	0.666
7.841	-6.221E-2	0.137	0.150	-1.946E-2	-0.118	0.119	0.421	0.257	0.493
7.858	-6.239E-2	0.135	0.148	-1.800E-2	-0.117	0.118	-0.276	-0.151	0.315
7.875	-6.281E-2	0.133	0.147	-3.127E-2	-0.114	0.118	-0.857	-0.523	1.005
7.891	-6.343E-2	0.131	0.145	-4.592E-2	-0.139	0.146	-0.462	-0.586	0.746
7.908	-6.434E-2	0.128	0.144	-4.919E-2	-0.136	0.145	0.495	0.747	0.896
7.925	-6.507E-2	0.126	0.142	-2.865E-2	-0.110	0.114	0.387	0.246	0.459
7.941	-6.530E-2	0.125	0.141	-3.042E-2	-0.123	0.127	0.221	0.139	0.260
7.958	-6.609E-2	0.122	0.139	-3.055E-2	-0.119	0.123	-6.087E-2	-0.656	0.659
7.975	-6.632E-2	0.121	0.138	-2.392E-2	-0.127	0.130	-8.668E-2	0.134	0.159
7.991	-6.688E-2	0.118	0.136	-3.804E-2	-0.134	0.139	-0.620	-0.463	0.774
8.008	-6.759E-2	0.116	0.134	-4.413E-2	-0.125	0.133	0.515	0.667	0.843
8.025	-6.836E-2	0.114	0.133	-2.395E-2	-0.126	0.128	3.421E-2	-0.294	0.296
8.041	-6.839E-2	0.112	0.131	-3.210E-2	-0.123	0.127	-0.363	0.155	0.395
8.058	-6.943E-2	0.110	0.130	-4.966E-2	-0.131	0.140	-0.521	-0.497	0.720
8.075	-7.004E-2	0.108	0.128	-4.099E-2	-0.132	0.138	0.565	0.448	0.721
8.091	-7.080E-2	0.105	0.127	-3.517E-2	-0.124	0.129	-2.150E-2	-0.144	0.145
8.108	-7.122E-2	0.104	0.126	-3.672E-2	-0.126	0.131	7.874E-2	7.727E-2	0.110
8.125	-7.202E-2	0.101	0.124	-3.855E-2	-0.133	0.138	-0.140	-0.412	0.435
8.141	-7.250E-2	9.916E-2	0.123	-3.605E-2	-0.130	0.135	0.359	-8.811E-2	0.369
8.158	-7.322E-2	9.676E-2	0.121	-3.159E-2	-0.142	0.145	-0.218	-0.462	0.511
8.175	-7.356E-2	9.443E-2	0.120	-3.666E-2	-0.143	0.148	-0.153	0.364	0.395
8.192	-7.445E-2	9.200E-2	0.118	-4.432E-2	-0.132	0.140	0.105	0.183	0.211
8.208	-7.504E-2	9.001E-2	0.117	-2.916E-2	-0.131	0.134	-1.462E-2	-7.294E-2	7.439E-2
8.225	-7.542E-2	8.762E-2	0.116	-4.162E-2	-0.140	0.147	-0.275	-0.207	0.345
8.242	-7.643E-2	8.532E-2	0.115	-4.656E-2	-0.136	0.144	0.325	0.501	0.597
8.258	-7.697E-2	8.309E-2	0.113	-2.523E-2	-0.125	0.127	0.882	1.153	1.452
8.275	-7.727E-2	8.116E-2	0.112	-1.703E-2	-9.780E-2	9.927E-2	-7.658E-2	1.076	1.079
8.292	-7.754E-2	7.983E-2	0.111	-2.714E-2	-8.428E-2	8.855E-2	-0.110	0.483	0.495
8.308	-7.817E-2	7.835E-2	0.111	-2.562E-2	-8.594E-2	8.968E-2	0.323	1.091	1.138
8.325	-7.840E-2	7.696E-2	0.110	-1.156E-2	-5.100E-2	5.230E-2	0.736	1.701	1.853
8.342	-7.856E-2	7.664E-2	0.110	-3.242E-3	-2.023E-2	2.049E-2	0.201	1.217	1.233
8.358	-7.850E-2	7.628E-2	0.109	-2.415E-3	-1.615E-2	1.633E-2	-9.737E-2	0.250	0.268
8.375	-7.864E-2	7.611E-2	0.109	-8.950E-3	-1.022E-2	1.358E-2	-0.142	8.817E-2	0.167
8.392	-7.880E-2	7.594E-2	0.109	-6.973E-3	-1.332E-2	1.503E-2	0.186	-0.217	0.286
8.408	-7.887E-2	7.566E-2	0.109	-2.128E-3	-1.835E-2	1.847E-2	-0.307	-0.415	0.516
8.425	-7.887E-2	7.533E-2	0.109	-1.490E-2	-2.613E-2	3.008E-2	-0.328	-0.380	0.502
8.442	-7.937E-2	7.479E-2	0.109	-1.911E-2	-3.262E-2	3.781E-2	0.196	2.507E-2	0.198
8.458	-7.951E-2	7.424E-2	0.109	-3.861E-3	-2.547E-2	2.576E-2	0.481	0.481	0.680
8.475	-7.950E-2	7.394E-2	0.109	-2.742E-3	-1.495E-2	1.520E-2	-0.193	0.105	0.220
8.492	-7.960E-2	7.374E-2	0.109	-1.125E-2	-2.078E-2	2.363E-2	-6.920E-2	-0.358	0.365
8.508	-7.987E-2	7.325E-2	0.108	-7.261E-3	-2.993E-2	3.080E-2	0.119	-0.212	0.243
8.525	-7.985E-2	7.274E-2	0.108	-3.294E-3	-2.701E-2	2.721E-2	0.300	-7.758E-2	0.310
8.542	-7.998E-2	7.234E-2	0.108	-1.017E-3	-3.069E-2	3.071E-2	-6.738E-2	1.564E-3	6.740E-2
8.559	-7.988E-2	7.172E-2	0.107	-1.614E-3	-3.031E-2	3.035E-2	-0.329	-0.281	0.432
8.575	-8.004E-2	7.133E-2	0.107	-1.455E-2	-3.536E-2	3.824E-2	-0.458	-0.427	0.627
8.592	-8.036E-2	7.054E-2	0.107	-1.751E-2	-4.885E-2	5.189E-2	9.684E-3	-0.323	0.324
8.609	-8.062E-2	6.970E-2	0.107	-1.323E-2	-4.549E-2	4.737E-2	0.428	0.236	0.489
8.625	-8.081E-2	6.902E-2	0.106	-3.926E-3	-3.958E-2	3.977E-2	5.253E-2	-0.157	0.165
8.642	-8.075E-2	6.838E-2	0.106	-8.140E-3	-4.948E-2	5.015E-2	-0.108	-8.943E-3	0.109
8.659	-8.108E-2	6.737E-2	0.105	-1.275E-2	-4.538E-2	4.713E-2	-0.153	-9.821E-2	0.182
8.675	-8.118E-2	6.687E-2	0.105	-9.258E-3	-4.476E-2	4.571E-2	0.527	0.107	0.538
8.692	-8.139E-2	6.588E-2	0.105	1.038E-3	-4.955E-2	4.956E-2	4.696E-2	-0.337	0.340
8.709	-8.114E-2	6.522E-2	0.104	-1.127E-3	-4.971E-2	4.972E-2	-4.658E-2	0.272	0.276
8.725	-8.142E-2	6.422E-2	0.104	-8.164E-3	-4.656E-2	4.727E-2	-0.342	-0.578	0.672
8.742	-8.142E-2	6.366E-2	0.103	-6.800E-3	-6.004E-2	6.043E-2	0.687	-1.380E-2	0.687
8.759	-8.165E-2	6.222E-2	0.103	8.243E-3	-6.024E-2	6.080E-2	0.112	9.037E-3	0.113
8.775	-8.114E-2	6.165E-2	0.102	7.640E-3	-4.660E-2	4.722E-2	-0.188	0.335	0.385
8.792	-8.140E-2	6.066E-2	0.102	-8.719E-3	-5.681E-2	5.747E-2	-0.245	-0.640	0.685
8.809	-8.143E-2	5.976E-2	0.101	3.785E-3	-6.402E-2	6.413E-2	0.336	9.190E-2	0.348
8.825	-8.127E-2	5.853E-2	0.100	4.049E-3	-5.899E-2	5.913E-2	-0.277	-7.221E-2	0.287
8.842	-8.130E-2	5.779E-2	9.974E-2	-7.147E-3	-5.875E-2	5.918E-2	-0.454	0.147	0.477
8.859	-8.151E-2	5.657E-2	9.921E-2	-1.198E-2	-6.197E-2	6.312E-2	-0.352	-0.212	0.411
8.876	-8.170E-2	5.572E-2	9.889E-2	-1.707E-2	-5.929E-2	6.170E-2	0.149	-0.286	0.323
8.892	-8.208E-2	5.459E-2	9.857E-2	-1.052E-2	-7.463E-2	7.537E-2	0.197	-0.395	0.441
8.909	-8.205E-2	5.323E-2	9.780E-2	-5.161E-3	-7.417E-2	7.435E-2	0.307	0.126	0.332
8.926	-8.225E-2	5.211E-2	9.737E-2	-5.030E-3	-6.736E-2	6.755E-2	0.223	-1.309E-3	0.223
8.942	-8.222E-2	5.098E-2	9.674E-2	4.906E-3	-7.440E-2	7.456E-2	0.170	5.128E-2	0.177
8.959	-8.209E-2	4.963E-2	9.592E-2	1.347E-3	-6.919E-2	6.920E-2	-9.261E-2	-0.176	0.199
8.976	-8.217E-2	4.867E-2	9.550E-2	-9.932E-4	-7.360E-2	7.361E-2	-0.282	-0.361	0.458
8.992	-8.212E-2	4.717E-2	9.470E-2	-4.862E-3	-8.788E-2	8.802E-2	0.200	-2.233E-2	0.201
9.009	-8.233E-2	4.574E-2	9.419E-2	8.724E-4	-7.326E-2	7.326E-2	9.176E-2	0.103	0.138
9.026	-8.209E-2	4.473E-2	9.349E-2	4.644E-3	-7.857E-2	7.871E-2	0.277	1.934E-4	0.277
9.042	-8.218E-2	4.312E-2	9.280E-2	4.004E-3	-8.222E-2	8.232E-2	2.988E-2	-8.830E-2	9.322E-2
9.059	-8.196E-2	4.199E-2	9.209E-2	1.014E-2	-7.400E-2	7.469E-2	-0.440	-0.234	0.498
9.076	-8.184E-2	4.065E-2	9.138E-2	-1.041E-2	-9.207E-2	9.266E-2	-0.398	-0.764	0.862
9.092	-8.230E-2	3.891E-2	9.104E-2	-1.021E-2	-0.102	0.103	0.162	-0.225	0.277
9.109	-8.218E-2	3.724E-2	9.022E-2	3.125E-3	-9.775E-2	9.780E-2	0.285	0.838	0.885
9.126	-8.220E-2	3.565E-2	8.960E-2	-4.024E-3	-7.645E-2	7.655E-2	-7.599E-2	0.108	0.132
9.142	-8.231E-2	3.469E-2	8.932E-2	-5.230E-4	-8.533E-2	8.533E-2	0.191	-0.513	0.548
9.159	-8.222E-2	3.281E-2	8.852E-2	4.721E-3	-0.105	0.105	0.193	-0.500	0.536
9.176	-8.216E-2	3.118E-2	8.787E-2	4.551E-3	-9.614E-2	9.624E-2	-2.242E-2	0.248	0.249
9.193	-8.207E-2	2.960E-2	8.724E-2	4.539E-3	-9.720E-2	9.730E-2	0.209	-0.310	0.374
9.209	-8.201E-2	2.793E-2	8.663E-2	1.017E-2	-0.106	0.107	-5.306E-2	-0.174	0.182
9.226	-8.173E-2	2.605E-2	8.578E-2	6.283E-3	-0.106	0.106	5.069E-2	0.673	0.675
9.243	-8.180E-2	2.441E-2	8.536E-2	6.412E-3	-8.301E-2	8.326E-2	-0.521	0.398	0.655
9.259	-8.151E-2	2.328E-2	8.477E-2	-3.632E-3	-8.649E-2	8.657E-2	-9.398E-2	-0.240	0.257
9.276	-8.192E-2	2.152E-2	8.470E-2	-6.653E-3	-9.932E-2	9.954E-2	-6.450E-2	-0.623	0.626
9.293	-8.173E-2	1.996E-2	8.414E-2	3.296E-3	-0.102	0.102	0.593	-0.475	0.760
9.309	-8.181E-2	1.813E-2	8.379E-2	6.821E-3	-0.117	0.118	0.153	-0.335	0.368
9.326	-8.151E-2	1.605E-2	8.307E-2	1.335E-2	-0.115	0.116	0.112	0.493	0.506
9.343	-8.136E-2	1.428E-2	8.261E-2	7.770E-3	-9.821E-2	9.852E-2	-0.144	9.783E-2	0.174
9.359	-8.125E-2	1.277E-2	8.225E-2	8.689E-3	-0.109	0.109	7.302E-2	-0.657	0.661
9.376	-8.107E-2	1.066E-2	8.177E-2	1.082E-2	-0.126	0.127	2.935E-2	5.262E-2	6.025E-2
9.393	-8.089E-2	8.555E-3	8.134E-2	9.693E-3	-0.107	0.107	-0.253	1.009	1.041
9.409	-8.075E-2	7.093E-3	8.106E-2	2.719E-3	-8.725E-2	8.729E-2	3.748E-2	0.940	0.940
9.426	-8.080E-2	5.644E-3	8.099E-2	8.011E-3	-7.931E-2	7.971E-2	-2.695E-2	1.244	1.245
9.443	-8.048E-2	4.446E-3	8.060E-2	7.354E-3	-4.716E-2	4.773E-2	-0.223	1.230	1.250
9.459	-8.055E-2	4.071E-3	8.065E-2	-4.264E-3	-3.109E-2	3.138E-2	-0.346	0.508	0.615
9.476	-8.062E-2	3.409E-3	8.070E-2	-2.798E-3	-3.659E-2	3.670E-2	0.111	-0.460	0.474
9.493	-8.064E-2	2.850E-3	8.069E-2	-2.334E-4	-4.300E-2	4.300E-2	0.397	-0.129	0.418
9.509	-8.063E-2	1.974E-3	8.066E-2	9.295E-3	-4.509E-2	4.604E-2	3.047E-2	2.924E-2	4.223E-2
9.526	-8.033E-2	1.345E-3	8.034E-2	4.930E-3	-3.846E-2	3.877E-2	-0.244	-9.756E-2	0.263
9.543	-8.047E-2	6.910E-4	8.047E-2	-4.279E-3	-4.831E-2	4.850E-2	-0.224	-0.994	1.018
9.560	-8.048E-2	-2.668E-4	8.048E-2	2.407E-4	-7.202E-2	7.202E-2	0.494	-0.230	0.545
9.576	-8.046E-2	-1.712E-3	8.048E-2	1.055E-2	-6.232E-2	6.321E-2	0.562	1.698	1.788
9.593	-8.012E-2	-2.346E-3	8.016E-2	2.140E-2	-1.030E-2	2.375E-2	0.327	2.070	2.096
9.610	-7.974E-2	-2.056E-3	7.977E-2	2.077E-2	1.198E-2	2.398E-2	-0.203	1.158	1.175
9.626	-7.943E-2	-1.946E-3	7.946E-2	1.449E-2	2.079E-2	2.534E-2	-0.243	0.857	0.891
9.643	-7.926E-2	-1.362E-3	7.927E-2	1.152E-2	4.412E-2	4.560E-2	-4.284E-2	0.803	0.804
9.660	-7.905E-2	-4.741E-4	7.905E-2	1.390E-2	4.877E-2	5.071E-2	0.218	0.410	0.464
9.676	-7.880E-2	2.653E-4	7.880E-2	1.840E-2	5.386E-2	5.692E-2	-8.712E-2	0.186	0.205
9.693	-7.843E-2	1.323E-3	7.844E-2	1.308E-2	5.898E-2	6.041E-2	-8.066E-2	0.415	0.423
9.710	-7.836E-2	2.233E-3	7.839E-2	1.166E-2	6.376E-2	6.482E-2	0.221	0.185	0.288
9.726	-7.804E-2	3.451E-3	7.812E-2	2.320E-2	6.900E-2	7.279E-2	0.492	-0.374	0.618
9.743	-7.759E-2	4.535E-3	7.772E-2	2.811E-2	5.084E-2	5.809E-2	-0.207	-0.982	1.004
9.760	-7.711E-2	5.147E-3	7.728E-2	1.753E-2	3.323E-2	3.757E-2	-0.560	-0.386	0.679
9.776	-7.700E-2	5.644E-3	7.721E-2	6.116E-3	3.787E-2	3.836E-2	3.940E-2	4.007E-2	5.619E-2
9.793	-7.690E-2	6.411E-3	7.717E-2	1.863E-2	3.844E-2	4.271E-2	0.531	-0.140	0.549
9.810	-7.638E-2	6.927E-3	7.669E-2	2.792E-2	3.003E-2	4.100E-2	-6.864E-2	-0.298	0.306
9.826	-7.597E-2	7.413E-3	7.633E-2	1.496E-2	2.928E-2	3.288E-2	-4.127E-3	0.367	0.367
9.843	-7.588E-2	7.904E-3	7.629E-2	2.298E-2	4.083E-2	4.685E-2	-2.075E-2	-3.843E-2	4.367E-2
9.860	-7.520E-2	8.775E-3	7.571E-2	2.319E-2	3.385E-2	4.103E-2	0.185	-0.504	0.537
9.877	-7.511E-2	9.033E-3	7.565E-2	1.965E-2	1.693E-2	2.594E-2	-0.351	-0.751	0.829
9.893	-7.455E-2	9.340E-3	7.513E-2	1.990E-2	1.265E-2	2.358E-2	-0.168	-0.300	0.344
9.910	-7.444E-2	9.455E-3	7.504E-2	7.903E-3	5.309E-3	9.520E-3	-0.120	0.343	0.363
9.927	-7.428E-2	9.517E-3	7.489E-2	1.724E-2	2.185E-2	2.783E-2	0.135	0.238	0.274
9.943	-7.387E-2	1.018E-2	7.457E-2	1.567E-2	2.135E-2	2.648E-2	0.190	-0.501	0.536
9.960	-7.376E-2	1.023E-2	7.447E-2	1.817E-2	-2.114E-3	1.829E-2	0.359	-0.550	0.657
9.977	-7.326E-2	1.011E-2	7.396E-2	3.201E-2	2.884E-3	3.214E-2	0.246	0.160	0.293
9.993	-7.269E-2	1.033E-2	7.342E-2	2.640E-2	7.457E-3	2.744E-2	-0.281	1.882E-2	0.281
10.010	-7.238E-2	1.036E-2	7.312E-2	1.996E-2	8.170E-4	1.997E-2	-3.835E-2	-0.142	0.148
10.027	-7.203E-2	1.035E-2	7.277E-2	2.592E-2	2.595E-3	2.605E-2	0.109	-0.160	0.194
10.043	-7.152E-2	1.045E-2	7.228E-2	2.550E-2	-2.255E-3	2.559E-2	-0.310	-0.394	0.502
10.060	-7.118E-2	1.028E-2	7.191E-2	1.431E-2	-1.293E-2	1.928E-2	-0.394	-0.380	0.547
10.077	-7.104E-2	1.002E-2	7.174E-2	1.096E-2	-1.468E-2	1.832E-2	-6.875E-2	-2.646E-2	7.366E-2
10.093	-7.081E-2	9.788E-3	7.148E-2	1.366E-2	-1.326E-2	1.904E-2	-4.514E-2	-0.107	0.116
10.110	-7.058E-2	9.575E-3	7.123E-2	9.631E-3	-1.754E-2	2.001E-2	1.174E-2	-0.264	0.264
10.127	-7.049E-2	9.202E-3	7.109E-2	1.200E-2	-2.336E-2	2.627E-2	0.286	-5.205E-2	0.290
10.143	-7.018E-2	8.796E-3	7.073E-2	2.116E-2	-1.957E-2	2.882E-2	8.664E-2	0.410	0.419
10.160	-6.978E-2	8.549E-3	7.031E-2	1.592E-2	-8.994E-3	1.829E-2	1.008E-2	-7.267E-2	7.336E-2
10.177	-6.965E-2	8.496E-3	7.017E-2	1.745E-2	-1.880E-2	2.565E-2	-0.180	-0.338	0.383
10.194	-6.920E-2	7.922E-3	6.965E-2	1.544E-2	-2.667E-2	3.082E-2	7.599E-2	-0.467	0.473
10.210	-6.914E-2	7.606E-3	6.955E-2	1.389E-2	-2.859E-2	3.179E-2	-9.493E-2	-0.286	0.302
10.227	-6.874E-2	6.968E-3	6.909E-2	1.767E-2	-3.984E-2	4.358E-2	0.372	-0.213	0.428
10.244	-6.855E-2	6.277E-3	6.883E-2	2.164E-2	-3.560E-2	4.166E-2	-0.336	0.236	0.411
10.260	-6.802E-2	5.780E-3	6.826E-2	1.295E-2	-3.001E-2	3.269E-2	-2.705E-2	-4.411E-2	5.174E-2
10.277	-6.811E-2	5.275E-3	6.832E-2	1.141E-2	-3.702E-2	3.874E-2	-0.103	-0.285	0.303
10.294	-6.764E-2	4.545E-3	6.779E-2	1.860E-2	-4.171E-2	4.567E-2	6.327E-2	-9.384E-2	0.113
10.310	-6.749E-2	3.883E-3	6.761E-2	8.181E-3	-3.874E-2	3.959E-2	-0.117	-0.111	0.162
10.327	-6.736E-2	3.252E-3	6.744E-2	1.505E-2	-4.450E-2	4.697E-2	-8.996E-2	-0.231	0.248
10.344	-6.699E-2	2.398E-3	6.704E-2	9.118E-3	-4.883E-2	4.967E-2	0.253	0.235	0.345
10.360	-6.706E-2	1.623E-3	6.708E-2	1.590E-2	-3.646E-2	3.977E-2	0.253	1.181	1.207
10.377	-6.646E-2	1.182E-3	6.647E-2	2.644E-2	-9.353E-3	2.804E-2	3.588E-2	1.263	1.263
10.394	-6.618E-2	1.311E-3	6.619E-2	1.230E-2	8.953E-3	1.521E-2	-0.504	0.658	0.829
10.410	-6.605E-2	1.481E-3	6.607E-2	9.319E-3	1.047E-2	1.401E-2	-0.191	-2.253E-2	0.193
10.427	-6.586E-2	1.660E-3	6.589E-2	7.640E-3	8.444E-3	1.139E-2	-0.112	-3.569E-2	0.118
10.444	-6.580E-2	1.763E-3	6.582E-2	4.281E-3	8.265E-3	9.308E-3	9.838E-2	-8.531E-2	0.130
10.460	-6.572E-2	1.936E-3	6.575E-2	1.060E-2	7.024E-3	1.272E-2	0.389	-0.395	0.555
10.477	-6.544E-2	1.997E-3	6.547E-2	1.872E-2	-4.960E-3	1.936E-2	6.189E-2	-0.495	0.499
10.494	-6.510E-2	1.771E-3	6.512E-2	1.339E-2	-1.174E-2	1.781E-2	-0.244	-0.365	0.439
10.511	-6.500E-2	1.605E-3	6.502E-2	7.955E-3	-1.470E-2	1.671E-2	-4.496E-2	-5.703E-2	7.262E-2
10.527	-6.483E-2	1.280E-3	6.484E-2	1.301E-2	-1.579E-2	2.046E-2	8.587E-2	0.150	0.173
10.544	-6.456E-2	1.078E-3	6.457E-2	1.206E-2	-8.482E-3	1.475E-2	-0.164	0.257	0.305
10.561	-6.443E-2	9.972E-4	6.444E-2	6.156E-3	-6.477E-3	8.936E-3	-0.147	-0.292	0.327
10.577	-6.436E-2	8.620E-4	6.436E-2	6.897E-3	-1.782E-2	1.911E-2	0.386	-0.434	0.581
10.594	-6.420E-2	4.026E-4	6.420E-2	1.867E-2	-2.401E-2	3.041E-2	0.172	-0.117	0.208
10.611	-6.373E-2	6.086E-5	6.373E-2	1.657E-2	-1.947E-2	2.557E-2	-9.168E-2	-0.102	0.137
10.627	-6.365E-2	-2.470E-4	6.365E-2	1.031E-2	-2.648E-2	2.842E-2	-0.400	0.172	0.435
10.644	-6.339E-2	-8.228E-4	6.339E-2	7.457E-3	-1.847E-2	1.992E-2	-0.134	0.573	0.588
10.661	-6.340E-2	-8.634E-4	6.340E-2	2.423E-3	-1.741E-3	2.983E-3	-0.153	0.689	0.706
10.677	-6.331E-2	-8.809E-4	6.331E-2	4.467E-3	2.001E-3	4.895E-3	0.178	-1.826E-2	0.179
10.694	-6.325E-2	-7.967E-4	6.325E-2	7.169E-3	-7.505E-4	7.208E-3	-9.250E-2	-2.547E-2	9.595E-2
10.711	-6.307E-2	-9.059E-4	6.308E-2	3.559E-3	-1.642E-3	3.920E-3	-0.243	-4.885E-2	0.248
10.727	-6.313E-2	-8.515E-4	6.314E-2	-3.537E-3	2.768E-4	3.547E-3	-2.836E-2	-0.104	0.108
10.744	-6.319E-2	-8.967E-4	6.319E-2	2.781E-3	-6.177E-3	6.774E-3	0.422	-0.257	0.494
10.761	-6.304E-2	-1.058E-3	6.305E-2	1.190E-2	-8.963E-3	1.490E-2	0.531	7.159E-2	0.536
10.777	-6.279E-2	-1.196E-3	6.280E-2	1.973E-2	-3.747E-3	2.008E-2	0.299	0.426	0.520
10.794	-6.238E-2	-1.183E-3	6.239E-2	2.308E-2	5.745E-3	2.379E-2	-0.350	0.449	0.569
10.811	-6.202E-2	-1.004E-3	6.203E-2	8.713E-3	1.183E-2	1.469E-2	-0.481	1.986E-2	0.481
10.827	-6.209E-2	-7.878E-4	6.209E-2	2.652E-3	6.890E-3	7.383E-3	-0.204	-0.302	0.364
10.844	-6.193E-2	-7.742E-4	6.194E-2	6.134E-3	-2.151E-5	6.134E-3	2.226E-2	-0.230	0.231
10.861	-6.188E-2	-7.885E-4	6.189E-2	1.675E-3	-2.567E-4	1.695E-3	-0.126	0.153	0.198
10.878	-6.188E-2	-7.827E-4	6.188E-2	1.851E-3	4.736E-3	5.085E-3	0.576	0.517	0.774
10.894	-6.182E-2	-6.305E-4	6.182E-2	1.917E-2	1.704E-2	2.565E-2	0.385	0.360	0.528
10.911	-6.124E-2	-2.140E-4	6.124E-2	2.107E-2	1.922E-2	2.852E-2	-0.156	-0.136	0.207
10.928	-6.112E-2	1.067E-5	6.112E-2	7.609E-3	1.020E-2	1.273E-2	-0.584	-0.439	0.730
10.944	-6.098E-2	1.263E-4	6.098E-2	4.313E-3	4.768E-3	6.430E-3	1.473E-2	-0.237	0.237
10.961	-6.097E-2	1.698E-4	6.097E-2	6.100E-3	2.208E-3	6.487E-3	0.105	-0.112	0.154
10.978	-6.078E-2	2.000E-4	6.078E-2	1.021E-2	1.292E-3	1.029E-2	0.165	-1.427E-2	0.165
10.994	-6.063E-2	2.129E-4	6.063E-2	1.013E-2	1.531E-3	1.024E-2	0.164	4.315E-2	0.170
11.011	-6.044E-2	2.511E-4	6.044E-2	1.574E-2	2.931E-3	1.601E-2	6.488E-2	-0.369	0.374
11.028	-6.011E-2	3.107E-4	6.011E-2	1.409E-2	-8.912E-3	1.667E-2	3.290E-2	-0.173	0.176
11.044	-5.997E-2	-4.629E-5	5.997E-2	1.381E-2	-8.369E-3	1.615E-2	-0.277	0.186	0.333
11.061	-5.965E-2	3.142E-5	5.965E-2	8.766E-3	3.031E-3	9.275E-3	-0.270	0.313	0.413
11.078	-5.968E-2	5.486E-5	5.968E-2	6.656E-4	-4.809E-5	6.673E-4	-4.665E-2	-0.364	0.367
11.094	-5.963E-2	2.981E-5	5.963E-2	8.624E-3	-8.333E-3	1.199E-2	-2.676E-2	-6.322E-2	6.865E-2
11.111	-5.939E-2	-2.232E-4	5.939E-2	2.644E-3	-5.309E-3	5.931E-3	-0.225	0.310	0.383
11.128	-5.954E-2	-1.473E-4	5.954E-2	-3.700E-3	5.641E-3	6.746E-3	-0.227	0.371	0.435
11.144	-5.951E-2	-3.495E-5	5.951E-2	-1.409E-3	6.081E-3	6.242E-3	0.189	5.790E-2	0.198
11.161	-5.958E-2	5.556E-5	5.958E-2	3.863E-4	7.004E-3	7.014E-3	6.487E-3	4.829E-3	8.087E-3
11.178	-5.950E-2	1.987E-4	5.950E-2	1.110E-3	7.011E-3	7.099E-3	-8.406E-2	-9.961E-2	0.130
11.195	-5.955E-2	2.895E-4	5.955E-2	-4.036E-3	3.310E-3	5.220E-3	3.654E-2	-0.153	0.157
11.211	-5.964E-2	3.092E-4	5.964E-2	1.572E-3	1.481E-3	2.160E-3	8.702E-2	-2.864E-2	9.161E-2
11.228	-5.950E-2	3.389E-4	5.950E-2	1.914E-3	2.625E-3	3.248E-3	-8.238E-2	8.918E-2	0.121
11.245	-5.957E-2	3.968E-4	5.957E-2	-4.071E-3	4.506E-3	6.073E-3	-0.152	-5.451E-2	0.162
11.261	-5.963E-2	4.893E-4	5.963E-2	-2.287E-3	1.552E-3	2.764E-3	0.197	-0.163	0.255
11.278	-5.965E-2	4.486E-4	5.965E-2	2.320E-3	-2.244E-3	3.227E-3	0.178	-0.293	0.343
11.295	-5.955E-2	4.144E-4	5.956E-2	4.578E-3	-6.913E-3	8.292E-3	-4.004E-2	-6.767E-2	7.863E-2
11.311	-5.949E-2	2.179E-4	5.950E-2	6.226E-4	-6.652E-3	6.681E-3	8.022E-2	0.226	0.240
11.328	-5.953E-2	1.924E-4	5.953E-2	5.471E-3	2.239E-3	5.911E-3	0.311	0.174	0.356
11.345	-5.931E-2	2.926E-4	5.931E-2	1.357E-2	3.199E-4	1.357E-2	0.286	-9.193E-2	0.300
11.361	-5.908E-2	2.031E-4	5.908E-2	1.399E-2	-3.287E-3	1.438E-2	7.626E-3	-2.625E-2	2.734E-2
11.378	-5.885E-2	1.829E-4	5.885E-2	1.383E-2	5.920E-4	1.384E-2	-0.363	0.234	0.432
11.395	-5.862E-2	2.229E-4	5.862E-2	3.269E-3	4.458E-3	5.528E-3	-0.176	9.793E-2	0.201
11.411	-5.874E-2	3.317E-4	5.874E-2	3.537E-3	4.484E-3	5.711E-3	-7.646E-2	-4.761E-2	9.007E-2
11.428	-5.850E-2	3.725E-4	5.850E-2	6.328E-3	2.048E-3	6.652E-3	0.205	-7.181E-2	0.217
11.445	-5.853E-2	4.000E-4	5.853E-2	5.614E-3	2.189E-3	6.025E-3	-0.182	-0.102	0.209
11.461	-5.831E-2	4.455E-4	5.832E-2	4.545E-3	-6.693E-4	4.594E-3	-0.201	-7.155E-2	0.213
11.478	-5.837E-2	3.777E-4	5.837E-2	-4.323E-3	-1.597E-3	4.609E-3	0.119	1.618E-3	0.119
11.495	-5.846E-2	3.922E-4	5.846E-2	7.662E-3	6.115E-4	7.686E-3	7.103E-2	0.142	0.159
11.511	-5.812E-2	3.981E-4	5.812E-2	4.104E-3	2.428E-3	4.768E-3	-0.209	0.111	0.236
11.528	-5.832E-2	4.732E-4	5.832E-2	-6.564E-3	4.895E-3	8.188E-3	-0.428	-0.121	0.445
11.545	-5.834E-2	5.614E-4	5.834E-2	-5.599E-3	-9.189E-4	5.674E-3	0.430	-0.220	0.483
11.562	-5.851E-2	4.426E-4	5.851E-2	3.674E-3	-4.645E-3	5.922E-3	0.160	-0.101	0.189
11.578	-5.821E-2	4.065E-4	5.822E-2	6.020E-3	-2.621E-3	6.566E-3	-0.212	4.639E-2	0.217
11.595	-5.831E-2	3.551E-4	5.831E-2	-8.306E-3	-3.519E-3	9.021E-3	-0.473	0.108	0.486
11.612	-5.849E-2	2.890E-4	5.849E-2	-9.183E-3	3.188E-4	9.188E-3	8.030E-2	0.160	0.179
11.628	-5.861E-2	3.657E-4	5.861E-2	-5.016E-3	3.291E-3	5.999E-3	0.393	-4.467E-2	0.395
11.645	-5.866E-2	3.988E-4	5.866E-2	3.428E-3	-1.639E-3	3.800E-3	0.109	-8.781E-2	0.140
11.662	-5.850E-2	3.111E-4	5.850E-2	1.249E-3	-1.084E-3	1.654E-3	-0.184	0.231	0.295
11.678	-5.862E-2	3.627E-4	5.862E-2	-6.124E-3	7.181E-3	9.438E-3	-0.116	0.131	0.175
11.695	-5.870E-2	5.507E-4	5.871E-2	-1.664E-3	4.786E-3	5.067E-3	0.161	-0.210	0.264
11.712	-5.867E-2	5.224E-4	5.868E-2	3.196E-4	-2.187E-3	2.210E-3	5.640E-2	-0.168	0.177
11.728	-5.869E-2	4.777E-4	5.869E-2	-7.683E-4	-3.604E-4	8.486E-4	-0.108	2.119E-2	0.110
11.745	-5.870E-2	5.103E-4	5.870E-2	-2.625E-3	-4.104E-4	2.657E-3	5.964E-2	-5.395E-2	8.042E-2
11.762	-5.878E-2	4.640E-4	5.878E-2	-1.624E-4	-3.119E-3	3.123E-3	0.204	3.659E-2	0.208
11.778	-5.870E-2	4.063E-4	5.871E-2	5.712E-3	4.869E-4	5.733E-3	-8.579E-2	0.152	0.175
11.795	-5.859E-2	4.803E-4	5.859E-2	-2.096E-3	3.298E-3	3.908E-3	-0.269	0.111	0.291
11.812	-5.877E-2	5.163E-4	5.878E-2	-6.610E-3	3.158E-3	7.326E-3	-2.884E-2	-0.207	0.209
11.828	-5.881E-2	5.856E-4	5.881E-2	-7.202E-4	-2.254E-3	2.366E-3	0.216	-0.221	0.309
11.845	-5.880E-2	4.411E-4	5.880E-2	4.126E-4	-6.510E-3	6.523E-3	-2.116E-2	-2.863E-2	3.560E-2
11.862	-5.880E-2	3.684E-4	5.880E-2	-1.498E-3	-2.013E-3	2.510E-3	-5.114E-2	0.289	0.293
11.879	-5.885E-2	3.740E-4	5.885E-2	-1.876E-3	3.091E-3	3.615E-3	4.838E-2	0.113	0.123
11.895	-5.886E-2	4.716E-4	5.886E-2	5.207E-4	2.665E-3	2.715E-3	-0.105	-0.118	0.158
11.912	-5.883E-2	4.629E-4	5.883E-2	-4.355E-3	-1.954E-3	4.774E-3	-2.144E-2	-5.643E-2	6.037E-2
11.929	-5.900E-2	4.063E-4	5.901E-2	-3.135E-3	3.004E-4	3.149E-3	0.104	7.097E-2	0.126
11.945	-5.894E-2	4.729E-4	5.894E-2	2.308E-3	1.962E-3	3.029E-3	0.258	7.315E-2	0.269
11.962	-5.893E-2	4.718E-4	5.893E-2	3.490E-3	1.422E-3	3.769E-3	-5.248E-2	-0.172	0.180
11.979	-5.882E-2	5.204E-4	5.882E-2	2.285E-3	-2.326E-3	3.261E-3	-6.765E-2	2.377E-3	6.770E-2
11.995	-5.885E-2	3.942E-4	5.885E-2	-5.972E-4	-1.126E-3	1.275E-3	1.016E-2	4.907E-2	5.011E-2
12.012	-5.884E-2	4.828E-4	5.884E-2	3.252E-3	2.325E-3	3.998E-3	5.551E-2	0.120	0.133
12.029	-5.874E-2	4.717E-4	5.874E-2	2.277E-3	8.959E-4	2.447E-3	-0.124	-1.594E-2	0.125
12.045	-5.876E-2	5.127E-4	5.876E-2	-2.121E-3	2.638E-3	3.385E-3	-8.357E-2	-6.488E-2	0.106
12.062	-5.881E-2	5.597E-4	5.882E-2	-6.206E-4	-9.058E-4	1.098E-3	5.677E-2	-7.650E-2	9.526E-2
12.079	-5.878E-2	4.824E-4	5.879E-2	7.444E-4	-1.460E-3	1.639E-3	0.127	-9.244E-3	0.128
12.095	-5.879E-2	5.110E-4	5.879E-2	2.570E-3	4.113E-4	2.602E-3	-5.857E-2	-4.789E-2	7.565E-2
12.112	-5.870E-2	4.962E-4	5.870E-2	4.728E-4	-3.509E-3	3.541E-3	-0.140	-2.845E-2	0.143
12.129	-5.877E-2	3.939E-4	5.877E-2	-4.008E-3	-1.728E-3	4.365E-3			
12.145	-5.883E-2	4.385E-4	5.883E-2						
