	mass B									
t	x	y	r	vx	vy	v	ax	ay	a	
0.000	-2.437E-4	8.475E-4	8.818E-4						
0.017	-2.646E-4	7.580E-4	8.029E-4	5.559E-3	-4.264E-3	7.006E-3			
0.033	-5.819E-5	7.052E-4	7.076E-4	7.860E-3	-3.826E-3	8.742E-3	-0.219	0.161	0.272
0.050	-2.295E-6	6.304E-4	6.304E-4	-3.099E-3	1.124E-4	3.101E-3	-0.299	0.141	0.331
0.067	-1.616E-4	7.090E-4	7.271E-4	-4.105E-3	2.593E-3	4.855E-3	-1.079E-2	9.088E-2	9.152E-2
0.083	-1.393E-4	7.169E-4	7.303E-4	-6.922E-4	1.707E-3	1.842E-3	0.122	8.255E-2	0.148
0.100	-1.847E-4	7.659E-4	7.879E-4	-1.545E-3	5.619E-3	5.827E-3	0.236	3.093E-2	0.238
0.117	-1.908E-4	9.044E-4	9.243E-4	6.790E-3	3.950E-3	7.855E-3	0.133	-0.258	0.291
0.133	4.185E-5	8.977E-4	8.987E-4	5.929E-3	-4.094E-3	7.205E-3	-0.126	-0.153	0.199
0.150	7.012E-6	7.678E-4	7.678E-4	-9.034E-4	-2.376E-3	2.542E-3	-8.518E-2	6.191E-2	0.105
0.167	1.170E-5	8.185E-4	8.185E-4	4.034E-3	4.202E-4	4.056E-3	-7.882E-2	0.125	0.148
0.184	1.416E-4	7.818E-4	7.945E-4	-1.328E-3	-3.833E-5	1.329E-3	-0.190	-0.138	0.235
0.200	-3.262E-5	8.172E-4	8.178E-4	-6.070E-3	-2.534E-3	6.578E-3	-8.069E-2	1.466E-2	8.201E-2
0.217	-6.091E-5	6.972E-4	6.999E-4	-1.497E-3	-1.938E-3	2.449E-3	0.169	0.122	0.208
0.234	-8.257E-5	7.525E-4	7.570E-4	-1.044E-3	3.646E-3	3.792E-3	5.724E-2	7.501E-2	9.435E-2
0.250	-9.573E-5	8.189E-4	8.245E-4	3.013E-4	4.185E-4	5.157E-4	-9.268E-3	-0.265	0.265
0.267	-7.252E-5	7.665E-4	7.699E-4	-7.691E-4	-5.881E-3	5.931E-3	0.151	-0.116	0.191
0.284	-1.214E-4	6.227E-4	6.344E-4	3.637E-3	-4.349E-3	5.669E-3	-7.741E-2	-1.087E-2	7.817E-2
0.300	4.883E-5	6.214E-4	6.233E-4	2.541E-4	-4.063E-3	4.071E-3	-0.151	-0.211	0.259
0.317	-1.129E-4	4.871E-4	5.000E-4	-5.752E-3	-1.250E-2	1.376E-2	-0.150	-0.104	0.183
0.334	-1.431E-4	2.043E-4	2.495E-4	-2.154E-3	-9.328E-3	9.574E-3	0.168	-0.148	0.224
0.350	-1.848E-4	1.759E-4	2.551E-4	-1.026E-3	-1.302E-2	1.306E-2	0.181	-0.836	0.855
0.367	-1.774E-4	-2.300E-4	2.904E-4	3.864E-3	-3.939E-2	3.958E-2	4.574E-2	-0.433	0.435
0.384	-5.586E-5	-1.138E-3	1.140E-3	2.018E-3	-3.318E-2	3.324E-2	-0.117	0.157	0.196
0.400	-1.100E-4	-1.337E-3	1.341E-3	-2.177E-3	-2.417E-2	2.427E-2	-0.224	7.578E-2	0.236
0.417	-1.285E-4	-1.945E-3	1.949E-3	-3.983E-3	-3.710E-2	3.731E-2	7.193E-2	-0.406	0.412
0.434	-2.429E-4	-2.575E-3	2.586E-3	-1.514E-3	-3.635E-2	3.639E-2	0.207	-0.776	0.803
0.450	-1.790E-4	-3.158E-3	3.163E-3	4.724E-3	-5.905E-2	5.924E-2	0.555	-0.720	0.909
0.467	-8.528E-5	-4.545E-3	4.546E-3	1.513E-2	-6.944E-2	7.107E-2	-0.171	0.626	0.649
0.484	3.257E-4	-5.475E-3	5.485E-3	4.480E-3	-3.392E-2	3.421E-2	-0.540	0.827	0.988
0.500	6.420E-5	-5.677E-3	5.677E-3	-1.070E-2	-3.438E-2	3.601E-2	-0.234	-0.251	0.343
0.517	-3.146E-5	-6.622E-3	6.622E-3	1.233E-4	-5.238E-2	5.238E-2	0.311	-0.448	0.546
0.534	6.831E-5	-7.424E-3	7.425E-3	1.318E-3	-4.533E-2	4.535E-2	-0.207	-0.222	0.303
0.551	1.252E-5	-8.135E-3	8.135E-3	-8.243E-3	-5.748E-2	5.807E-2	-0.254	-0.426	0.496
0.567	-2.067E-4	-9.342E-3	9.345E-3	-8.552E-3	-6.523E-2	6.579E-2	-5.146E-2	-8.790E-2	0.102
0.584	-2.728E-4	-1.031E-2	1.031E-2	-7.451E-3	-5.646E-2	5.695E-2	0.229	-0.457	0.512
0.601	-4.553E-4	-1.123E-2	1.124E-2	-3.600E-3	-7.778E-2	7.786E-2	8.836E-2	-0.389	0.399
0.617	-3.930E-4	-1.291E-2	1.291E-2	-1.201E-3	-7.928E-2	7.929E-2	0.456	0.411	0.614
0.634	-4.954E-4	-1.387E-2	1.388E-2	7.255E-3	-5.507E-2	5.555E-2	2.663E-2	0.720	0.721
0.651	-1.509E-4	-1.474E-2	1.474E-2	6.275E-3	-5.686E-2	5.721E-2	-0.284	-0.189	0.341
0.667	-2.861E-4	-1.577E-2	1.577E-2	-8.213E-3	-6.290E-2	6.343E-2	-0.615	-0.622	0.875
0.684	-4.249E-4	-1.684E-2	1.685E-2	-1.175E-2	-7.574E-2	7.664E-2	0.353	-9.884E-2	0.367
0.701	-6.780E-4	-1.830E-2	1.831E-2	3.945E-4	-7.148E-2	7.148E-2	0.328	-3.664E-2	0.330
0.717	-4.118E-4	-1.923E-2	1.923E-2	5.624E-3	-6.898E-2	6.921E-2	0.152	3.081E-2	0.155
0.734	-4.904E-4	-2.060E-2	2.060E-2	-3.422E-4	-7.716E-2	7.716E-2	-0.480	-0.260	0.546
0.751	-4.232E-4	-2.180E-2	2.181E-2	-6.213E-3	-7.409E-2	7.435E-2	7.286E-2	0.155	0.171
0.767	-6.977E-4	-2.307E-2	2.308E-2	-3.335E-3	-7.360E-2	7.367E-2	-7.836E-2	-0.319	0.329
0.784	-5.345E-4	-2.426E-2	2.426E-2	-1.942E-3	-8.221E-2	8.223E-2	0.381	-0.438	0.580
0.801	-7.625E-4	-2.581E-2	2.582E-2	1.927E-3	-9.188E-2	9.190E-2	-7.417E-2	0.324	0.332
0.817	-4.702E-4	-2.732E-2	2.733E-2	3.690E-3	-7.209E-2	7.218E-2	-7.456E-2	5.489E-2	9.259E-2
0.834	-6.394E-4	-2.822E-2	2.823E-2	-7.166E-3	-8.106E-2	8.137E-2	-0.653	-0.179	0.677
0.851	-7.093E-4	-3.003E-2	3.004E-2	-1.389E-2	-9.103E-2	9.208E-2	-0.159	0.158	0.224
0.868	-1.103E-3	-3.126E-2	3.128E-2	-1.666E-2	-6.773E-2	6.975E-2	-7.754E-2	0.269	0.280
0.884	-1.265E-3	-3.229E-2	3.231E-2	-1.269E-2	-8.024E-2	8.124E-2	0.166	-0.432	0.463
0.901	-1.526E-3	-3.393E-2	3.397E-2	-1.329E-2	-8.952E-2	9.050E-2	9.155E-2	-0.214	0.233
0.918	-1.708E-3	-3.528E-2	3.532E-2	-8.830E-3	-8.195E-2	8.242E-2	0.180	-0.117	0.215
0.934	-1.821E-3	-3.667E-2	3.671E-2	-6.977E-3	-9.367E-2	9.393E-2	0.141	0.102	0.174
0.951	-1.941E-3	-3.840E-2	3.845E-2	-4.840E-3	-8.409E-2	8.423E-2	0.184	0.247	0.308
0.968	-1.982E-3	-3.947E-2	3.952E-2	-4.303E-4	-7.656E-2	7.657E-2	-7.263E-2	-0.172	0.187
0.984	-1.956E-3	-4.096E-2	4.100E-2	-5.942E-3	-9.526E-2	9.545E-2	-0.275	-1.185	1.216
1.001	-2.181E-3	-4.265E-2	4.271E-2	-1.222E-2	-0.114	0.115	0.260	-0.143	0.297
1.018	-2.364E-3	-4.477E-2	4.483E-2	2.282E-3	-0.106	0.106	0.387	1.053	1.122
1.034	-2.105E-3	-4.618E-2	4.623E-2	5.691E-3	-7.299E-2	7.321E-2	0.180	1.434	1.445
1.051	-2.174E-3	-4.721E-2	4.726E-2	2.609E-3	-5.814E-2	5.820E-2	-0.294	3.294	3.307
1.068	-2.017E-3	-4.812E-2	4.816E-2	4.879E-4	2.483E-2	2.483E-2	-0.264	5.860	5.866
1.084	-2.157E-3	-4.638E-2	4.643E-2	-9.542E-3	0.153	0.153	-0.588	5.569	5.600
1.101	-2.336E-3	-4.302E-2	4.309E-2	-1.725E-2	0.212	0.212	-0.976	2.304	2.502
1.118	-2.733E-3	-3.932E-2	3.941E-2	-4.132E-2	0.225	0.229	-0.183	1.183	1.197
1.134	-3.715E-3	-3.551E-2	3.570E-2	-3.135E-2	0.248	0.250	0.381	0.151	0.409
1.151	-3.779E-3	-3.105E-2	3.128E-2	-1.646E-2	0.239	0.240	0.564	-0.632	0.847
1.168	-4.264E-3	-2.752E-2	2.785E-2	-2.118E-2	0.215	0.216	-0.135	0.533	0.549
1.185	-4.486E-3	-2.386E-2	2.428E-2	-1.646E-2	0.257	0.257	0.155	1.718	1.725
1.201	-4.813E-3	-1.896E-2	1.956E-2	-1.822E-2	0.284	0.285	-8.166E-2	1.213	1.216
1.218	-5.094E-3	-1.438E-2	1.525E-2	-1.814E-2	0.287	0.288	0.279	0.718	0.770
1.235	-5.418E-3	-9.373E-3	1.083E-2	-1.075E-2	0.312	0.312	0.531	1.743	1.822
1.251	-5.452E-3	-3.977E-3	6.749E-3	1.712E-3	0.344	0.344	0.492	1.167	1.266
1.268	-5.361E-3	2.104E-3	5.759E-3	5.480E-3	0.356	0.356	-7.262E-2	0.465	0.471
1.285	-5.269E-3	7.902E-3	9.498E-3	-3.934E-4	0.353	0.353	3.158E-2	-1.329	1.329
1.301	-5.374E-3	1.389E-2	1.490E-2	3.450E-3	0.320	0.320	-0.361	-1.588	1.628
1.318	-5.154E-3	1.858E-2	1.929E-2	-6.070E-3	0.287	0.288	-0.387	-1.650	1.695
1.335	-5.577E-3	2.348E-2	2.414E-2	-1.749E-2	0.275	0.276	-0.372	-1.288	1.341
1.351	-5.738E-3	2.776E-2	2.835E-2	-1.302E-2	0.241	0.241	3.012E-2	-0.681	0.682
1.368	-6.011E-3	3.151E-2	3.208E-2	-1.830E-2	0.247	0.248	-1.937E-3	-0.169	0.169
1.385	-6.348E-3	3.601E-2	3.657E-2	-1.403E-2	0.247	0.247	0.592	-0.129	0.606
1.401	-6.479E-3	3.975E-2	4.027E-2	2.081E-3	0.232	0.232	0.648	-1.069	1.250
1.418	-6.279E-3	4.375E-2	4.420E-2	9.841E-3	0.220	0.220	-1.223	-0.501	1.322
1.435	-6.151E-3	4.708E-2	4.748E-2	-3.471E-2	0.207	0.210	-0.617	-0.658	0.902
1.451	-7.437E-3	5.067E-2	5.121E-2	-2.937E-2	0.204	0.207	8.725E-2	-0.968	0.972
1.468	-7.131E-3	5.390E-2	5.437E-2	-8.302E-3	0.174	0.174	1.148	9.092E-2	1.152
1.485	-7.714E-3	5.646E-2	5.698E-2	-9.179E-3	0.197	0.197	9.410E-2	-0.613	0.620
1.501	-7.437E-3	6.047E-2	6.093E-2	7.333E-3	0.177	0.178	4.999E-2	-0.523	0.525
1.518	-7.469E-3	6.238E-2	6.283E-2	-1.235E-2	0.150	0.151	-0.907	-0.863	1.252
1.535	-7.849E-3	6.548E-2	6.595E-2	-2.437E-2	0.170	0.172	0.484	0.222	0.532
1.552	-8.282E-3	6.806E-2	6.856E-2	9.810E-4	0.149	0.149	0.667	-0.477	0.819
1.568	-7.817E-3	7.045E-2	7.088E-2	8.566E-3	0.153	0.154	8.060E-2	-0.424	0.431
1.585	-7.997E-3	7.318E-2	7.361E-2	-6.346E-3	0.142	0.142	-0.771	-0.682	1.030
1.602	-8.028E-3	7.517E-2	7.560E-2	-1.173E-2	0.122	0.123	-0.101	-0.398	0.411
1.618	-8.388E-3	7.726E-2	7.772E-2	-1.422E-2	0.131	0.132	0.874	-0.108	0.880
1.635	-8.503E-3	7.955E-2	8.001E-2	1.745E-2	0.122	0.124	0.572	-0.357	0.674
1.652	-7.806E-3	8.134E-2	8.171E-2	1.464E-2	0.113	0.114	-1.385	-0.745	1.573
1.668	-8.014E-3	8.334E-2	8.372E-2	-3.656E-2	0.104	0.110	-0.296	-0.430	0.522
1.685	-9.025E-3	8.480E-2	8.528E-2	-6.019E-3	9.286E-2	9.305E-2	1.572	0.176	1.582
1.702	-8.215E-3	8.644E-2	8.683E-2	3.665E-2	0.111	0.117	0.832	0.500	0.971
1.718	-7.803E-3	8.852E-2	8.886E-2	1.232E-2	0.114	0.115	-1.661	-7.824E-3	1.661
1.735	-7.804E-3	9.024E-2	9.058E-2	-1.804E-2	0.106	0.107	-0.899	-0.744	1.167
1.752	-8.405E-3	9.205E-2	9.244E-2	-2.290E-2	9.359E-2	9.635E-2	-0.258	0.103	0.278
1.768	-8.568E-3	9.337E-2	9.376E-2	-1.903E-2	0.102	0.103	0.443	-0.885	0.989
1.785	-9.040E-3	9.544E-2	9.587E-2	-1.459E-2	7.910E-2	8.043E-2	0.306	-0.292	0.424
1.802	-9.055E-3	9.601E-2	9.643E-2	-3.243E-3	7.043E-2	7.050E-2	0.508	1.495	1.579
1.818	-9.148E-3	9.779E-2	9.822E-2	-9.069E-4	0.141	0.141	-0.207	-0.811	0.837
1.835	-9.085E-3	0.101	0.101	-6.953E-3	6.379E-2	6.417E-2	0.215	-1.191	1.210
1.852	-9.380E-3	9.992E-2	0.100	0.000	5.056E-2	5.056E-2	-1.198E-3	-5.573E-2	5.574E-2
1.869	-9.085E-3	0.102	0.103	1.845E-3	0.111	0.111	0.503	0.918	1.047
1.885	-9.318E-3	0.104	0.104	6.784E-3	5.866E-2	5.906E-2	-0.229	-1.811	1.826
1.902	-8.859E-3	0.104	0.105	5.547E-3	5.074E-2	5.104E-2	-0.151	0.473	0.497
1.919	-9.133E-3	0.105	0.106	-8.626E-3	7.608E-2	7.656E-2	-0.531	0.490	0.723
1.935	-9.146E-3	0.107	0.107	-6.054E-3	7.412E-2	7.437E-2	0.503	-0.363	0.621
1.952	-9.335E-3	0.108	0.108	3.441E-3	5.542E-2	5.553E-2	0.366	-1.412	1.459
1.969	-9.032E-3	0.109	0.109	1.201E-2	3.360E-2	3.569E-2	-0.231	0.527	0.576
1.985	-8.934E-3	0.109	0.109	-6.386E-3	5.920E-2	5.955E-2	-1.299	0.287	1.330
2.002	-9.245E-3	0.111	0.111	-3.201E-2	6.640E-2	7.372E-2	0.375	-0.261	0.457
2.019	-1.000E-2	0.111	0.112	-2.144E-3	3.076E-2	3.084E-2	1.352	-0.888	1.617
2.035	-9.316E-3	0.112	0.112	2.908E-2	4.349E-2	5.231E-2	0.260	-8.893E-2	0.275
2.052	-9.032E-3	0.113	0.113	-5.725E-4	3.153E-2	3.154E-2	-0.600	-0.391	0.716
2.069	-9.335E-3	0.113	0.113	2.757E-3	2.273E-2	2.290E-2	0.219	0.324	0.391
2.085	-8.940E-3	0.113	0.114	1.628E-2	4.593E-2	4.873E-2	-0.274	0.622	0.679
2.102	-8.792E-3	0.114	0.115	-8.944E-3	4.754E-2	4.837E-2	-0.662	-9.947E-2	0.669
2.119	-9.239E-3	0.115	0.115	-1.194E-2	3.717E-2	3.904E-2	0.370	-0.192	0.417
2.135	-9.191E-3	0.116	0.116	9.272E-3	4.259E-2	4.359E-2	0.726	-0.391	0.824
2.152	-8.929E-3	0.116	0.117	1.245E-2	2.779E-2	3.045E-2	-0.203	-0.425	0.471
2.169	-8.775E-3	0.116	0.117	1.718E-3	2.074E-2	2.081E-2	-0.262	-1.304E-2	0.262
2.186	-8.872E-3	0.117	0.117	1.053E-3	3.333E-2	3.334E-2	0.620	0.738	0.964
2.202	-8.740E-3	0.118	0.118	2.324E-2	4.267E-2	4.858E-2	-9.884E-2	2.515E-2	0.102
2.219	-8.096E-3	0.118	0.119	5.844E-3	3.835E-2	3.879E-2	-0.235	-0.338	0.412
2.236	-8.545E-3	0.119	0.119	-1.104E-5	2.634E-2	2.634E-2	-0.465	-0.117	0.480
2.252	-8.097E-3	0.119	0.120	5.708E-3	3.539E-2	3.585E-2	0.606	0.314	0.683
2.269	-8.355E-3	0.120	0.120	7.105E-3	3.959E-2	4.022E-2	-0.333	0.232	0.406
2.286	-7.860E-3	0.121	0.121	7.273E-3	4.019E-2	4.084E-2	4.859E-2	-6.470E-3	4.902E-2
2.302	-8.112E-3	0.121	0.122	-2.677E-3	4.168E-2	4.177E-2	-3.730E-2	-0.602	0.603
2.319	-7.949E-3	0.122	0.122	1.241E-2	2.109E-2	2.447E-2	0.435	-0.977	1.070
2.336	-7.698E-3	0.122	0.122	1.134E-2	4.394E-3	1.216E-2	8.790E-2	0.658	0.663
2.352	-7.571E-3	0.122	0.122	1.312E-2	4.070E-2	4.276E-2	-0.267	1.089	1.121
2.369	-7.260E-3	0.123	0.124	6.278E-3	5.391E-2	5.428E-2	-0.580	-0.381	0.694
2.386	-7.361E-3	0.124	0.124	-9.978E-3	1.844E-2	2.097E-2	-5.567E-2	-1.352	1.353
2.402	-7.593E-3	0.124	0.124	2.691E-3	7.831E-3	8.280E-3	0.716	0.106	0.723
2.419	-7.271E-3	0.124	0.124	1.921E-2	2.283E-2	2.984E-2	0.389	0.554	0.677
2.436	-6.952E-3	0.125	0.125	1.401E-2	3.022E-2	3.331E-2	-0.312	-8.286E-2	0.323
2.452	-6.804E-3	0.125	0.125	7.535E-3	1.790E-2	1.942E-2	5.066E-2	-0.454	0.457
2.469	-6.701E-3	0.125	0.126	1.481E-2	1.330E-2	1.991E-2	-3.927E-2	-0.407	0.409
2.486	-6.309E-3	0.126	0.126	1.071E-2	7.364E-3	1.300E-2	-8.649E-2	0.200	0.218
2.502	-6.343E-3	0.126	0.126	5.916E-3	1.483E-2	1.597E-2	-0.410	0.664	0.780
2.519	-6.112E-3	0.126	0.126	2.715E-3	3.480E-2	3.491E-2	0.123	0.459	0.475
2.536	-6.253E-3	0.127	0.127	3.926E-3	3.018E-2	3.043E-2	-5.335E-2	-0.392	0.395
2.553	-5.981E-3	0.127	0.127	7.340E-3	1.912E-2	2.048E-2	-4.360E-2	-0.497	0.499
2.569	-6.008E-3	0.127	0.128	-1.822E-3	1.439E-2	1.451E-2	-0.306	-2.332E-2	0.307
2.586	-6.042E-3	0.128	0.128	-1.707E-3	1.736E-2	1.744E-2	0.132	2.141E-2	0.134
2.603	-6.065E-3	0.128	0.128	2.198E-3	1.758E-2	1.772E-2	0.134	0.203	0.243
2.619	-5.969E-3	0.128	0.128	3.996E-3	2.083E-2	2.121E-2	-5.207E-2	-0.152	0.161
2.636	-5.932E-3	0.129	0.129	-2.126E-4	1.721E-2	1.721E-2	-0.194	-0.320	0.375
2.653	-5.976E-3	0.129	0.129	-2.883E-3	5.586E-3	6.286E-3	-5.104E-3	-0.252	0.252
2.669	-6.028E-3	0.129	0.129	-4.830E-4	9.945E-3	9.957E-3	-5.904E-3	0.342	0.342
2.686	-5.992E-3	0.129	0.129	-1.734E-3	1.767E-2	1.775E-2	0.198	0.120	0.231
2.703	-6.086E-3	0.130	0.130	3.343E-3	1.522E-2	1.558E-2	6.867E-2	1.541E-3	6.869E-2
2.719	-5.880E-3	0.130	0.130	4.756E-3	1.473E-2	1.547E-2	-7.199E-2	-0.127	0.146
2.736	-5.927E-3	0.130	0.130	-2.537E-3	1.426E-2	1.449E-2	-0.275	-0.462	0.538
2.753	-5.965E-3	0.130	0.130	-3.148E-3	-1.741E-3	3.597E-3	0.255	-0.521	0.580
2.769	-6.032E-3	0.130	0.130	4.484E-3	-5.973E-3	7.469E-3	0.177	0.117	0.212
2.786	-5.815E-3	0.130	0.130	6.274E-3	4.596E-3	7.777E-3	-0.109	0.267	0.289
2.803	-5.823E-3	0.130	0.130	-2.069E-3	4.212E-3	4.693E-3	-0.262	-0.156	0.305
2.819	-5.884E-3	0.130	0.130	-2.180E-3	-2.529E-3	3.339E-3	-2.618E-3	-0.168	0.168
2.836	-5.895E-3	0.130	0.130	-1.387E-3	-1.483E-3	2.031E-3	4.741E-2	3.316E-2	5.785E-2
2.853	-5.931E-3	0.130	0.130	-1.158E-3	-2.349E-4	1.181E-3	-9.201E-2	2.928E-2	9.655E-2
2.870	-5.934E-3	0.130	0.130	-3.596E-3	-1.330E-3	3.834E-3	-0.141	-8.444E-2	0.164
2.886	-6.051E-3	0.130	0.130	-6.965E-3	-2.546E-3	7.416E-3	0.321	-0.185	0.371
2.903	-6.166E-3	0.130	0.130	5.789E-3	-7.502E-3	9.476E-3	0.236	4.509E-2	0.241
2.920	-5.857E-3	0.130	0.130	6.304E-3	-2.945E-3	6.958E-3	-0.241	0.216	0.324
2.936	-5.956E-3	0.130	0.130	-7.366E-3	2.784E-3	7.875E-3	-0.302	0.107	0.320
2.953	-6.103E-3	0.130	0.130	-3.242E-3	-9.509E-4	3.379E-3	0.221	4.480E-4	0.221
2.970	-6.064E-3	0.130	0.130	1.864E-3	2.059E-3	2.778E-3	0.330	-2.522E-3	0.330
2.986	-6.041E-3	0.130	0.130	6.157E-3	1.219E-3	6.277E-3	-0.379	0.106	0.394
3.003	-5.859E-3	0.130	0.130	-6.824E-3	2.490E-3	7.264E-3	-0.520	-5.671E-2	0.523
3.020	-6.269E-3	0.130	0.130	-1.790E-2	2.862E-3	1.813E-2	0.239	-0.155	0.285
3.036	-6.456E-3	0.130	0.130	3.482E-3	-5.140E-3	6.208E-3	0.625	-0.396	0.740
3.053	-6.153E-3	0.130	0.130	7.706E-3	-9.593E-3	1.230E-2	9.802E-2	-0.301	0.317
3.070	-6.199E-3	0.130	0.130	1.098E-3	-1.528E-2	1.532E-2	-9.055E-2	7.166E-2	0.115
3.086	-6.116E-3	0.129	0.129	7.005E-3	-9.004E-3	1.141E-2	8.226E-3	0.500	0.500
3.103	-5.965E-3	0.129	0.129	2.349E-3	3.960E-3	4.604E-3	-0.159	0.348	0.382
3.120	-6.038E-3	0.129	0.130	-9.668E-4	2.990E-3	3.142E-3	-0.284	4.683E-2	0.287
3.136	-5.998E-3	0.129	0.130	-4.249E-3	3.000E-3	5.202E-3	2.107E-2	-0.386	0.387
3.153	-6.179E-3	0.130	0.130	-3.674E-3	-5.955E-3	6.997E-3	0.114	-0.425	0.440
3.170	-6.120E-3	0.129	0.129	2.701E-3	-1.623E-2	1.645E-2	0.169	-0.400	0.434
3.187	-6.089E-3	0.129	0.129	8.282E-4	-1.596E-2	1.598E-2	0.260	0.148	0.299
3.203	-6.093E-3	0.129	0.129	9.766E-3	-1.345E-2	1.662E-2	-0.253	0.325	0.412
3.220	-5.763E-3	0.129	0.129	-1.580E-3	-3.688E-3	4.012E-3	-0.298	-5.210E-2	0.303
3.237	-6.145E-3	0.129	0.129	-9.597E-3	-1.289E-2	1.607E-2	3.302E-2	-0.432	0.433
3.253	-6.084E-3	0.128	0.128	6.032E-3	-2.298E-2	2.376E-2	0.293	-1.080E-2	0.294
3.270	-5.944E-3	0.128	0.128	1.370E-4	-1.157E-2	1.157E-2	-0.199	-0.184	0.271
3.287	-6.079E-3	0.128	0.128	-3.885E-3	-2.428E-2	2.459E-2	0.302	-0.791	0.847
3.303	-6.074E-3	0.127	0.127	1.107E-2	-4.510E-2	4.644E-2	0.835	0.212	0.862
3.320	-5.710E-3	0.126	0.126	2.588E-2	-1.809E-2	3.157E-2	-0.392	-5.431E-2	0.396
3.337	-5.210E-3	0.126	0.127	1.641E-3	-3.320E-2	3.324E-2	-0.901	0.489	1.025
3.353	-5.655E-3	0.125	0.125	-1.458E-2	-2.486E-2	2.882E-2	-1.014	0.470	1.118
3.370	-5.697E-3	0.126	0.126	-2.194E-2	5.730E-3	2.267E-2	0.363	0.951	1.018
3.387	-6.387E-3	0.125	0.125	-1.370E-2	-7.021E-3	1.539E-2	1.020	-0.544	1.156
3.403	-6.154E-3	0.125	0.125	2.167E-2	-6.618E-3	2.265E-2	0.431	-1.211	1.286
3.420	-5.664E-3	0.125	0.125	2.727E-3	-4.572E-2	4.580E-2	-0.821	-1.299	1.537
3.437	-6.063E-3	0.124	0.124	-1.562E-2	-6.077E-2	6.274E-2	-1.522	0.169	1.531
3.453	-6.185E-3	0.123	0.123	-3.756E-2	-3.211E-2	4.941E-2	0.387	0.580	0.697
3.470	-7.316E-3	0.123	0.123	-1.945E-2	-3.819E-2	4.286E-2	0.626	-0.975	1.159
3.487	-6.834E-3	0.122	0.122	4.900E-3	-6.925E-2	6.942E-2	0.438	-0.254	0.506
3.503	-7.153E-3	0.120	0.121	-1.865E-2	-5.245E-2	5.567E-2	-0.736	0.990	1.234
3.520	-7.456E-3	0.120	0.120	-1.638E-2	-2.510E-2	2.997E-2	0.399	-0.181	0.438
3.537	-7.699E-3	0.120	0.120	-6.073E-3	-5.929E-2	5.960E-2	0.900	-1.008	1.351
3.554	-7.659E-3	0.118	0.118	1.414E-2	-7.005E-2	7.147E-2	0.185	0.374	0.418
3.570	-7.227E-3	0.117	0.117	5.205E-3	-3.822E-2	3.857E-2	-0.624	0.570	0.845
3.587	-7.485E-3	0.117	0.117	-1.442E-2	-4.763E-2	4.977E-2	-1.091	-0.468	1.187
3.604	-7.708E-3	0.116	0.116	-2.611E-2	-6.237E-2	6.761E-2	-0.106	-0.245	0.267
3.620	-8.357E-3	0.115	0.115	-2.390E-2	-5.167E-2	5.692E-2	0.155	0.188	0.243
3.637	-8.505E-3	0.114	0.114	-1.411E-2	-5.464E-2	5.643E-2	0.413	-0.329	0.528
3.654	-8.827E-3	0.113	0.113	-1.443E-2	-6.499E-2	6.657E-2	0.214	-0.248	0.328
3.670	-8.987E-3	0.112	0.112	-5.423E-3	-6.333E-2	6.356E-2	0.343	-1.597E-2	0.344
3.687	-9.008E-3	0.111	0.111	-2.338E-3	-6.318E-2	6.322E-2	-0.230	0.247	0.338
3.704	-9.065E-3	0.110	0.110	-1.267E-2	-5.832E-2	5.968E-2	0.110	0.100	0.149
3.720	-9.431E-3	0.109	0.109	-3.762E-3	-5.561E-2	5.574E-2	-0.262	0.162	0.308
3.737	-9.190E-3	0.108	0.108	-1.123E-2	-5.687E-2	5.796E-2	0.598	-0.416	0.729
3.754	-9.806E-3	0.107	0.107	8.675E-4	-6.512E-2	6.512E-2	-0.177	-0.481	0.512
3.770	-9.162E-3	0.106	0.106	2.484E-3	-7.769E-2	7.773E-2	-0.287	-1.250	1.283
3.787	-9.723E-3	0.104	0.105	-2.558E-2	-0.101	0.104	-0.388	-0.184	0.430
3.804	-1.002E-2	0.102	0.103	-4.826E-3	-9.528E-2	9.540E-2	0.250	0.505	0.564
3.820	-9.884E-3	0.101	0.102	-1.193E-2	-7.124E-2	7.223E-2	-7.856E-2	1.250	1.253
3.837	-1.041E-2	9.989E-2	0.100	-1.702E-2	-6.189E-2	6.419E-2	9.731E-2	-0.378	0.390
3.854	-1.045E-2	9.911E-2	9.966E-2	-1.730E-3	-7.449E-2	7.451E-2	0.170	-0.447	0.478
3.871	-1.047E-2	9.740E-2	9.796E-2	-1.177E-2	-8.902E-2	8.979E-2	-0.821	-0.914	1.228
3.887	-1.084E-2	9.614E-2	9.675E-2	-3.100E-2	-9.434E-2	9.930E-2	-0.307	-1.608E-2	0.307
3.904	-1.151E-2	9.425E-2	9.495E-2	-2.503E-2	-9.898E-2	0.102	0.842	0.117	0.850
3.921	-1.168E-2	9.284E-2	9.357E-2	8.533E-4	-8.376E-2	8.377E-2	0.461	0.950	1.056
3.937	-1.148E-2	9.146E-2	9.217E-2	-5.915E-3	-7.081E-2	7.106E-2	-0.283	0.124	0.309
3.954	-1.188E-2	9.048E-2	9.125E-2	-1.645E-2	-7.411E-2	7.591E-2	-0.342	-0.600	0.690
3.971	-1.203E-2	8.898E-2	8.979E-2	-1.213E-2	-9.601E-2	9.677E-2	0.145	-0.639	0.655
3.987	-1.228E-2	8.727E-2	8.813E-2	-1.383E-2	-9.601E-2	9.700E-2	-0.249	-4.935E-2	0.254
4.004	-1.249E-2	8.578E-2	8.668E-2	-1.863E-2	-9.419E-2	9.602E-2	9.433E-2	3.413E-2	0.100
4.021	-1.290E-2	8.413E-2	8.511E-2	-1.424E-2	-9.736E-2	9.840E-2	-0.172	-0.157	0.233
4.037	-1.296E-2	8.253E-2	8.354E-2	-1.829E-2	-9.803E-2	9.972E-2	8.086E-2	0.391	0.400
4.054	-1.351E-2	8.086E-2	8.198E-2	-1.926E-2	-8.703E-2	8.914E-2	0.225	0.343	0.411
4.071	-1.360E-2	7.963E-2	8.078E-2	-4.816E-3	-8.141E-2	8.156E-2	0.354	-4.473E-2	0.356
4.087	-1.367E-2	7.814E-2	7.933E-2	-8.610E-3	-9.212E-2	9.252E-2	0.311	-0.702	0.768
4.104	-1.389E-2	7.655E-2	7.780E-2	2.050E-3	-0.103	0.104	5.432E-2	-0.311	0.315
4.121	-1.361E-2	7.469E-2	7.592E-2	5.311E-4	-0.105	0.105	-8.194E-2	0.109	0.136
4.137	-1.387E-2	7.304E-2	7.435E-2	-8.657E-3	-9.711E-2	9.749E-2	-0.578	0.585	0.822
4.154	-1.389E-2	7.145E-2	7.279E-2	-1.262E-2	-8.734E-2	8.825E-2	0.387	0.742	0.836
4.171	-1.430E-2	7.013E-2	7.157E-2	-3.069E-3	-7.146E-2	7.153E-2	0.366	-0.827	0.904
4.188	-1.400E-2	6.907E-2	7.047E-2	8.541E-3	-0.108	0.108	-0.316	-1.515	1.547
4.204	-1.401E-2	6.654E-2	6.800E-2	-1.696E-2	-0.138	0.139	-0.403	-0.253	0.476
4.221	-1.456E-2	6.447E-2	6.610E-2	-1.130E-2	-0.108	0.109	-0.542	1.131	1.254
4.238	-1.439E-2	6.293E-2	6.456E-2	-2.189E-2	-9.673E-2	9.918E-2	1.341E-2	0.234	0.235
4.254	-1.529E-2	6.124E-2	6.313E-2	-2.711E-2	-0.103	0.107	-4.115E-2	-5.953E-2	7.237E-2
4.271	-1.529E-2	5.948E-2	6.142E-2	-9.502E-3	-9.954E-2	9.999E-2	0.704	-0.538	0.887
4.288	-1.561E-2	5.792E-2	5.999E-2	-1.133E-2	-0.116	0.117	-7.007E-3	9.155E-2	9.182E-2
4.304	-1.567E-2	5.561E-2	5.777E-2	-5.832E-3	-0.108	0.108	0.136	1.369	1.376
4.321	-1.581E-2	5.431E-2	5.657E-2	-8.494E-3	-6.087E-2	6.146E-2	-0.408	2.301	2.337
4.338	-1.595E-2	5.358E-2	5.590E-2	-1.795E-2	-3.264E-2	3.725E-2	-0.391	1.651	1.697
4.354	-1.640E-2	5.322E-2	5.570E-2	-2.443E-2	-6.913E-3	2.539E-2	-0.498	1.389	1.476
4.371	-1.677E-2	5.335E-2	5.592E-2	-3.120E-2	1.502E-2	3.463E-2	-0.154	1.068	1.080
4.388	-1.745E-2	5.373E-2	5.649E-2	-3.359E-2	2.815E-2	4.383E-2	-7.594E-2	0.588	0.593
4.404	-1.789E-2	5.429E-2	5.716E-2	-2.994E-2	3.490E-2	4.598E-2	0.332	0.298	0.446
4.421	-1.844E-2	5.489E-2	5.791E-2	-2.553E-2	3.752E-2	4.539E-2	-4.364E-2	-0.565	0.567
4.438	-1.874E-2	5.554E-2	5.861E-2	-2.736E-2	1.903E-2	3.333E-2	0.894	-0.930	1.290
4.454	-1.936E-2	5.553E-2	5.880E-2	-4.194E-3	5.022E-4	4.224E-3	-3.075E-2	-1.837	1.838
4.471	-1.888E-2	5.555E-2	5.868E-2	-1.191E-2	-3.400E-2	3.603E-2	0.296	-1.233	1.268
4.488	-1.975E-2	5.439E-2	5.787E-2	-1.577E-2	-5.336E-2	5.564E-2	0.329	-1.002	1.055
4.504	-1.941E-2	5.377E-2	5.717E-2	1.598E-2	-5.508E-2	5.735E-2	0.771	-0.233	0.806
4.521	-1.922E-2	5.255E-2	5.596E-2	4.351E-3	-6.919E-2	6.933E-2	-0.336	-0.908	0.968
4.538	-1.926E-2	5.146E-2	5.495E-2	2.748E-3	-7.961E-2	7.966E-2	-0.455	-0.947	1.050
4.555	-1.913E-2	4.990E-2	5.344E-2	-6.318E-3	-0.104	0.104	-0.357	-0.182	0.401
4.571	-1.947E-2	4.799E-2	5.179E-2	-1.483E-2	-8.994E-2	9.115E-2	-0.313	0.695	0.763
4.588	-1.962E-2	4.690E-2	5.084E-2	-1.256E-2	-7.166E-2	7.276E-2	0.402	0.623	0.742
4.605	-1.989E-2	4.560E-2	4.975E-2	-4.839E-3	-7.467E-2	7.483E-2	0.587	0.657	0.881
4.621	-1.979E-2	4.440E-2	4.861E-2	1.020E-2	-5.106E-2	5.207E-2	-2.607E-2	0.361	0.362
4.638	-1.955E-2	4.390E-2	4.806E-2	-3.700E-3	-5.373E-2	5.386E-2	-0.437	-7.086E-2	0.443
4.655	-1.991E-2	4.261E-2	4.703E-2	-1.141E-2	-6.485E-2	6.585E-2	9.823E-2	0.732	0.738
4.671	-1.993E-2	4.174E-2	4.625E-2	4.160E-3	-2.621E-2	2.654E-2	0.273	0.232	0.358
4.688	-1.977E-2	4.174E-2	4.618E-2	-6.468E-4	-4.492E-2	4.493E-2	0.115	-0.614	0.625
4.705	-1.995E-2	4.024E-2	4.491E-2	2.320E-3	-6.665E-2	6.669E-2	-0.281	-0.546	0.614
4.721	-1.969E-2	3.951E-2	4.415E-2	-2.180E-3	-4.921E-2	4.925E-2	-0.364	0.636	0.733
4.738	-2.003E-2	3.859E-2	4.348E-2	-1.724E-2	-5.102E-2	5.385E-2	0.283	1.942E-2	0.284
4.755	-2.027E-2	3.781E-2	4.290E-2	7.491E-3	-4.661E-2	4.721E-2	0.223	0.397	0.456
4.771	-1.978E-2	3.704E-2	4.199E-2	2.318E-4	-3.924E-2	3.924E-2	5.599E-2	-0.964	0.966
4.788	-2.026E-2	3.650E-2	4.175E-2	-5.472E-3	-7.125E-2	7.146E-2	-4.520E-2	-0.514	0.516
4.805	-1.996E-2	3.466E-2	4.000E-2	1.066E-2	-7.375E-2	7.452E-2	0.446	0.390	0.592
4.821	-1.991E-2	3.404E-2	3.943E-2	3.856E-3	-4.159E-2	4.177E-2	-0.377	0.686	0.783
4.838	-1.983E-2	3.327E-2	3.874E-2	-7.482E-5	-5.590E-2	5.590E-2	-0.264	-0.282	0.386
4.855	-1.991E-2	3.218E-2	3.784E-2	-6.103E-3	-5.478E-2	5.512E-2	-6.303E-2	-0.271	0.278
4.872	-2.003E-2	3.145E-2	3.729E-2	-2.684E-3	-5.828E-2	5.834E-2	6.766E-2	-5.036E-2	8.434E-2
4.888	-2.000E-2	3.023E-2	3.625E-2	-1.649E-3	-6.353E-2	6.355E-2	0.768	0.165	0.786
4.905	-2.009E-2	2.933E-2	3.555E-2	1.779E-2	-4.881E-2	5.195E-2	0.101	0.222	0.244
4.922	-1.940E-2	2.860E-2	3.456E-2	1.299E-2	-5.434E-2	5.587E-2	-0.496	-3.946E-2	0.498
4.938	-1.966E-2	2.751E-2	3.381E-2	-1.077E-2	-5.544E-2	5.647E-2	-0.602	0.286	0.667
4.955	-1.976E-2	2.675E-2	3.326E-2	-2.398E-3	-4.106E-2	4.113E-2	0.366	0.331	0.494
4.972	-1.974E-2	2.614E-2	3.276E-2	1.913E-3	-4.352E-2	4.356E-2	0.575	0.353	0.674
4.988	-1.970E-2	2.530E-2	3.206E-2	1.455E-2	-3.425E-2	3.722E-2	0.456	2.419E-2	0.457
5.005	-1.925E-2	2.500E-2	3.155E-2	2.138E-2	-3.470E-2	4.075E-2	0.105	-4.012E-2	0.112
5.022	-1.899E-2	2.414E-2	3.071E-2	1.488E-2	-4.377E-2	4.623E-2	-0.272	-0.588	0.648
5.038	-1.875E-2	2.354E-2	3.010E-2	1.293E-2	-4.807E-2	4.978E-2	-0.208	9.089E-3	0.208
5.055	-1.855E-2	2.254E-2	2.919E-2	8.355E-3	-4.946E-2	5.016E-2	-4.575E-2	1.866E-2	4.941E-2
5.072	-1.848E-2	2.189E-2	2.864E-2	9.773E-3	-4.226E-2	4.338E-2	-0.240	-7.609E-2	0.251
5.088	-1.823E-2	2.113E-2	2.790E-2	3.887E-3	-5.335E-2	5.349E-2	-0.339	0.752	0.825
5.105	-1.835E-2	2.011E-2	2.722E-2	-5.583E-3	-2.417E-2	2.481E-2	0.483	0.133	0.501
5.122	-1.841E-2	2.032E-2	2.742E-2	1.873E-2	-3.099E-2	3.621E-2	0.561	0.181	0.589
5.138	-1.772E-2	1.908E-2	2.604E-2	2.221E-2	-4.076E-2	4.642E-2	0.186	-0.642	0.669
5.155	-1.767E-2	1.896E-2	2.592E-2	1.448E-2	-3.276E-2	3.582E-2	-0.318	-0.291	0.431
5.172	-1.724E-2	1.798E-2	2.491E-2	1.875E-2	-6.226E-2	6.502E-2	-8.186E-2	-0.929	0.933
5.189	-1.705E-2	1.688E-2	2.399E-2	8.408E-3	-6.165E-2	6.222E-2	-0.278	0.928	0.969
5.205	-1.696E-2	1.592E-2	2.326E-2	9.142E-3	-3.310E-2	3.434E-2	0.261	1.182	1.211
5.222	-1.674E-2	1.578E-2	2.301E-2	1.789E-2	-1.493E-2	2.331E-2	0.408	-0.246	0.477
5.239	-1.636E-2	1.543E-2	2.249E-2	2.358E-2	-4.341E-2	4.940E-2	-0.283	-0.990	1.029
5.255	-1.596E-2	1.433E-2	2.145E-2	9.948E-3	-5.494E-2	5.584E-2	-0.308	-0.455	0.550
5.272	-1.603E-2	1.359E-2	2.102E-2	7.444E-3	-5.134E-2	5.188E-2	-0.177	0.506	0.536
5.289	-1.571E-2	1.262E-2	2.015E-2	1.067E-2	-4.371E-2	4.500E-2	0.323	0.102	0.339
5.305	-1.567E-2	1.213E-2	1.982E-2	1.261E-2	-4.100E-2	4.289E-2	-6.824E-2	0.368	0.374
5.322	-1.529E-2	1.125E-2	1.898E-2	1.392E-2	-3.899E-2	4.140E-2	-7.301E-2	0.195	0.208
5.339	-1.521E-2	1.083E-2	1.867E-2	5.891E-3	-2.830E-2	2.890E-2	0.229	-0.249	0.338
5.355	-1.509E-2	1.031E-2	1.827E-2	2.118E-2	-4.792E-2	5.239E-2	0.334	-0.399	0.520
5.372	-1.450E-2	9.235E-3	1.719E-2	2.271E-2	-4.808E-2	5.317E-2	-0.184	-0.813	0.834
5.389	-1.433E-2	8.702E-3	1.677E-2	9.497E-3	-6.359E-2	6.430E-2	-0.404	-0.355	0.538
5.405	-1.418E-2	7.113E-3	1.587E-2	1.061E-2	-7.427E-2	7.502E-2	0.813	-0.132	0.824
5.422	-1.398E-2	6.224E-3	1.530E-2	3.410E-2	-5.697E-2	6.639E-2	-9.759E-2	-8.373E-5	9.759E-2
5.439	-1.305E-2	5.213E-3	1.405E-2	1.865E-2	-7.610E-2	7.835E-2	-0.514	0.500	0.717
5.455	-1.336E-2	3.685E-3	1.386E-2	4.727E-4	-5.011E-2	5.011E-2	-0.467	0.935	1.046
5.472	-1.303E-2	3.541E-3	1.350E-2	1.453E-2	-2.806E-2	3.160E-2	0.454	0.169	0.484
5.489	-1.287E-2	2.749E-3	1.316E-2	1.124E-2	-5.489E-2	5.603E-2	-0.142	-1.053	1.062
5.505	-1.266E-2	1.709E-3	1.277E-2	1.123E-2	-6.250E-2	6.350E-2	0.189	1.178	1.193
5.522	-1.250E-2	6.633E-4	1.251E-2	1.590E-2	-2.058E-2	2.601E-2	-0.284	2.140	2.159
5.539	-1.212E-2	1.022E-3	1.217E-2	6.115E-3	2.102E-2	2.189E-2	8.142E-3	1.401	1.401
5.556	-1.229E-2	1.365E-3	1.237E-2	8.054E-3	2.008E-2	2.163E-2	0.664	-0.136	0.678
5.572	-1.186E-2	1.692E-3	1.198E-2	3.456E-2	1.684E-2	3.845E-2	0.722	-9.905E-2	0.728
5.589	-1.114E-2	1.927E-3	1.130E-2	3.332E-2	1.579E-2	3.688E-2	-0.725	0.135	0.737
5.606	-1.074E-2	2.219E-3	1.097E-2	8.577E-3	2.166E-2	2.330E-2	-0.824	0.466	0.946
5.622	-1.085E-2	2.649E-3	1.117E-2	1.724E-3	3.145E-2	3.150E-2	0.318	0.617	0.694
5.639	-1.069E-2	3.269E-3	1.118E-2	2.199E-2	4.250E-2	4.785E-2	0.607	-8.426E-2	0.613
5.656	-1.012E-2	4.067E-3	1.091E-2	2.546E-2	3.168E-2	4.064E-2	4.876E-2	-0.541	0.544
5.672	-9.837E-3	4.326E-3	1.075E-2	1.914E-2	1.860E-2	2.669E-2	-0.451	-0.459	0.644
5.689	-9.481E-3	4.688E-3	1.058E-2	1.340E-2	1.984E-2	2.394E-2	-0.620	0.108	0.630
5.706	-9.390E-3	4.988E-3	1.063E-2	-2.954E-3	2.082E-2	2.103E-2	-0.317	-0.148	0.350
5.722	-9.579E-3	5.383E-3	1.099E-2	-6.508E-5	1.694E-2	1.694E-2	0.254	-0.247	0.354
5.739	-9.392E-3	5.553E-3	1.091E-2	1.010E-2	1.023E-2	1.438E-2	0.252	-0.199	0.321
5.756	-9.242E-3	5.724E-3	1.087E-2	6.743E-3	1.115E-2	1.303E-2	-0.202	-0.213	0.294
5.772	-9.167E-3	5.925E-3	1.092E-2	3.085E-3	4.458E-3	5.421E-3	0.383	-0.352	0.521
5.789	-9.139E-3	5.873E-3	1.086E-2	1.722E-2	-2.932E-3	1.747E-2	0.568	-0.293	0.640
5.806	-8.593E-3	5.827E-3	1.038E-2	2.746E-2	-4.005E-3	2.775E-2	-5.050E-3	-2.406E-2	2.459E-2
5.822	-8.223E-3	5.739E-3	1.003E-2	1.442E-2	-4.271E-3	1.504E-2	-0.186	-1.367E-2	0.187
5.839	-8.112E-3	5.685E-3	9.905E-3	1.816E-2	-3.901E-3	1.858E-2	-0.276	-0.204	0.343
5.856	-7.617E-3	5.609E-3	9.460E-3	1.210E-2	-1.054E-2	1.605E-2	0.218	-0.294	0.366
5.873	-7.708E-3	5.333E-3	9.373E-3	1.578E-2	-1.549E-2	2.211E-2	0.204	3.258E-4	0.204
5.889	-7.091E-3	5.092E-3	8.730E-3	2.865E-2	-1.000E-2	3.035E-2	0.199	0.347	0.400
5.906	-6.752E-3	4.999E-3	8.401E-3	1.742E-2	-3.129E-3	1.770E-2	-0.542	0.318	0.628
5.923	-6.510E-3	4.988E-3	8.201E-3	1.138E-2	5.039E-4	1.139E-2	-4.506E-2	-0.405	0.408
5.939	-6.372E-3	5.016E-3	8.110E-3	1.454E-2	-1.436E-2	2.044E-2	-2.425E-2	-0.654	0.654
5.956	-6.024E-3	4.509E-3	7.525E-3	1.382E-2	-2.661E-2	2.999E-2	0.415	-0.106	0.428
5.973	-5.911E-3	4.128E-3	7.210E-3	2.315E-2	-1.554E-2	2.789E-2	-0.123	0.506	0.521
5.989	-5.252E-3	3.990E-3	6.596E-3	1.839E-2	-8.197E-3	2.014E-2	-0.257	0.159	0.302
6.006	-5.297E-3	3.855E-3	6.551E-3	5.106E-3	-1.086E-2	1.200E-2	-0.499	2.426E-2	0.499
6.023	-5.082E-3	3.628E-3	6.244E-3	7.748E-3	-8.861E-3	1.177E-2	4.121E-3	-0.139	0.139
6.039	-5.039E-3	3.559E-3	6.169E-3	2.636E-3	-1.255E-2	1.283E-2	8.891E-2	-0.607	0.614
6.056	-4.994E-3	3.209E-3	5.936E-3	1.038E-2	-3.080E-2	3.251E-2	0.290	-0.294	0.413
6.073	-4.692E-3	2.531E-3	5.332E-3	1.493E-2	-2.604E-2	3.001E-2	0.394	0.736	0.835
6.089	-4.495E-3	2.340E-3	5.068E-3	2.032E-2	-2.025E-3	2.042E-2	-3.876E-2	1.005	1.006
6.106	-4.015E-3	2.464E-3	4.710E-3	1.805E-2	8.013E-3	1.975E-2	-0.309	0.327	0.450
6.123	-3.893E-3	2.608E-3	4.686E-3	5.922E-3	7.833E-3	9.819E-3	-0.391	-0.143	0.416
6.139	-3.817E-3	2.725E-3	4.690E-3	5.960E-3	3.451E-3	6.887E-3	-0.117	2.666E-2	0.120
6.156	-3.694E-3	2.723E-3	4.589E-3	3.196E-3	6.817E-3	7.529E-3	0.355	-0.173	0.395
6.173	-3.710E-3	2.953E-3	4.742E-3	1.424E-2	1.887E-3	1.437E-2	0.267	-0.416	0.495
6.190	-3.219E-3	2.786E-3	4.257E-3	1.860E-2	-1.128E-2	2.175E-2	-0.463	-0.315	0.560
6.206	-3.090E-3	2.576E-3	4.023E-3	-4.704E-3	-7.943E-3	9.232E-3	-0.760	-0.175	0.780
6.223	-3.376E-3	2.521E-3	4.213E-3	-9.807E-3	-1.408E-2	1.716E-2	-0.342	0.119	0.362
6.240	-3.417E-3	2.106E-3	4.014E-3	-1.103E-2	-9.860E-3	1.479E-2	0.646	0.304	0.714
6.256	-3.744E-3	2.192E-3	4.338E-3	4.761E-3	2.282E-3	5.280E-3	0.455	0.311	0.551
6.273	-3.258E-3	2.182E-3	3.921E-3	1.443E-2	-2.189E-3	1.459E-2	0.284	-0.128	0.311
6.290	-3.262E-3	2.119E-3	3.890E-3	5.705E-3	-2.265E-3	6.138E-3	-0.555	0.266	0.616
6.306	-3.068E-3	2.107E-3	3.721E-3	1.199E-3	6.362E-3	6.474E-3	-0.421	0.320	0.529
6.323	-3.222E-3	2.331E-3	3.977E-3	-1.183E-2	1.063E-2	1.590E-2	-0.174	-1.640E-2	0.175
6.340	-3.462E-3	2.461E-3	4.248E-3	-5.156E-3	4.477E-3	6.828E-3	0.213	-9.485E-2	0.233
6.356	-3.394E-3	2.480E-3	4.204E-3	-1.005E-3	6.188E-3	6.269E-3	0.180	-0.350	0.394
6.373	-3.496E-3	2.668E-3	4.398E-3	-2.435E-3	-3.220E-3	4.037E-3	1.764E-2	-0.291	0.292
6.390	-3.476E-3	2.373E-3	4.208E-3	1.338E-3	-9.538E-3	9.631E-3	0.137	-0.330	0.357
6.406	-3.451E-3	2.350E-3	4.175E-3	1.632E-3	-8.781E-3	8.932E-3			
6.423	-3.421E-3	2.080E-3	4.004E-3						
