	mass B									
t	x	y	r	vx	vy	v	ax	ay	a	
0.000	-1.010E-4	5.353E-4	5.447E-4						
0.017	-1.415E-4	-7.700E-5	1.611E-4	1.910E-5	-2.640E-2	2.640E-2			
0.033	-1.003E-4	-3.455E-4	3.598E-4	1.293E-3	-2.855E-2	2.858E-2	1.792E-2	-0.203	0.204
0.050	-9.834E-5	-1.030E-3	1.034E-3	-4.400E-5	-3.855E-2	3.855E-2	-0.271	-0.636	0.692
0.067	-1.018E-4	-1.632E-3	1.635E-3	-6.704E-3	-4.590E-2	4.639E-2	9.541E-3	5.879E-2	5.956E-2
0.083	-3.220E-4	-2.561E-3	2.581E-3	-3.013E-3	-4.174E-2	4.185E-2	1.079E-2	-0.156	0.157
0.100	-2.023E-4	-3.024E-3	3.031E-3	-1.296E-3	-4.348E-2	4.350E-2	0.187	4.553E-2	0.192
0.117	-3.652E-4	-4.012E-3	4.028E-3	-1.797E-3	-4.827E-2	4.830E-2	-5.642E-3	-0.211	0.212
0.133	-2.623E-4	-4.635E-3	4.642E-3	2.523E-3	-4.419E-2	4.426E-2	9.607E-3	0.407	0.407
0.150	-2.811E-4	-5.486E-3	5.493E-3	-3.340E-3	-3.981E-2	3.995E-2	-0.143	0.702	0.716
0.167	-3.738E-4	-5.963E-3	5.975E-3	-2.760E-3	-1.809E-2	1.830E-2	-1.467E-2	0.775	0.775
0.184	-3.731E-4	-6.090E-3	6.101E-3	-2.370E-3	-1.194E-2	1.217E-2	5.229E-2	-0.130	0.140
0.200	-4.528E-4	-6.361E-3	6.378E-3	-2.437E-3	-2.407E-2	2.419E-2	0.326	-0.455	0.559
0.217	-4.545E-4	-6.893E-3	6.908E-3	8.314E-3	-2.911E-2	3.027E-2	0.133	0.127	0.184
0.234	-1.754E-4	-7.333E-3	7.335E-3	5.652E-3	-1.899E-2	1.981E-2	-0.411	0.224	0.468
0.250	-2.659E-4	-7.526E-3	7.531E-3	-9.216E-3	-1.889E-2	2.102E-2	-0.368	-1.881E-2	0.369
0.267	-4.830E-4	-7.963E-3	7.978E-3	-6.997E-3	-2.318E-2	2.421E-2	0.178	1.553E-2	0.179
0.284	-4.993E-4	-8.300E-3	8.315E-3	-1.001E-3	-1.694E-2	1.697E-2	-0.135	-0.230	0.267
0.300	-5.164E-4	-8.528E-3	8.544E-3	-1.094E-2	-2.828E-2	3.032E-2	-0.183	-0.427	0.465
0.317	-8.643E-4	-9.243E-3	9.284E-3	-1.129E-2	-3.671E-2	3.840E-2	-0.319	-0.116	0.340
0.334	-8.931E-4	-9.753E-3	9.794E-3	-1.548E-2	-2.858E-2	3.250E-2	5.091E-2	-0.528	0.530
0.350	-1.381E-3	-1.020E-2	1.029E-2	-1.668E-2	-5.113E-2	5.378E-2	0.366	-0.849	0.925
0.367	-1.450E-3	-1.146E-2	1.155E-2	1.476E-3	-6.564E-2	6.566E-2	0.572	-0.132	0.587
0.384	-1.332E-3	-1.239E-2	1.246E-2	2.816E-3	-4.998E-2	5.006E-2	-0.119	0.479	0.493
0.400	-1.356E-3	-1.313E-2	1.320E-2	-4.121E-3	-4.884E-2	4.901E-2	0.178	0.251	0.308
0.417	-1.469E-3	-1.402E-2	1.409E-2	6.672E-3	-4.490E-2	4.540E-2	-3.333E-2	0.379	0.380
0.434	-1.133E-3	-1.463E-2	1.467E-2	1.639E-3	-3.357E-2	3.361E-2	-0.373	0.307	0.484
0.450	-1.414E-3	-1.514E-2	1.520E-2	-1.348E-2	-3.449E-2	3.703E-2	-0.278	9.210E-2	0.293
0.467	-1.583E-3	-1.578E-2	1.585E-2	-4.785E-3	-3.278E-2	3.313E-2	0.598	-4.691E-2	0.600
0.484	-1.574E-3	-1.623E-2	1.631E-2	6.645E-3	-3.310E-2	3.376E-2	0.233	-0.401	0.464
0.501	-1.361E-3	-1.688E-2	1.693E-2	5.079E-3	-4.740E-2	4.767E-2	-0.109	-0.241	0.264
0.517	-1.405E-3	-1.781E-2	1.787E-2	-3.841E-4	-4.436E-2	4.437E-2	-0.547	0.389	0.671
0.534	-1.374E-3	-1.836E-2	1.841E-2	-9.783E-3	-3.028E-2	3.182E-2	-6.863E-3	-1.135E-3	6.956E-3
0.551	-1.731E-3	-1.882E-2	1.890E-2	-6.392E-3	-4.311E-2	4.358E-2	0.253	-0.361	0.441
0.567	-1.587E-3	-1.980E-2	1.986E-2	5.110E-3	-4.851E-2	4.878E-2	0.404	-0.326	0.519
0.584	-1.560E-3	-2.044E-2	2.050E-2	3.638E-3	-4.762E-2	4.776E-2	-0.274	-0.165	0.320
0.601	-1.466E-3	-2.139E-2	2.144E-2	-1.881E-3	-5.790E-2	5.793E-2	0.167	-0.309	0.352
0.617	-1.623E-3	-2.237E-2	2.243E-2	4.739E-3	-5.724E-2	5.744E-2	9.807E-2	1.785E-2	9.968E-2
0.634	-1.308E-3	-2.330E-2	2.333E-2	8.068E-3	-5.646E-2	5.703E-2	-0.149	3.273E-2	0.152
0.651	-1.354E-3	-2.426E-2	2.429E-2	-5.024E-3	-5.681E-2	5.703E-2	-0.498	-6.971E-2	0.503
0.667	-1.475E-3	-2.519E-2	2.524E-2	-7.611E-3	-5.815E-2	5.864E-2	0.125	0.389	0.409
0.684	-1.608E-3	-2.620E-2	2.625E-2	-1.551E-3	-4.646E-2	4.649E-2	1.406E-2	0.142	0.143
0.701	-1.527E-3	-2.674E-2	2.679E-2	-4.002E-3	-4.714E-2	4.731E-2	4.593E-2	-2.238E-2	5.109E-2
0.717	-1.741E-3	-2.777E-2	2.782E-2	-4.634E-3	-5.431E-2	5.451E-2	0.153	-0.114	0.190
0.734	-1.682E-3	-2.856E-2	2.860E-2	4.560E-3	-4.685E-2	4.707E-2	0.288	0.330	0.437
0.751	-1.589E-3	-2.933E-2	2.938E-2	4.254E-3	-4.457E-2	4.477E-2	7.455E-3	0.187	0.187
0.767	-1.540E-3	-3.004E-2	3.008E-2	4.135E-3	-4.038E-2	4.059E-2	-3.407E-2	-0.435	0.436
0.784	-1.451E-3	-3.068E-2	3.071E-2	3.842E-3	-5.620E-2	5.633E-2	-0.196	-0.138	0.239
0.801	-1.412E-3	-3.192E-2	3.195E-2	-2.305E-3	-5.340E-2	5.345E-2	8.973E-3	0.468	0.468
0.817	-1.528E-3	-3.246E-2	3.250E-2	1.760E-3	-3.214E-2	3.219E-2	0.276	0.577	0.640
0.834	-1.353E-3	-3.299E-2	3.302E-2	1.013E-2	-3.630E-2	3.769E-2	9.027E-3	-0.145	0.145
0.851	-1.190E-3	-3.367E-2	3.369E-2	1.833E-3	-3.869E-2	3.873E-2	-0.288	0.201	0.351
0.868	-1.292E-3	-3.428E-2	3.431E-2	-2.225E-3	-2.931E-2	2.939E-2	-5.469E-2	0.204	0.211
0.884	-1.264E-3	-3.465E-2	3.467E-2	2.166E-3	-2.917E-2	2.925E-2	0.233	-3.625E-2	0.236
0.901	-1.219E-3	-3.525E-2	3.528E-2	4.835E-3	-3.386E-2	3.420E-2	-7.652E-2	-5.067E-3	7.669E-2
0.918	-1.103E-3	-3.578E-2	3.580E-2	1.001E-3	-2.817E-2	2.819E-2	1.045E-2	0.228	0.228
0.934	-1.186E-3	-3.619E-2	3.621E-2	2.154E-3	-2.552E-2	2.561E-2	-0.211	-6.063E-2	0.220
0.951	-1.031E-3	-3.663E-2	3.665E-2	-1.605E-3	-3.031E-2	3.036E-2	0.236	3.327E-2	0.239
0.968	-1.240E-3	-3.721E-2	3.723E-2	3.607E-3	-2.657E-2	2.681E-2	0.296	0.122	0.321
0.984	-9.109E-4	-3.752E-2	3.753E-2	1.509E-2	-2.285E-2	2.739E-2	1.676E-2	0.189	0.190
1.001	-7.360E-4	-3.797E-2	3.798E-2	1.791E-3	-2.307E-2	2.314E-2	-0.492	-0.200	0.531
1.018	-8.512E-4	-3.829E-2	3.830E-2	-3.603E-3	-2.676E-2	2.700E-2	0.220	5.270E-2	0.226
1.034	-8.562E-4	-3.886E-2	3.887E-2	9.867E-3	-2.530E-2	2.715E-2	0.514	0.137	0.532
1.051	-5.219E-4	-3.913E-2	3.914E-2	1.650E-2	-1.826E-2	2.461E-2	0.262	6.560E-2	0.270
1.068	-3.056E-4	-3.947E-2	3.947E-2	1.575E-2	-2.435E-2	2.900E-2	-0.355	-0.134	0.380
1.084	3.751E-6	-3.995E-2	3.995E-2	7.518E-3	-2.425E-2	2.539E-2	-0.288	-0.379	0.476
1.101	-5.471E-5	-4.028E-2	4.028E-2	1.831E-3	-3.330E-2	3.335E-2	0.365	-0.151	0.395
1.118	6.483E-5	-4.106E-2	4.106E-2	2.085E-2	-3.533E-2	4.102E-2	0.536	-0.204	0.574
1.134	6.409E-4	-4.146E-2	4.146E-2	2.433E-2	-3.361E-2	4.149E-2	0.142	2.929E-2	0.145
1.151	8.765E-4	-4.218E-2	4.219E-2	1.989E-2	-3.925E-2	4.400E-2	-0.515	-0.228	0.563
1.168	1.304E-3	-4.277E-2	4.279E-2	1.217E-2	-3.831E-2	4.019E-2	-0.282	-0.324	0.430
1.185	1.283E-3	-4.346E-2	4.348E-2	4.918E-3	-5.022E-2	5.046E-2	-7.453E-2	-0.428	0.435
1.201	1.469E-3	-4.444E-2	4.447E-2	1.311E-2	-5.528E-2	5.682E-2	4.731E-2	-7.754E-2	9.084E-2
1.218	1.720E-3	-4.530E-2	4.533E-2	7.277E-3	-5.055E-2	5.107E-2	4.373E-3	0.116	0.116
1.235	1.711E-3	-4.613E-2	4.616E-2	9.342E-3	-5.145E-2	5.229E-2	0.262	-7.012E-2	0.271
1.251	2.032E-3	-4.702E-2	4.706E-2	1.985E-2	-5.348E-2	5.705E-2	0.119	0.631	0.643
1.268	2.374E-3	-4.791E-2	4.797E-2	1.315E-2	-3.315E-2	3.566E-2	-0.193	0.713	0.739
1.285	2.470E-3	-4.812E-2	4.819E-2	1.054E-2	-2.237E-2	2.473E-2	8.132E-2	0.364	0.373
1.301	2.725E-3	-4.866E-2	4.874E-2	1.790E-2	-2.743E-2	3.275E-2	5.534E-2	-6.163E-2	8.283E-2
1.318	3.068E-3	-4.904E-2	4.913E-2	1.347E-2	-2.179E-2	2.561E-2	5.447E-2	-0.217	0.223
1.335	3.175E-3	-4.939E-2	4.949E-2	1.596E-2	-3.331E-2	3.694E-2	-0.230	2.031E-2	0.231
1.351	3.600E-3	-5.015E-2	5.028E-2	1.151E-2	-2.740E-2	2.972E-2	-0.179	-5.553E-2	0.187
1.368	3.559E-3	-5.030E-2	5.043E-2	3.741E-3	-2.578E-2	2.605E-2	3.235E-2	-0.332	0.333
1.385	3.725E-3	-5.101E-2	5.115E-2	1.557E-2	-4.544E-2	4.803E-2	0.325	-0.511	0.606
1.401	4.078E-3	-5.182E-2	5.198E-2	1.604E-2	-4.218E-2	4.513E-2	8.453E-2	0.357	0.367
1.418	4.260E-3	-5.242E-2	5.259E-2	1.547E-2	-3.191E-2	3.546E-2	-4.337E-2	0.123	0.131
1.435	4.595E-3	-5.288E-2	5.308E-2	1.706E-2	-3.656E-2	4.034E-2	-0.281	-0.288	0.402
1.451	4.830E-3	-5.364E-2	5.385E-2	5.795E-3	-4.467E-2	4.505E-2	-0.107	-0.307	0.325
1.468	4.788E-3	-5.437E-2	5.458E-2	9.782E-3	-4.523E-2	4.627E-2	0.162	-0.142	0.215
1.485	5.156E-3	-5.515E-2	5.539E-2	1.665E-2	-4.940E-2	5.213E-2	0.417	-0.222	0.472
1.502	5.344E-3	-5.602E-2	5.628E-2	1.925E-2	-5.321E-2	5.659E-2	-0.105	6.255E-2	0.122
1.518	5.798E-3	-5.692E-2	5.722E-2	1.759E-2	-4.797E-2	5.109E-2	-4.935E-2	0.432	0.435
1.535	5.931E-3	-5.762E-2	5.793E-2	1.298E-2	-3.758E-2	3.976E-2	-0.139	8.766E-2	0.164
1.552	6.231E-3	-5.818E-2	5.851E-2	1.605E-2	-4.323E-2	4.612E-2	-1.823E-2	0.146	0.147
1.568	6.466E-3	-5.906E-2	5.942E-2	1.146E-2	-3.832E-2	4.000E-2	-6.557E-2	0.219	0.228
1.585	6.614E-3	-5.946E-2	5.982E-2	1.282E-2	-2.940E-2	3.207E-2	-2.337E-2	5.851E-2	6.300E-2
1.602	6.894E-3	-6.005E-2	6.044E-2	1.277E-2	-3.961E-2	4.162E-2	0.178	-0.354	0.396
1.618	7.040E-3	-6.078E-2	6.118E-2	1.599E-2	-4.186E-2	4.481E-2	-3.591E-2	0.481	0.483
1.635	7.428E-3	-6.144E-2	6.189E-2	1.535E-2	-2.457E-2	2.897E-2	0.158	0.431	0.459
1.652	7.552E-3	-6.160E-2	6.206E-2	1.665E-2	-2.161E-2	2.728E-2	6.147E-2	0.251	0.258
1.668	7.983E-3	-6.216E-2	6.267E-2	2.175E-2	-2.342E-2	3.196E-2	2.506E-2	-5.850E-2	6.364E-2
1.685	8.278E-3	-6.238E-2	6.292E-2	1.533E-2	-1.805E-2	2.368E-2	-0.334	9.089E-2	0.346
1.702	8.495E-3	-6.277E-2	6.334E-2	1.084E-2	-2.335E-2	2.574E-2	-0.187	-0.157	0.244
1.718	8.639E-3	-6.316E-2	6.375E-2	8.798E-3	-2.269E-2	2.434E-2	-7.171E-2	-0.222	0.233
1.735	8.788E-3	-6.352E-2	6.413E-2	8.815E-3	-2.943E-2	3.073E-2	-0.122	-0.296	0.321
1.752	8.933E-3	-6.414E-2	6.476E-2	5.174E-3	-3.511E-2	3.549E-2	-8.180E-2	8.887E-2	0.121
1.768	8.961E-3	-6.469E-2	6.531E-2	4.664E-3	-2.591E-2	2.633E-2	-3.487E-2	0.477	0.479
1.785	9.089E-3	-6.500E-2	6.564E-2	5.664E-3	-1.751E-2	1.840E-2	0.574	-0.410	0.706
1.802	9.150E-3	-6.528E-2	6.592E-2	2.042E-2	-3.736E-2	4.258E-2	0.254	-0.382	0.458
1.818	9.771E-3	-6.625E-2	6.697E-2	2.145E-2	-3.911E-2	4.461E-2	-0.243	-0.136	0.278
1.835	9.866E-3	-6.658E-2	6.731E-2	5.455E-3	-3.174E-2	3.221E-2	-0.395	0.433	0.586
1.852	9.953E-3	-6.731E-2	6.804E-2	9.779E-3	-3.237E-2	3.381E-2	4.565E-2	-0.530	0.532
1.869	1.019E-2	-6.766E-2	6.843E-2	9.079E-3	-4.164E-2	4.262E-2	7.866E-2	-0.236	0.249
1.885	1.026E-2	-6.870E-2	6.946E-2	9.435E-3	-4.949E-2	5.038E-2	0.162	-0.136	0.211
1.902	1.051E-2	-6.931E-2	7.011E-2	1.662E-2	-3.931E-2	4.268E-2	0.140	0.406	0.430
1.919	1.081E-2	-7.001E-2	7.084E-2	1.430E-2	-3.884E-2	4.139E-2	-1.608E-2	-0.202	0.203
1.935	1.098E-2	-7.061E-2	7.146E-2	1.422E-2	-4.377E-2	4.602E-2	-4.340E-2	6.811E-2	8.076E-2
1.952	1.128E-2	-7.147E-2	7.236E-2	1.492E-2	-4.077E-2	4.341E-2	5.956E-2	0.509	0.512
1.969	1.148E-2	-7.197E-2	7.288E-2	1.442E-2	-2.351E-2	2.758E-2	-0.145	0.379	0.406
1.985	1.177E-2	-7.226E-2	7.321E-2	1.197E-2	-2.649E-2	2.907E-2	3.513E-2	-0.263	0.266
2.002	1.188E-2	-7.285E-2	7.382E-2	1.294E-2	-3.590E-2	3.816E-2	7.915E-3	-0.215	0.215
2.019	1.220E-2	-7.345E-2	7.446E-2	1.520E-2	-3.277E-2	3.612E-2	-0.144	-0.176	0.228
2.035	1.239E-2	-7.395E-2	7.498E-2	6.860E-3	-3.949E-2	4.008E-2	-0.311	9.799E-2	0.326
2.052	1.243E-2	-7.477E-2	7.580E-2	3.828E-3	-3.483E-2	3.504E-2	5.025E-2	0.315	0.319
2.069	1.252E-2	-7.511E-2	7.615E-2	9.111E-3	-2.304E-2	2.478E-2	6.619E-4	0.357	0.357
2.085	1.273E-2	-7.554E-2	7.660E-2	5.705E-3	-2.577E-2	2.639E-2	-4.695E-3	-0.440	0.440
2.102	1.271E-2	-7.597E-2	7.702E-2	5.414E-3	-3.589E-2	3.630E-2	0.261	-0.214	0.337
2.119	1.291E-2	-7.674E-2	7.782E-2	1.674E-2	-3.706E-2	4.066E-2	0.484	-5.229E-2	0.486
2.135	1.327E-2	-7.721E-2	7.834E-2	2.178E-2	-3.295E-2	3.950E-2	-0.168	-9.244E-3	0.168
2.152	1.364E-2	-7.784E-2	7.902E-2	1.212E-2	-3.974E-2	4.155E-2	-0.415	-5.189E-2	0.418
2.169	1.367E-2	-7.853E-2	7.971E-2	4.569E-3	-3.544E-2	3.573E-2	-0.303	0.320	0.441
2.186	1.379E-2	-7.902E-2	8.021E-2	4.601E-3	-2.726E-2	2.765E-2	0.570	2.658	2.718
2.202	1.382E-2	-7.944E-2	8.064E-2	1.990E-2	4.311E-2	4.748E-2	0.158	5.089	5.092
2.219	1.445E-2	-7.758E-2	7.892E-2	1.818E-2	0.156	0.157	-0.269	4.154	4.162
2.236	1.443E-2	-7.425E-2	7.564E-2	2.225E-3	0.186	0.186	-0.391	2.308	2.341
2.252	1.453E-2	-7.136E-2	7.283E-2	8.600E-3	0.216	0.217	0.150	2.135	2.141
2.269	1.472E-2	-6.703E-2	6.863E-2	7.939E-3	0.270	0.270	0.207	2.912	2.919
2.286	1.479E-2	-6.234E-2	6.407E-2	1.296E-2	0.307	0.307	-0.318	2.182	2.205
2.302	1.515E-2	-5.680E-2	5.878E-2	2.841E-3	0.347	0.347	-0.421	1.894	1.941
2.319	1.489E-2	-5.077E-2	5.291E-2	-8.580E-3	0.369	0.369	0.457	1.792	1.850
2.336	1.486E-2	-4.448E-2	4.689E-2	1.972E-2	0.403	0.404	0.561	1.921	2.001
2.352	1.555E-2	-3.732E-2	4.043E-2	1.843E-2	0.438	0.439	-0.142	1.188	1.196
2.369	1.548E-2	-2.985E-2	3.363E-2	4.304E-3	0.442	0.442	0.214	0.990	1.012
2.386	1.569E-2	-2.255E-2	2.747E-2	2.889E-2	0.465	0.466	0.881	1.251	1.531
2.402	1.644E-2	-1.435E-2	2.182E-2	3.812E-2	0.493	0.494	0.170	1.426	1.436
2.419	1.696E-2	-6.116E-3	1.803E-2	3.040E-2	0.507	0.508	0.146	-1.111	1.121
2.436	1.746E-2	2.559E-3	1.764E-2	4.198E-2	0.467	0.469	4.715E-2	-2.604	2.605
2.452	1.836E-2	9.461E-3	2.066E-2	3.795E-2	0.404	0.406	0.184	-1.788	1.797
2.469	1.872E-2	1.604E-2	2.465E-2	3.917E-2	0.410	0.412	-0.395	-0.335	0.518
2.486	1.967E-2	2.314E-2	3.037E-2	3.523E-2	0.402	0.403	1.127E-2	-0.805	0.805
2.503	1.990E-2	2.945E-2	3.554E-2	2.873E-2	0.375	0.376	-0.358	-1.185	1.238
2.519	2.063E-2	3.564E-2	4.118E-2	3.229E-2	0.365	0.367	0.284	-0.461	0.542
2.536	2.098E-2	4.164E-2	4.663E-2	3.129E-2	0.359	0.360	6.351E-3	-0.827	0.827
2.553	2.167E-2	4.760E-2	5.230E-2	3.771E-2	0.341	0.343	-5.359E-2	-0.482	0.485
2.569	2.223E-2	5.301E-2	5.748E-2	2.770E-2	0.336	0.337	-0.843	4.490E-2	0.844
2.586	2.260E-2	5.882E-2	6.301E-2	1.013E-2	0.348	0.348	-0.325	-0.111	0.344
2.603	2.257E-2	6.462E-2	6.844E-2	1.239E-2	0.333	0.333	0.247	-1.250	1.274
2.619	2.301E-2	6.992E-2	7.361E-2	2.429E-2	0.304	0.305	0.196	-0.962	0.981
2.636	2.338E-2	7.476E-2	7.833E-2	1.711E-2	0.298	0.298	-0.466	-0.419	0.626
2.653	2.358E-2	7.985E-2	8.326E-2	8.095E-3	0.296	0.296	-0.179	0.121	0.216
2.669	2.365E-2	8.462E-2	8.787E-2	9.982E-3	0.296	0.297	0.337	-0.287	0.443
2.686	2.391E-2	8.974E-2	9.287E-2	2.080E-2	0.292	0.293	0.110	-0.373	0.388
2.703	2.435E-2	9.438E-2	9.747E-2	1.575E-2	0.278	0.279	-0.261	-0.441	0.513
2.719	2.444E-2	9.903E-2	0.102	8.089E-3	0.280	0.280	-0.442	-0.280	0.524
2.736	2.462E-2	0.104	0.107	4.088E-3	0.271	0.271	-0.103	-0.313	0.330
2.753	2.458E-2	0.108	0.111	1.821E-3	0.266	0.266	-7.177E-2	-0.229	0.240
2.769	2.468E-2	0.113	0.115	4.106E-3	0.266	0.267	9.175E-2	-0.173	0.196
2.786	2.471E-2	0.117	0.120	3.529E-3	0.258	0.258	-0.123	-0.560	0.573
2.803	2.479E-2	0.121	0.124	1.187E-3	0.248	0.248	-5.230E-2	-0.581	0.584
2.819	2.475E-2	0.125	0.128	1.486E-4	0.238	0.238	-7.120E-2	-0.649	0.653
2.836	2.480E-2	0.129	0.132	4.423E-4	0.227	0.227	-5.822E-2	-0.491	0.495
2.853	2.477E-2	0.133	0.135	-2.738E-3	0.220	0.220	-4.869E-2	-0.559	0.561
2.870	2.471E-2	0.136	0.139	-1.382E-3	0.211	0.211	7.566E-3	7.829E-2	7.866E-2
2.886	2.472E-2	0.140	0.142	-1.436E-3	0.218	0.218	-0.144	0.265	0.301
2.903	2.466E-2	0.144	0.146	-6.690E-3	0.227	0.227	0.124	-6.977E-2	0.142
2.920	2.450E-2	0.147	0.149	6.716E-4	0.212	0.212	0.234	-0.412	0.474
2.936	2.468E-2	0.151	0.153	5.343E-3	0.211	0.211	-0.173	-0.448	0.480
2.953	2.468E-2	0.154	0.156	-7.235E-3	0.203	0.203	-0.373	-3.433E-2	0.375
2.970	2.444E-2	0.158	0.160	-8.985E-3	0.203	0.203	0.238	4.855E-2	0.243
2.986	2.438E-2	0.161	0.163	2.277E-3	0.211	0.211	0.370	5.380E-2	0.374
3.003	2.452E-2	0.165	0.166	4.897E-3	0.201	0.201	-0.364	-0.768	0.850
3.020	2.454E-2	0.168	0.170	-1.011E-2	0.187	0.187	-4.119E-2	-0.729	0.730
3.036	2.418E-2	0.171	0.173	-2.041E-3	0.175	0.175	0.146	-0.516	0.537
3.053	2.447E-2	0.174	0.176	3.932E-3	0.171	0.171	0.129	0.264	0.294
3.070	2.431E-2	0.177	0.178	-5.060E-3	0.182	0.182	-0.460	0.325	0.563
3.086	2.430E-2	0.180	0.181	-7.216E-3	0.187	0.187	0.287	0.179	0.338
3.103	2.407E-2	0.183	0.184	-6.125E-5	0.183	0.183	0.219	-0.593	0.632
3.120	2.430E-2	0.186	0.188	6.108E-3	0.171	0.171	-0.181	-0.276	0.330
3.136	2.427E-2	0.189	0.190	-9.215E-3	0.167	0.167	-0.730	-0.668	0.989
3.153	2.399E-2	0.192	0.193	-1.900E-2	0.158	0.159	-0.210	-0.261	0.335
3.170	2.364E-2	0.194	0.195	-1.643E-2	0.149	0.150	0.301	3.906E-3	0.301
3.187	2.344E-2	0.197	0.198	-7.826E-3	0.164	0.164	0.480	0.354	0.596
3.203	2.338E-2	0.199	0.201	-4.977E-4	0.161	0.161	-1.097E-2	-0.371	0.371
3.220	2.343E-2	0.202	0.203	-6.413E-3	0.150	0.150	9.667E-2	-0.227	0.247
3.237	2.316E-2	0.204	0.206	-2.367E-3	0.152	0.152	0.143	1.583E-2	0.144
3.253	2.335E-2	0.207	0.208	4.468E-3	0.154	0.154	0.209	-9.695E-2	0.230
3.270	2.331E-2	0.209	0.211	4.390E-4	0.147	0.147	-0.688	-0.431	0.812
3.287	2.336E-2	0.212	0.213	-1.434E-2	0.140	0.140	-0.343	-0.455	0.570
3.303	2.284E-2	0.214	0.215	-1.826E-2	0.131	0.133	0.109	-0.385	0.400
3.320	2.275E-2	0.216	0.217	-4.456E-3	0.126	0.127	0.636	0.306	0.706
3.337	2.269E-2	0.218	0.219	4.983E-4	0.140	0.140	0.293	0.232	0.374
3.353	2.277E-2	0.221	0.222	6.398E-3	0.140	0.140	0.110	-0.207	0.235
3.370	2.290E-2	0.223	0.224	4.372E-3	0.127	0.127	-0.162	-0.594	0.616
3.387	2.292E-2	0.225	0.226	-1.389E-5	0.123	0.123	-0.663	-0.170	0.685
3.403	2.290E-2	0.227	0.228	-1.552E-2	0.120	0.121	-0.306	0.320	0.442
3.420	2.240E-2	0.229	0.230	-1.617E-2	0.133	0.134	4.129E-3	-6.318E-2	6.331E-2
3.437	2.236E-2	0.232	0.233	-8.489E-3	0.124	0.124	0.131	-0.318	0.344
3.453	2.212E-2	0.233	0.234	-1.541E-2	0.113	0.114	0.153	4.229E-2	0.158
3.470	2.185E-2	0.235	0.236	-4.430E-3	0.130	0.130	0.345	-0.309	0.463
3.487	2.197E-2	0.238	0.239	5.419E-4	0.108	0.108	0.444	-0.209	0.491
3.504	2.186E-2	0.239	0.240	5.124E-3	0.109	0.109	-0.226	0.369	0.433
3.520	2.214E-2	0.241	0.242	-3.714E-4	0.134	0.134	-0.344	-0.660	0.744
3.537	2.185E-2	0.243	0.244	-1.336E-2	8.683E-2	8.785E-2	-0.219	-0.957	0.981
3.554	2.169E-2	0.244	0.245	-4.811E-3	8.577E-2	8.590E-2	0.122	-4.902E-2	0.132
3.570	2.169E-2	0.246	0.247	-7.460E-3	0.105	0.106	-0.112	0.344	0.362
3.587	2.144E-2	0.248	0.249	-1.174E-2	8.564E-2	8.644E-2	5.256E-2	-6.334E-3	5.294E-2
3.604	2.130E-2	0.249	0.250	-4.410E-3	0.105	0.106	0.300	0.219	0.371
3.620	2.130E-2	0.251	0.252	-8.360E-4	0.102	0.102	-0.219	-2.416E-2	0.220
3.637	2.127E-2	0.252	0.253	-1.116E-2	9.324E-2	9.391E-2	-4.937E-2	-0.303	0.307
3.654	2.092E-2	0.254	0.255	-7.079E-3	0.100	0.100	0.526	-9.437E-3	0.526
3.670	2.104E-2	0.256	0.257	1.103E-2	8.908E-2	8.976E-2	2.378E-2	-0.698	0.698
3.687	2.129E-2	0.257	0.258	-4.173E-3	7.814E-2	7.825E-2	-0.553	-0.470	0.726
3.704	2.090E-2	0.258	0.259	-1.492E-2	7.154E-2	7.308E-2	0.138	-0.168	0.217
3.720	2.080E-2	0.260	0.260	4.309E-3	7.376E-2	7.389E-2	0.213	0.303	0.370
3.737	2.104E-2	0.261	0.262	-3.526E-3	8.098E-2	8.105E-2	-0.402	0.379	0.553
3.754	2.068E-2	0.262	0.263	-1.653E-2	8.785E-2	8.939E-2	0.103	3.280E-2	0.108
3.770	2.049E-2	0.264	0.265	2.060E-3	8.236E-2	8.238E-2	0.507	-0.328	0.604
3.787	2.075E-2	0.265	0.266	4.975E-3	7.510E-2	7.527E-2	0.123	-5.081E-2	0.133
3.804	2.065E-2	0.266	0.267	4.009E-4	8.042E-2	8.042E-2	-0.156	-0.257	0.300
3.820	2.076E-2	0.268	0.269	3.391E-3	7.073E-2	7.081E-2	-3.041E-3	-0.240	0.240
3.837	2.077E-2	0.269	0.269	-1.153E-3	6.545E-2	6.546E-2	0.277	-0.161	0.320
3.854	2.072E-2	0.270	0.271	1.066E-2	7.136E-2	7.215E-2	9.745E-2	0.127	0.160
3.871	2.112E-2	0.271	0.272	8.407E-3	6.680E-2	6.733E-2	-0.592	-0.180	0.618
3.887	2.100E-2	0.272	0.273	-1.445E-2	6.620E-2	6.776E-2	-0.550	-0.139	0.567
3.904	2.064E-2	0.273	0.274	-1.123E-2	6.236E-2	6.336E-2	0.402	-0.593	0.716
3.921	2.063E-2	0.274	0.275	2.474E-3	4.736E-2	4.743E-2	0.403	-7.259E-2	0.410
3.937	2.072E-2	0.275	0.276	2.204E-3	5.428E-2	5.432E-2	-0.263	0.516	0.579
3.954	2.070E-2	0.276	0.277	-6.979E-3	7.186E-2	7.220E-2	-0.228	0.186	0.294
3.971	2.049E-2	0.277	0.278	-7.264E-3	5.907E-2	5.952E-2	0.480	-0.654	0.811
3.987	2.046E-2	0.278	0.279	9.687E-3	4.701E-2	4.800E-2	0.131	-0.618	0.632
4.004	2.081E-2	0.279	0.280	2.371E-3	4.076E-2	4.083E-2	-2.976E-2	0.255	0.257
4.021	2.054E-2	0.279	0.280	-6.557E-4	5.160E-2	5.160E-2	-0.150	0.519	0.540
4.037	2.079E-2	0.281	0.281	5.948E-3	6.419E-2	6.447E-2	0.420	-0.112	0.435
4.054	2.074E-2	0.282	0.282	6.947E-3	4.635E-2	4.687E-2	-0.364	-0.320	0.484
4.071	2.102E-2	0.282	0.283	4.910E-4	4.791E-2	4.791E-2	-0.153	-0.136	0.204
4.087	2.075E-2	0.283	0.284	-5.898E-3	5.011E-2	5.046E-2	-0.402	-0.295	0.498
4.104	2.083E-2	0.284	0.285	-6.042E-3	3.267E-2	3.322E-2	6.101E-2	-0.504	0.508
4.121	2.055E-2	0.284	0.285	-9.380E-3	3.329E-2	3.459E-2	0.353	0.363	0.506
4.137	2.051E-2	0.285	0.286	7.868E-3	4.566E-2	4.634E-2	0.297	-9.863E-2	0.313
4.154	2.081E-2	0.286	0.287	4.314E-3	3.419E-2	3.446E-2	-0.213	-0.186	0.283
4.171	2.066E-2	0.286	0.287	-5.156E-3	3.073E-2	3.116E-2	-0.184	6.230E-3	0.184
4.188	2.064E-2	0.287	0.288	1.004E-3	4.215E-2	4.217E-2	0.288	0.338	0.444
4.204	2.069E-2	0.287	0.288	4.248E-3	3.853E-2	3.876E-2	-0.209	0.139	0.251
4.221	2.078E-2	0.288	0.289	-4.476E-3	4.648E-2	4.669E-2	-0.132	-0.355	0.379
4.238	2.054E-2	0.289	0.290	-4.588E-3	3.189E-2	3.222E-2	5.577E-2	-0.659	0.662
4.254	2.063E-2	0.289	0.290	2.071E-3	1.622E-2	1.635E-2	0.246	-0.373	0.447
4.271	2.061E-2	0.290	0.290	1.005E-3	2.418E-2	2.420E-2	9.443E-2	0.468	0.477
4.288	2.066E-2	0.290	0.291	5.884E-3	3.067E-2	3.123E-2	-9.323E-2	0.294	0.308
4.304	2.081E-2	0.291	0.291	-3.337E-4	3.520E-2	3.520E-2	-0.165	-0.254	0.303
4.321	2.065E-2	0.291	0.292	-3.426E-3	2.309E-2	2.334E-2	-0.484	-0.797	0.932
4.338	2.069E-2	0.291	0.292	-1.152E-2	6.067E-3	1.302E-2	0.289	-6.600E-2	0.297
4.354	2.027E-2	0.291	0.292	-1.981E-3	1.852E-2	1.863E-2	0.357	0.337	0.490
4.371	2.063E-2	0.292	0.293	1.065E-2	2.476E-2	2.695E-2	9.049E-2	-1.945E-2	9.256E-2
4.388	2.062E-2	0.292	0.293	-4.789E-3	1.221E-2	1.311E-2	-0.406	-0.517	0.657
4.404	2.047E-2	0.292	0.293	-3.474E-3	9.142E-3	9.780E-3	3.492E-2	3.378E-2	4.858E-2
4.421	2.051E-2	0.292	0.293	-8.418E-4	1.219E-2	1.222E-2	3.847E-2	-5.106E-2	6.393E-2
4.438	2.044E-2	0.293	0.293	-3.962E-3	1.018E-2	1.092E-2	0.104	-7.456E-2	0.128
4.454	2.037E-2	0.293	0.293	2.244E-3	6.481E-3	6.858E-3	0.311	0.108	0.330
4.471	2.051E-2	0.293	0.294	8.182E-3	1.503E-2	1.711E-2	-2.392E-2	0.231	0.232
4.488	2.065E-2	0.293	0.294	1.463E-3	1.580E-2	1.587E-2	-0.141	-0.188	0.235
4.505	2.056E-2	0.293	0.294	7.954E-4	7.343E-3	7.386E-3	-0.174	-0.238	0.294
4.521	2.067E-2	0.294	0.294	-6.652E-4	6.831E-3	6.863E-3	-0.142	-0.212	0.255
4.538	2.054E-2	0.294	0.294	-7.021E-3	2.912E-3	7.601E-3	-0.647	-2.432E-2	0.647
4.555	2.044E-2	0.294	0.294	-1.906E-2	2.390E-3	1.921E-2	3.447E-2	-1.305E-2	3.686E-2
4.571	1.990E-2	0.294	0.294	-1.253E-2	6.000E-3	1.389E-2	0.426	-0.215	0.477
4.588	2.002E-2	0.294	0.295	3.163E-3	-5.545E-3	6.384E-3	0.403	-0.237	0.467
4.605	2.001E-2	0.294	0.294	-2.710E-3	-5.039E-3	5.722E-3	-0.306	7.317E-2	0.315
4.621	1.993E-2	0.294	0.294	-6.789E-3	9.525E-4	6.856E-3	-0.105	0.146	0.179
4.638	1.978E-2	0.294	0.294	-6.807E-3	-2.157E-3	7.140E-3	-0.120	-5.568E-2	0.133
4.655	1.970E-2	0.294	0.294	-9.273E-3	-8.621E-4	9.313E-3	0.104	4.829E-2	0.115
4.671	1.947E-2	0.294	0.294	-6.019E-3	8.963E-5	6.020E-3	0.136	-7.883E-2	0.157
4.688	1.950E-2	0.294	0.294	-1.426E-3	-3.524E-3	3.802E-3	0.170	-8.863E-3	0.171
4.705	1.943E-2	0.293	0.294	-2.632E-3	-1.616E-3	3.088E-3	-2.956E-2	-1.993E-2	3.565E-2
4.721	1.942E-2	0.294	0.294	-1.301E-3	-1.705E-3	2.145E-3	-8.011E-2	8.639E-4	8.011E-2
4.738	1.938E-2	0.293	0.294	-5.293E-3	-4.036E-3	6.656E-3	2.288E-2	5.696E-3	2.357E-2
4.755	1.924E-2	0.293	0.294	-2.307E-3	-2.587E-4	2.322E-3	5.153E-2	-0.145	0.153
4.771	1.931E-2	0.293	0.294	-6.221E-4	-7.649E-3	7.674E-3	-9.527E-2	-0.202	0.223
4.788	1.922E-2	0.293	0.294	-7.413E-3	-1.045E-2	1.281E-2	-0.477	-0.187	0.512
4.805	1.906E-2	0.293	0.294	-1.562E-2	-1.019E-2	1.865E-2	-0.211	-0.223	0.307
4.821	1.870E-2	0.293	0.293	-1.660E-2	-1.974E-2	2.579E-2	0.283	-0.245	0.375
4.838	1.851E-2	0.292	0.293	-4.811E-3	-1.935E-2	1.994E-2	0.515	0.438	0.676
4.855	1.854E-2	0.292	0.293	1.788E-3	-4.767E-3	5.092E-3	-9.216E-2	0.452	0.461
4.872	1.856E-2	0.292	0.293	-7.548E-3	-1.056E-3	7.622E-3	-0.319	1.362E-2	0.319
4.888	1.828E-2	0.292	0.293	-1.215E-2	-7.619E-3	1.434E-2	-1.773E-2	-0.548	0.549
4.905	1.816E-2	0.292	0.293	-5.743E-3	-1.710E-2	1.804E-2	0.173	-0.367	0.406
4.922	1.809E-2	0.292	0.292	-6.224E-3	-2.305E-2	2.388E-2	3.898E-2	-0.183	0.187
4.938	1.795E-2	0.291	0.292	-5.724E-3	-2.072E-2	2.150E-2	0.165	0.370	0.405
4.955	1.790E-2	0.291	0.291	-3.834E-5	-1.281E-2	1.281E-2	0.116	0.108	0.158
4.972	1.795E-2	0.291	0.291	-8.623E-4	-1.305E-2	1.308E-2	-0.195	-0.440	0.481
4.988	1.787E-2	0.290	0.291	-7.625E-3	-3.030E-2	3.124E-2	-0.641	-0.225	0.679
5.005	1.770E-2	0.290	0.290	-2.106E-2	-2.361E-2	3.164E-2	-6.908E-2	0.327	0.335
5.022	1.717E-2	0.290	0.290	-1.486E-2	-1.342E-2	2.002E-2	0.290	0.468	0.550
5.038	1.720E-2	0.289	0.290	-4.265E-3	-1.218E-2	1.290E-2	0.270	-0.173	0.321
5.055	1.703E-2	0.289	0.290	-1.001E-2	-1.563E-2	1.856E-2	-0.352	-3.814E-2	0.354
5.072	1.687E-2	0.289	0.289	-1.438E-2	-1.786E-2	2.293E-2	0.435	-0.305	0.531
5.088	1.655E-2	0.289	0.289	3.476E-4	-2.107E-2	2.108E-2	0.316	-0.232	0.392
5.105	1.688E-2	0.288	0.289	4.546E-3	-2.968E-2	3.003E-2	-0.122	-0.406	0.424
5.122	1.670E-2	0.288	0.288	-1.081E-2	-3.217E-2	3.394E-2	-0.597	0.247	0.646
5.138	1.652E-2	0.287	0.288	-1.296E-2	-2.447E-2	2.769E-2	7.589E-2	0.165	0.181
5.155	1.627E-2	0.287	0.287	-9.598E-3	-2.151E-2	2.356E-2	-0.870	-0.798	1.181
5.172	1.620E-2	0.286	0.287	-3.568E-2	-5.215E-2	6.319E-2	-0.453	-0.575	0.732
5.189	1.508E-2	0.285	0.285	-3.856E-2	-4.924E-2	6.254E-2	0.585	0.856	1.037
5.205	1.491E-2	0.285	0.285	-4.327E-3	-1.476E-2	1.538E-2	0.524	0.723	0.893
5.222	1.493E-2	0.285	0.285	-2.042E-2	-2.330E-2	3.098E-2	-0.587	-0.482	0.760
5.239	1.423E-2	0.284	0.284	-3.235E-2	-3.793E-2	4.985E-2	-2.704E-2	-0.540	0.540
5.255	1.385E-2	0.283	0.284	-1.629E-2	-3.727E-2	4.067E-2	0.565	-9.821E-2	0.573
5.272	1.369E-2	0.283	0.283	-1.274E-2	-4.226E-2	4.414E-2	0.225	0.583	0.625
5.289	1.343E-2	0.282	0.282	-1.107E-2	-2.128E-2	2.399E-2	-0.367	0.120	0.386
5.305	1.332E-2	0.282	0.282	-2.129E-2	-2.723E-2	3.456E-2	-0.338	-0.485	0.591
5.322	1.272E-2	0.281	0.281	-2.822E-2	-4.994E-2	5.736E-2	-9.348E-2	-0.669	0.675
5.339	1.237E-2	0.280	0.281	-2.020E-2	-4.360E-2	4.805E-2	9.235E-3	0.368	0.368
5.355	1.204E-2	0.280	0.280	-2.776E-2	-3.917E-2	4.801E-2	-6.047E-2	-1.544E-2	6.241E-2
5.372	1.145E-2	0.279	0.279	-2.593E-2	-4.186E-2	4.924E-2	0.183	6.737E-2	0.195
5.389	1.118E-2	0.278	0.278	-1.753E-2	-4.074E-2	4.435E-2	0.793	2.263E-2	0.793
5.405	1.086E-2	0.278	0.278	-3.467E-3	-3.710E-2	3.726E-2	0.169	-1.040E-2	0.169
5.422	1.106E-2	0.277	0.277	-4.889E-3	-4.332E-2	4.360E-2	-0.429	-0.372	0.568
5.439	1.070E-2	0.276	0.276	-2.441E-2	-4.879E-2	5.456E-2	-0.827	-0.316	0.885
5.455	1.025E-2	0.275	0.275	-3.038E-2	-5.444E-2	6.234E-2	0.192	-0.113	0.223
5.472	9.686E-3	0.274	0.275	-2.045E-2	-5.301E-2	5.682E-2	0.157	-5.455E-2	0.166
5.489	9.566E-3	0.274	0.274	-1.918E-2	-5.440E-2	5.768E-2	-0.162	0.112	0.197
5.506	9.046E-3	0.273	0.273	-3.116E-2	-5.208E-2	6.069E-2	-6.719E-2	-2.046E-2	7.023E-2
5.522	8.526E-3	0.272	0.272	-2.115E-2	-5.151E-2	5.568E-2	7.629E-2	-0.216	0.229
5.539	8.341E-3	0.271	0.271	-2.392E-2	-6.160E-2	6.608E-2	-3.232E-2	-0.319	0.320
5.556	7.728E-3	0.270	0.270	-2.849E-2	-6.266E-2	6.883E-2	-0.123	2.291E-3	0.123
5.572	7.390E-3	0.269	0.269	-2.341E-2	-6.021E-2	6.461E-2	-0.234	0.164	0.286
5.589	6.947E-3	0.268	0.268	-3.689E-2	-5.797E-2	6.871E-2	-9.853E-2	0.263	0.281
5.606	6.159E-3	0.267	0.267	-3.146E-2	-5.131E-2	6.018E-2	0.617	0.391	0.730
5.622	5.897E-3	0.266	0.266	-1.100E-2	-4.444E-2	4.578E-2	0.388	-0.239	0.456
5.639	5.792E-3	0.265	0.265	-1.777E-2	-5.696E-2	5.967E-2	-0.536	-0.449	0.699
5.656	5.304E-3	0.264	0.264	-3.239E-2	-6.511E-2	7.272E-2	0.101	0.133	0.167
5.672	4.711E-3	0.263	0.263	-1.639E-2	-4.959E-2	5.223E-2	0.395	0.430	0.584
5.689	4.757E-3	0.262	0.263	-1.128E-2	-4.830E-2	4.960E-2	-1.136E-2	-0.551	0.551
5.706	4.335E-3	0.262	0.262	-2.374E-2	-6.930E-2	7.326E-2	-0.772	-0.501	0.920
5.722	3.965E-3	0.260	0.260	-3.303E-2	-6.982E-2	7.724E-2	-0.111	-3.361E-2	0.116
5.739	3.233E-3	0.259	0.259	-3.240E-2	-6.366E-2	7.143E-2	0.102	7.267E-2	0.125
5.756	2.884E-3	0.258	0.258	-2.432E-2	-7.124E-2	7.528E-2	0.446	0.103	0.457
5.772	2.422E-3	0.257	0.257	-2.109E-2	-6.089E-2	6.444E-2	-0.465	1.580E-2	0.465
5.789	2.180E-3	0.256	0.256	-3.457E-2	-6.536E-2	7.394E-2	-0.222	-0.212	0.307
5.806	1.268E-3	0.255	0.255	-3.762E-2	-7.475E-2	8.368E-2	0.200	-0.350	0.403
5.822	9.250E-4	0.254	0.254	-2.019E-2	-7.260E-2	7.536E-2	0.528	0.131	0.544
5.839	5.942E-4	0.252	0.252	-2.202E-2	-7.283E-2	7.608E-2	0.249	0.502	0.560
5.856	1.902E-4	0.251	0.251	-1.403E-2	-5.618E-2	5.791E-2	-0.120	0.193	0.227
5.873	1.262E-4	0.250	0.250	-2.042E-2	-6.064E-2	6.399E-2	-0.596	-0.442	0.742
5.889	-4.911E-4	0.249	0.249	-3.972E-2	-7.786E-2	8.740E-2	-5.691E-2	0.270	0.276
5.906	-1.199E-3	0.248	0.248	-2.344E-2	-5.259E-2	5.758E-2	0.594	-0.106	0.603
5.923	-1.273E-3	0.247	0.247	-1.289E-2	-6.848E-2	6.969E-2	-6.968E-2	-0.488	0.493
5.939	-1.629E-3	0.245	0.245	-2.970E-2	-8.725E-2	9.216E-2	-0.840	-0.522	0.989
5.956	-2.264E-3	0.244	0.244	-4.159E-2	-7.270E-2	8.376E-2	0.270	0.415	0.495
5.973	-3.017E-3	0.243	0.243	-2.359E-2	-7.889E-2	8.234E-2	0.966	-4.118E-2	0.967
5.989	-3.051E-3	0.242	0.242	-2.615E-3	-7.324E-2	7.329E-2	0.171	0.409	0.443
6.006	-3.104E-3	0.241	0.241	-1.889E-2	-6.480E-2	6.750E-2	-1.061	-0.179	1.076
6.023	-3.681E-3	0.240	0.240	-4.146E-2	-7.641E-2	8.693E-2	-0.466	-0.352	0.584
6.039	-4.487E-3	0.238	0.238	-3.590E-2	-8.294E-2	9.038E-2	0.416	0.154	0.444
6.056	-4.879E-3	0.237	0.237	-2.310E-2	-6.732E-2	7.117E-2	0.292	0.223	0.367
6.073	-5.258E-3	0.236	0.236	-2.719E-2	-7.322E-2	7.810E-2	-4.839E-2	-0.202	0.208
6.089	-5.787E-3	0.234	0.234	-2.676E-2	-7.939E-2	8.378E-2	-0.459	-0.123	0.475
6.106	-6.151E-3	0.233	0.233	-3.814E-2	-7.372E-2	8.300E-2	0.275	0.103	0.294
6.123	-7.059E-3	0.232	0.232	-2.689E-2	-7.662E-2	8.120E-2	0.204	-0.187	0.277
6.139	-7.048E-3	0.231	0.231	-1.841E-2	-8.039E-2	8.247E-2	0.234	2.191E-4	0.234
6.156	-7.674E-3	0.229	0.229	-2.960E-2	-7.729E-2	8.276E-2	-4.694E-2	-0.134	0.142
6.173	-8.036E-3	0.228	0.228	-1.583E-2	-8.206E-2	8.358E-2	0.131	-1.698E-2	0.132
6.190	-8.202E-3	0.226	0.227	-2.285E-2	-8.239E-2	8.551E-2	-0.445	-0.108	0.458
6.206	-8.798E-3	0.225	0.225	-3.527E-2	-8.077E-2	8.814E-2	-0.674	-0.311	0.742
6.223	-9.379E-3	0.224	0.224	-4.229E-2	-9.510E-2	0.104	0.382	-4.352E-2	0.384
6.240	-1.021E-2	0.222	0.222	-2.787E-2	-8.557E-2	9.000E-2	0.838	0.239	0.871
6.256	-1.031E-2	0.221	0.221	-6.886E-3	-7.984E-2	8.013E-2	0.194	-3.033E-2	0.197
6.273	-1.044E-2	0.219	0.220	-2.265E-2	-9.188E-2	9.464E-2	-0.454	0.123	0.471
6.290	-1.106E-2	0.218	0.218	-2.757E-2	-7.685E-2	8.165E-2	-0.361	2.523E-2	0.362
6.306	-1.136E-2	0.217	0.217	-2.823E-2	-8.303E-2	8.770E-2	-0.106	-0.538	0.549
6.323	-1.201E-2	0.215	0.215	-3.596E-2	-0.104	0.110	-0.191	-0.695	0.721
6.340	-1.256E-2	0.213	0.214	-3.237E-2	-0.102	0.107	5.344E-2	0.364	0.368
6.356	-1.309E-2	0.212	0.212	-3.403E-2	-9.334E-2	9.935E-2	0.249	0.232	0.340
6.373	-1.369E-2	0.210	0.211	-2.631E-2	-9.095E-2	9.468E-2	0.390	-0.304	0.494
6.390	-1.396E-2	0.209	0.209	-1.759E-2	-0.106	0.107	-8.043E-2	-0.140	0.161
6.406	-1.428E-2	0.207	0.207	-2.935E-2	-9.889E-2	0.103	-8.038E-2	0.303	0.314
6.423	-1.494E-2	0.205	0.206	-2.512E-2	-8.964E-2	9.309E-2	-0.209	-0.256	0.331
6.440	-1.512E-2	0.204	0.204	-2.817E-2	-0.109	0.113	0.103	-0.750	0.757
6.456	-1.588E-2	0.202	0.202	-3.093E-2	-0.119	0.123	-0.867	-0.334	0.929
6.473	-1.615E-2	0.200	0.200	-4.603E-2	-0.117	0.125	0.474	0.398	0.618
6.490	-1.742E-2	0.198	0.199	-3.209E-2	-0.108	0.113	-5.497E-2	0.159	0.168
6.507	-1.722E-2	0.196	0.197	-2.567E-2	-0.106	0.110	0.568	-0.101	0.577
6.523	-1.828E-2	0.194	0.195	-3.425E-2	-0.116	0.121	-0.147	-0.420	0.445
6.540	-1.836E-2	0.192	0.193	-1.551E-2	-0.119	0.120	-0.141	-0.221	0.262
6.557	-1.879E-2	0.190	0.191	-4.346E-2	-0.124	0.131	-0.289	-6.135E-2	0.296
6.573	-1.982E-2	0.188	0.189	-3.283E-2	-0.122	0.126	0.765	0.869	1.157
6.590	-1.989E-2	0.186	0.187	-6.929E-3	-9.629E-2	9.654E-2	0.558	-4.185E-2	0.560
6.607	-2.005E-2	0.185	0.186	-1.779E-2	-0.112	0.113	-1.551	-0.976	1.833
6.623	-2.048E-2	0.183	0.184	-5.641E-2	-0.143	0.154	-0.500	-0.239	0.554
6.640	-2.193E-2	0.180	0.182	-4.750E-2	-0.116	0.125	0.855	0.952	1.280
6.657	-2.207E-2	0.179	0.180	-1.187E-2	-0.105	0.106	0.309	-0.323	0.447
6.673	-2.232E-2	0.177	0.178	-4.026E-2	-0.131	0.137	1.586E-2	-0.430	0.430
6.690	-2.341E-2	0.174	0.176	-2.384E-2	-0.125	0.128	-0.236	0.193	0.305
6.707	-2.312E-2	0.173	0.174	-2.651E-2	-0.114	0.117	-0.275	-0.147	0.312
6.723	-2.430E-2	0.170	0.172	-5.385E-2	-0.135	0.145	-0.162	-0.164	0.230
6.740	-2.492E-2	0.168	0.170	-2.292E-2	-0.124	0.126	0.941	-7.505E-2	0.944
6.757	-2.506E-2	0.166	0.168	-1.922E-2	-0.127	0.128	-0.172	0.306	0.351
6.773	-2.556E-2	0.164	0.166	-3.325E-2	-0.127	0.131	-0.621	-0.218	0.658
6.790	-2.617E-2	0.162	0.164	-3.905E-2	-0.122	0.128	4.010E-2	9.475E-2	0.103
6.807	-2.686E-2	0.160	0.162	-3.328E-2	-0.133	0.137	0.317	-0.125	0.341
6.823	-2.728E-2	0.158	0.160	-2.571E-2	-0.122	0.125	6.715E-2	-6.726E-2	9.504E-2
6.840	-2.772E-2	0.156	0.158	-3.162E-2	-0.133	0.136	0.114	-9.395E-2	0.148
6.857	-2.834E-2	0.153	0.156	-2.503E-2	-0.132	0.135	-4.224E-2	-0.344	0.346
6.874	-2.855E-2	0.151	0.154	-2.691E-2	-0.135	0.138	0.254	-0.125	0.283
6.890	-2.923E-2	0.149	0.152	-2.450E-2	-0.145	0.147	-0.296	0.160	0.337
6.907	-2.937E-2	0.146	0.149	-2.746E-2	-0.126	0.129	0.154	0.772	0.787
6.924	-3.015E-2	0.145	0.148	-2.957E-2	-0.117	0.121	-8.516E-2	0.236	0.251
6.940	-3.036E-2	0.143	0.146	-2.143E-2	-0.120	0.122	-7.352E-2	-0.641	0.645
6.957	-3.086E-2	0.141	0.144	-3.616E-2	-0.137	0.141	-0.415	-0.347	0.541
6.974	-3.157E-2	0.138	0.142	-3.646E-2	-0.138	0.142	0.272	1.677E-2	0.273
6.990	-3.208E-2	0.136	0.140	-2.544E-2	-0.129	0.132	0.224	-5.555E-2	0.230
7.007	-3.241E-2	0.134	0.138	-2.719E-2	-0.142	0.145	-2.768E-2	-0.454	0.455
7.024	-3.299E-2	0.131	0.135	-2.987E-2	-0.146	0.149	2.263E-2	0.222	0.223
7.040	-3.341E-2	0.129	0.133	-2.425E-2	-0.134	0.136	0.242	0.275	0.367
7.057	-3.380E-2	0.127	0.131	-2.226E-2	-0.134	0.135	6.156E-3	-6.188E-2	6.219E-2
7.074	-3.415E-2	0.124	0.129	-2.361E-2	-0.140	0.142	0.265	-3.301E-2	0.267
7.090	-3.459E-2	0.122	0.127	-1.568E-2	-0.133	0.134	-0.177	0.412	0.449
7.107	-3.468E-2	0.120	0.125	-2.368E-2	-0.126	0.128	-0.168	-0.265	0.313
7.124	-3.538E-2	0.118	0.123	-2.967E-2	-0.140	0.143	3.438E-2	-0.108	0.113
7.140	-3.567E-2	0.115	0.121	-1.657E-2	-0.138	0.138	0.166	-9.411E-2	0.191
7.157	-3.593E-2	0.113	0.119	-2.437E-2	-0.133	0.135	-0.254	-0.101	0.273
7.174	-3.648E-2	0.111	0.117	-2.832E-2	-0.148	0.150	-0.215	0.264	0.340
7.191	-3.687E-2	0.108	0.114	-2.828E-2	-0.125	0.128	0.514	0.522	0.732
7.207	-3.742E-2	0.107	0.113	-1.568E-2	-0.121	0.122	0.271	-0.976	1.013
7.224	-3.740E-2	0.104	0.111	-1.172E-2	-0.163	0.163	-0.229	-0.478	0.530
7.241	-3.781E-2	0.101	0.108	-2.905E-2	-0.147	0.150	-0.237	0.113	0.262
7.257	-3.837E-2	9.940E-2	0.107	-2.062E-2	-0.140	0.141	3.962E-2	0.390	0.392
7.274	-3.850E-2	9.652E-2	0.104	-2.169E-2	-0.152	0.153	0.119	-0.288	0.312
7.291	-3.909E-2	9.433E-2	0.102	-2.388E-2	-0.138	0.140	4.559E-3	0.387	0.387
7.307	-3.930E-2	9.192E-2	9.997E-2	-1.591E-2	-0.144	0.145	-5.733E-2	0.317	0.323
7.324	-3.962E-2	8.953E-2	9.790E-2	-2.721E-2	-0.128	0.131	-0.303	1.143	1.182
7.341	-4.021E-2	8.764E-2	9.643E-2	-2.875E-2	-0.103	0.107	0.264	0.665	0.715
7.357	-4.058E-2	8.609E-2	9.518E-2	-1.627E-2	-0.104	0.105	0.831	0.450	0.945
7.374	-4.075E-2	8.418E-2	9.353E-2	-1.465E-3	-9.522E-2	9.523E-2	0.428	0.869	0.969
7.391	-4.063E-2	8.291E-2	9.233E-2	6.095E-4	-6.874E-2	6.875E-2	0.343	1.569	1.606
7.407	-4.073E-2	8.189E-2	9.146E-2	5.195E-3	-4.585E-2	4.614E-2	0.205	1.383	1.398
7.424	-4.046E-2	8.138E-2	9.089E-2	1.224E-2	-2.050E-2	2.388E-2	0.313	1.359	1.395
7.441	-4.032E-2	8.120E-2	9.066E-2	1.221E-2	-1.370E-3	1.228E-2	-3.030E-4	0.403	0.403
7.457	-4.005E-2	8.134E-2	9.066E-2	1.433E-2	-3.979E-3	1.487E-2	0.102	-0.537	0.547
7.474	-3.984E-2	8.107E-2	9.033E-2	1.414E-2	-2.313E-2	2.711E-2	-0.102	-0.322	0.338
7.491	-3.958E-2	8.057E-2	8.976E-2	1.231E-2	-1.689E-2	2.090E-2	0.114	-9.935E-2	0.151
7.508	-3.943E-2	8.051E-2	8.965E-2	1.561E-2	-1.941E-2	2.491E-2	-0.172	-0.435	0.468
7.524	-3.906E-2	7.992E-2	8.895E-2	1.078E-2	-3.749E-2	3.901E-2	-0.201	-0.480	0.521
7.541	-3.907E-2	7.926E-2	8.836E-2	3.811E-3	-3.460E-2	3.481E-2	-0.676	0.540	0.866
7.558	-3.893E-2	7.877E-2	8.786E-2	-6.528E-3	-1.911E-2	2.019E-2	0.296	0.340	0.451
7.574	-3.929E-2	7.862E-2	8.789E-2	4.849E-3	-1.952E-2	2.011E-2	0.712	-0.214	0.743
7.591	-3.877E-2	7.811E-2	8.720E-2	2.755E-2	-3.070E-2	4.125E-2	0.509	-0.439	0.673
7.608	-3.837E-2	7.759E-2	8.656E-2	1.778E-2	-3.258E-2	3.712E-2	-0.337	-9.917E-3	0.337
7.624	-3.817E-2	7.703E-2	8.597E-2	1.476E-2	-3.168E-2	3.495E-2	-0.501	3.540E-2	0.503
7.641	-3.788E-2	7.654E-2	8.540E-2	4.575E-3	-3.041E-2	3.075E-2	7.268E-2	-6.874E-2	0.100
7.658	-3.802E-2	7.601E-2	8.499E-2	1.035E-2	-3.419E-2	3.573E-2	3.122E-2	-0.330	0.331
7.674	-3.753E-2	7.540E-2	8.422E-2	1.490E-2	-4.143E-2	4.403E-2	0.492	-0.139	0.512
7.691	-3.752E-2	7.463E-2	8.353E-2	1.759E-2	-4.049E-2	4.415E-2	-0.280	-0.126	0.307
7.708	-3.695E-2	7.404E-2	8.275E-2	1.521E-2	-4.242E-2	4.507E-2	-0.273	0.108	0.294
7.724	-3.702E-2	7.321E-2	8.204E-2	-6.507E-5	-4.099E-2	4.099E-2	-0.414	-0.181	0.451
7.741	-3.695E-2	7.268E-2	8.153E-2	5.174E-3	-4.333E-2	4.364E-2	0.365	-0.358	0.511
7.758	-3.684E-2	7.177E-2	8.067E-2	1.118E-2	-5.699E-2	5.808E-2	-0.306	-0.368	0.478
7.774	-3.658E-2	7.078E-2	7.967E-2	-1.339E-3	-5.534E-2	5.536E-2	-0.220	-0.261	0.341
7.791	-3.689E-2	6.992E-2	7.906E-2	-3.909E-3	-6.250E-2	6.263E-2	0.267	0.146	0.304
7.808	-3.671E-2	6.869E-2	7.788E-2	1.386E-2	-5.677E-2	5.844E-2	0.632	0.164	0.653
7.824	-3.643E-2	6.803E-2	7.717E-2	1.603E-2	-4.917E-2	5.171E-2	0.131	0.503	0.520
7.841	-3.617E-2	6.705E-2	7.618E-2	1.727E-2	-4.683E-2	4.992E-2	-1.035E-2	-0.134	0.134
7.858	-3.585E-2	6.647E-2	7.552E-2	1.675E-2	-4.717E-2	5.005E-2	-0.812	-0.405	0.908
7.875	-3.561E-2	6.548E-2	7.453E-2	-7.733E-3	-6.473E-2	6.519E-2	-0.253	-0.605	0.656
7.891	-3.611E-2	6.431E-2	7.375E-2	-1.585E-3	-6.755E-2	6.757E-2	0.357	-0.215	0.417
7.908	-3.567E-2	6.322E-2	7.259E-2	1.672E-2	-6.971E-2	7.168E-2	0.422	-4.111E-3	0.422
7.925	-3.555E-2	6.198E-2	7.145E-2	5.858E-3	-7.005E-2	7.029E-2	-0.376	0.186	0.419
7.941	-3.547E-2	6.088E-2	7.046E-2	5.197E-3	-6.206E-2	6.228E-2	-0.233	-0.175	0.291
7.958	-3.538E-2	5.991E-2	6.957E-2	-7.137E-4	-7.336E-2	7.336E-2	-0.235	-9.028E-2	0.252
7.975	-3.549E-2	5.844E-2	6.837E-2	-4.848E-3	-7.213E-2	7.229E-2	0.159	-0.109	0.192
7.991	-3.554E-2	5.750E-2	6.760E-2	5.027E-3	-6.848E-2	6.866E-2	0.266	-0.379	0.463
8.008	-3.533E-2	5.615E-2	6.634E-2	6.740E-3	-8.942E-2	8.968E-2	-0.164	-0.282	0.327
8.025	-3.531E-2	5.452E-2	6.496E-2	-2.747E-3	-8.097E-2	8.102E-2	-0.109	-3.112E-4	0.109
8.041	-3.542E-2	5.345E-2	6.412E-2	1.785E-3	-8.096E-2	8.098E-2	0.199	0.447	0.490
8.058	-3.525E-2	5.182E-2	6.267E-2	7.096E-3	-7.638E-2	7.671E-2	0.222	-2.594E-2	0.224
8.075	-3.518E-2	5.090E-2	6.188E-2	6.892E-3	-7.096E-2	7.129E-2	0.172	0.457	0.488
8.091	-3.502E-2	4.945E-2	6.060E-2	1.339E-2	-7.109E-2	7.234E-2	6.164E-2	-0.951	0.953
8.108	-3.473E-2	4.853E-2	5.968E-2	1.066E-2	-9.074E-2	9.136E-2	-0.254	-0.484	0.546
8.125	-3.467E-2	4.642E-2	5.794E-2	2.648E-3	-0.103	0.103	-8.211E-2	-7.966E-2	0.114
8.141	-3.465E-2	4.509E-2	5.687E-2	7.587E-3	-8.140E-2	8.175E-2	0.162	0.117	0.200
8.158	-3.441E-2	4.371E-2	5.563E-2	1.054E-2	-0.100	0.101	-3.513E-2	-0.449	0.450
8.175	-3.429E-2	4.174E-2	5.402E-2	4.892E-3	-0.103	0.103	-0.362	-3.894E-2	0.364
8.192	-3.425E-2	4.026E-2	5.286E-2	-1.187E-3	-9.429E-2	9.429E-2	-0.293	1.289E-2	0.293
8.208	-3.433E-2	3.859E-2	5.166E-2	-5.547E-3	-0.106	0.106	-3.920E-2	-0.151	0.156
8.225	-3.444E-2	3.674E-2	5.035E-2	-2.625E-3	-0.102	0.102	9.974E-2	0.386	0.399
8.242	-3.442E-2	3.521E-2	4.924E-2	-8.803E-4	-8.950E-2	8.950E-2	0.432	0.445	0.620
8.258	-3.447E-2	3.375E-2	4.824E-2	9.099E-3	-8.741E-2	8.788E-2	-1.277E-2	0.213	0.213
8.275	-3.412E-2	3.229E-2	4.698E-2	4.619E-3	-8.334E-2	8.347E-2	6.270E-2	-0.397	0.402
8.292	-3.431E-2	3.097E-2	4.622E-2	2.818E-3	-9.691E-2	9.695E-2	-0.460	-0.998	1.099
8.308	-3.402E-2	2.906E-2	4.474E-2	-1.608E-3	-0.121	0.121	-2.899E-2	-0.347	0.348
8.325	-3.437E-2	2.692E-2	4.365E-2	-7.453E-3	-0.110	0.111	2.580E-2	0.602	0.602
8.342	-3.427E-2	2.537E-2	4.264E-2	5.647E-3	-9.495E-2	9.512E-2	0.408	0.378	0.557
8.358	-3.418E-2	2.375E-2	4.162E-2	4.514E-3	-0.100	0.101	-1.432E-2	-0.659	0.659
8.375	-3.412E-2	2.202E-2	4.061E-2	4.614E-3	-0.116	0.116	-0.232	-0.243	0.336
8.392	-3.402E-2	1.989E-2	3.941E-2	-1.582E-3	-0.114	0.114	0.135	3.255E-2	0.139
8.408	-3.417E-2	1.823E-2	3.873E-2	4.806E-3	-0.108	0.108	0.109	0.138	0.176
8.425	-3.386E-2	1.629E-2	3.758E-2	8.552E-3	-0.114	0.114	0.370	-0.290	0.470
8.442	-3.389E-2	1.444E-2	3.684E-2	1.052E-2	-0.115	0.115	-0.192	0.157	0.248
8.458	-3.351E-2	1.246E-2	3.575E-2	9.004E-3	-0.111	0.111	-0.119	0.645	0.656
8.475	-3.359E-2	1.073E-2	3.526E-2	2.108E-4	-9.239E-2	9.239E-2	-1.885E-3	0.987	0.987
8.492	-3.350E-2	9.375E-3	3.479E-2	1.138E-2	-7.666E-2	7.750E-2	0.219	1.263	1.282
8.509	-3.321E-2	8.174E-3	3.420E-2	9.747E-3	-5.318E-2	5.407E-2	-0.428	0.570	0.713
8.525	-3.318E-2	7.600E-3	3.404E-2	-5.079E-3	-5.061E-2	5.086E-2	-0.475	0.450	0.654
8.542	-3.338E-2	6.485E-3	3.400E-2	-7.558E-3	-4.816E-2	4.875E-2	0.167	0.218	0.275
8.559	-3.343E-2	5.993E-3	3.396E-2	2.001E-3	-3.491E-2	3.497E-2	0.251	0.451	0.517
8.575	-3.331E-2	5.320E-3	3.373E-2	2.355E-3	-3.769E-2	3.776E-2	0.115	3.685E-2	0.121
8.592	-3.335E-2	4.736E-3	3.369E-2	2.967E-3	-3.251E-2	3.265E-2	-5.023E-2	0.798	0.800
8.609	-3.321E-2	4.236E-3	3.348E-2	3.593E-3	-1.312E-2	1.360E-2	5.653E-3	0.946	0.946
8.625	-3.323E-2	4.298E-3	3.351E-2	7.405E-4	3.546E-3	3.623E-3	-1.313E-2	0.291	0.291
8.642	-3.319E-2	4.354E-3	3.347E-2	4.175E-3	-4.723E-3	6.304E-3	9.488E-2	-0.284	0.299
8.659	-3.309E-2	4.140E-3	3.335E-2	4.263E-3	-8.775E-3	9.755E-3	0.382	0.410	0.561
8.675	-3.305E-2	4.061E-3	3.329E-2	1.462E-2	9.268E-3	1.731E-2	0.407	0.816	0.912
8.692	-3.261E-2	4.450E-3	3.291E-2	2.204E-2	2.207E-2	3.119E-2	0.203	0.708	0.736
8.709	-3.231E-2	4.797E-3	3.267E-2	1.836E-2	2.932E-2	3.459E-2	-0.209	0.444	0.491
8.725	-3.199E-2	5.428E-3	3.245E-2	1.626E-2	3.926E-2	4.250E-2	-0.357	0.969	1.033
8.742	-3.177E-2	6.107E-3	3.235E-2	6.565E-3	5.836E-2	5.873E-2	-0.155	0.212	0.263
8.759	-3.177E-2	7.375E-3	3.262E-2	8.272E-3	5.426E-2	5.489E-2	0.151	-0.296	0.332
8.775	-3.149E-2	7.918E-3	3.247E-2	1.529E-2	3.886E-2	4.176E-2	0.391	-0.537	0.665
8.792	-3.126E-2	8.672E-3	3.244E-2	1.888E-2	4.174E-2	4.581E-2	0.334	-0.127	0.357
8.809	-3.086E-2	9.311E-3	3.224E-2	2.764E-2	3.343E-2	4.338E-2	-0.151	-0.301	0.337
8.825	-3.034E-2	9.788E-3	3.188E-2	1.624E-2	3.051E-2	3.456E-2	-0.668	-0.392	0.775
8.842	-3.032E-2	1.033E-2	3.203E-2	6.679E-4	2.296E-2	2.296E-2	-0.366	1.862E-2	0.366
8.859	-3.032E-2	1.055E-2	3.210E-2	5.246E-3	2.631E-2	2.683E-2	0.338	4.515E-2	0.341
8.876	-3.015E-2	1.121E-2	3.216E-2	1.314E-2	3.069E-2	3.339E-2	0.547	-0.141	0.565
8.892	-2.988E-2	1.158E-2	3.205E-2	2.256E-2	1.797E-2	2.885E-2	0.178	-0.553	0.581
8.909	-2.939E-2	1.181E-2	3.167E-2	2.171E-2	1.242E-2	2.501E-2	-0.154	-0.285	0.324
8.926	-2.916E-2	1.199E-2	3.153E-2	1.426E-2	9.013E-3	1.687E-2	-0.246	-0.427	0.493
8.942	-2.892E-2	1.211E-2	3.135E-2	1.459E-2	-1.097E-3	1.463E-2	-0.243	-0.187	0.307
8.959	-2.867E-2	1.196E-2	3.106E-2	7.245E-3	-4.401E-4	7.258E-3	0.233	8.795E-2	0.249
8.976	-2.867E-2	1.209E-2	3.112E-2	1.763E-2	5.801E-3	1.856E-2	7.690E-2	0.138	0.158
8.992	-2.808E-2	1.215E-2	3.060E-2	1.845E-2	2.368E-3	1.860E-2	-0.179	-0.449	0.483
9.009	-2.806E-2	1.217E-2	3.059E-2	3.865E-3	-7.805E-3	8.710E-3	3.088E-2	-0.375	0.376
9.026	-2.795E-2	1.189E-2	3.038E-2	2.061E-2	-1.316E-2	2.445E-2	0.437	1.830E-2	0.438
9.042	-2.737E-2	1.173E-2	2.978E-2	2.375E-2	-5.370E-3	2.435E-2	2.698E-2	5.795E-2	6.392E-2
9.059	-2.716E-2	1.171E-2	2.958E-2	1.585E-2	-9.476E-3	1.847E-2	-0.279	-0.387	0.477
9.076	-2.684E-2	1.142E-2	2.917E-2	1.719E-2	-2.072E-2	2.692E-2	-4.553E-2	-7.284E-2	8.589E-2
9.092	-2.659E-2	1.102E-2	2.878E-2	1.360E-2	-1.318E-2	1.893E-2	0.246	-2.844E-2	0.247
9.109	-2.639E-2	1.098E-2	2.858E-2	2.349E-2	-1.620E-2	2.854E-2	-3.404E-2	-0.180	0.184
9.126	-2.580E-2	1.048E-2	2.785E-2	1.842E-2	-2.530E-2	3.129E-2	-0.207	-0.404	0.454
9.142	-2.577E-2	1.013E-2	2.769E-2	9.104E-3	-2.568E-2	2.724E-2	-0.108	5.207E-2	0.120
9.159	-2.550E-2	9.620E-3	2.725E-2	1.897E-2	-2.628E-2	3.241E-2	0.289	0.141	0.322
9.176	-2.514E-2	9.255E-3	2.679E-2	1.878E-2	-1.935E-2	2.696E-2	6.260E-2	-0.120	0.136
9.193	-2.487E-2	8.975E-3	2.644E-2	1.946E-2	-2.852E-2	3.453E-2	0.157	-0.623	0.642
9.209	-2.449E-2	8.304E-3	2.586E-2	2.503E-2	-4.338E-2	5.008E-2	6.960E-2	-4.586E-2	8.335E-2
9.226	-2.404E-2	7.527E-3	2.519E-2	2.261E-2	-3.144E-2	3.872E-2	0.116	0.127	0.171
9.243	-2.374E-2	7.255E-3	2.482E-2	2.609E-2	-3.214E-2	4.139E-2	-0.204	-0.215	0.296
9.259	-2.317E-2	6.455E-3	2.405E-2	2.073E-2	-4.560E-2	5.009E-2	-0.117	-0.187	0.221
9.276	-2.305E-2	5.733E-3	2.375E-2	1.594E-2	-3.645E-2	3.978E-2	0.101	0.679	0.687
9.293	-2.264E-2	5.239E-3	2.323E-2	2.802E-2	-2.236E-2	3.585E-2	0.122	0.338	0.359
9.309	-2.211E-2	4.987E-3	2.267E-2	2.119E-2	-2.296E-2	3.125E-2	-0.493	6.128E-2	0.497
9.326	-2.193E-2	4.473E-3	2.238E-2	8.520E-3	-2.450E-2	2.594E-2	-0.144	0.597	0.614
9.343	-2.183E-2	4.170E-3	2.222E-2	1.577E-2	-2.371E-3	1.595E-2	0.555	0.956	1.105
9.359	-2.140E-2	4.394E-3	2.185E-2	2.956E-2	1.131E-2	3.165E-2	0.239	0.848	0.882
9.376	-2.084E-2	4.547E-3	2.133E-2	2.480E-2	2.134E-2	3.271E-2	-0.547	0.235	0.595
9.393	-2.057E-2	5.106E-3	2.120E-2	9.184E-3	2.426E-2	2.594E-2	-0.549	-4.176E-2	0.550
9.409	-2.053E-2	5.356E-3	2.122E-2	5.398E-3	1.550E-2	1.641E-2	0.138	-0.263	0.297
9.426	-2.039E-2	5.623E-3	2.116E-2	1.471E-2	1.683E-2	2.235E-2	0.347	-0.228	0.415
9.443	-2.004E-2	5.918E-3	2.090E-2	1.870E-2	9.279E-3	2.087E-2	0.195	-0.330	0.383
9.459	-1.977E-2	5.933E-3	2.064E-2	1.922E-2	3.003E-3	1.945E-2	0.349	1.630E-2	0.349
9.476	-1.940E-2	6.018E-3	2.031E-2	3.032E-2	1.082E-2	3.219E-2	8.922E-2	-0.174	0.196
9.493	-1.876E-2	6.294E-3	1.979E-2	2.594E-2	7.610E-4	2.595E-2	-0.477	-0.792	0.925
9.510	-1.854E-2	6.044E-3	1.950E-2	1.009E-2	-2.018E-2	2.256E-2	-9.593E-2	-1.048	1.053
9.526	-1.842E-2	5.620E-3	1.926E-2	2.152E-2	-3.245E-2	3.893E-2	0.575	-0.123	0.588
9.543	-1.782E-2	4.961E-3	1.850E-2	3.421E-2	-2.731E-2	4.378E-2	4.290E-2	5.923E-2	7.313E-2
9.560	-1.728E-2	4.709E-3	1.791E-2	2.178E-2	-2.462E-2	3.287E-2	-0.736	0.545	0.916
9.576	-1.709E-2	4.140E-3	1.759E-2	7.493E-3	-1.614E-2	1.780E-2	-0.351	0.537	0.641
9.593	-1.703E-2	4.170E-3	1.753E-2	9.621E-3	3.661E-5	9.621E-3	0.245	0.791	0.828
9.610	-1.677E-2	4.141E-3	1.727E-2	1.763E-2	6.055E-3	1.864E-2	0.288	0.135	0.318
9.626	-1.644E-2	4.372E-3	1.701E-2	1.905E-2	7.875E-3	2.062E-2	-8.527E-2	-0.137	0.162
9.643	-1.614E-2	4.404E-3	1.673E-2	1.483E-2	-9.559E-4	1.486E-2	-0.171	-0.264	0.315
9.660	-1.595E-2	4.340E-3	1.653E-2	1.225E-2	-1.252E-3	1.231E-2	-0.322	-4.006E-2	0.324
9.676	-1.573E-2	4.362E-3	1.632E-2	5.954E-3	-8.568E-4	6.016E-3	0.410	0.477	0.629
9.693	-1.575E-2	4.312E-3	1.633E-2	2.057E-2	1.160E-2	2.362E-2	0.519	0.393	0.651
9.710	-1.504E-2	4.749E-3	1.577E-2	3.208E-2	1.791E-2	3.674E-2	0.364	0.245	0.438
9.726	-1.468E-2	4.910E-3	1.548E-2	2.597E-2	1.461E-2	2.980E-2	-0.468	-5.617E-2	0.471
9.743	-1.417E-2	5.236E-3	1.511E-2	2.058E-2	1.877E-2	2.785E-2	-0.229	-0.231	0.325
9.760	-1.399E-2	5.536E-3	1.505E-2	1.443E-2	7.462E-3	1.625E-2	-0.127	-0.508	0.524
9.776	-1.369E-2	5.485E-3	1.475E-2	1.864E-2	-1.310E-3	1.869E-2	3.342E-2	-0.154	0.158
9.793	-1.337E-2	5.492E-3	1.445E-2	1.573E-2	3.816E-3	1.619E-2	0.247	0.592	0.642
9.810	-1.317E-2	5.613E-3	1.431E-2	2.407E-2	1.769E-2	2.987E-2	-4.396E-2	0.436	0.438
9.826	-1.257E-2	6.082E-3	1.396E-2	2.039E-2	2.176E-2	2.983E-2			
9.843	-1.249E-2	6.339E-3	1.400E-2						
