	mass C									
t	x	y	r	vx	vy	v	ax	ay	a	
0.000	1.791E-3	-1.889E-3	2.603E-3						
0.017	1.844E-3	-1.853E-3	2.614E-3	4.912E-4	-6.113E-4	7.842E-4			
0.033	1.808E-3	-1.909E-3	2.629E-3	-6.076E-3	-1.136E-3	6.182E-3	7.191E-2	-9.809E-2	0.122
0.050	1.641E-3	-1.891E-3	2.504E-3	6.276E-4	-2.378E-3	2.459E-3	0.250	-1.186E-2	0.251
0.067	1.829E-3	-1.988E-3	2.701E-3	6.547E-3	-3.201E-3	7.287E-3	8.642E-2	-3.453E-3	8.649E-2
0.083	1.859E-3	-1.998E-3	2.729E-3	7.955E-4	-1.172E-3	1.416E-3	-0.123	-0.137	0.184
0.100	1.855E-3	-2.027E-3	2.748E-3	2.429E-3	-7.488E-3	7.872E-3	-0.195	-0.417	0.461
0.117	1.940E-3	-2.248E-3	2.970E-3	-3.574E-3	-1.622E-2	1.661E-2	-0.334	-0.320	0.462
0.133	1.736E-3	-2.569E-3	3.100E-3	-1.167E-2	-1.832E-2	2.172E-2	6.785E-2	-0.172	0.185
0.150	1.551E-3	-2.859E-3	3.253E-3	-1.300E-3	-2.079E-2	2.083E-2	0.479	-0.169	0.508
0.167	1.693E-3	-3.262E-3	3.675E-3	7.195E-3	-2.495E-2	2.596E-2	7.535E-2	-9.270E-2	0.119
0.184	1.791E-3	-3.692E-3	4.103E-3	2.573E-4	-2.389E-2	2.389E-2	-0.204	-0.342	0.398
0.200	1.701E-3	-4.059E-3	4.401E-3	-1.577E-3	-3.400E-2	3.404E-2	-0.131	-0.335	0.360
0.217	1.739E-3	-4.826E-3	5.130E-3	-1.660E-3	-3.965E-2	3.969E-2	0.229	-0.219	0.317
0.234	1.646E-3	-5.383E-3	5.629E-3	3.164E-3	-3.723E-2	3.737E-2	-0.180	0.252	0.310
0.250	1.844E-3	-6.069E-3	6.343E-3	-2.565E-3	-3.425E-2	3.435E-2	1.826E-2	-0.405	0.406
0.267	1.560E-3	-6.525E-3	6.709E-3	-3.531E-3	-4.563E-2	4.577E-2	-0.266	0.127	0.295
0.284	1.726E-3	-7.591E-3	7.785E-3	-3.600E-3	-3.967E-2	3.984E-2	0.295	-0.363	0.468
0.300	1.440E-3	-7.849E-3	7.980E-3	-1.685E-3	-4.413E-2	4.416E-2	-6.134E-2	-2.187E-2	6.512E-2
0.317	1.670E-3	-9.063E-3	9.216E-3	2.346E-3	-5.464E-2	5.469E-2	0.172	-0.540	0.567
0.334	1.518E-3	-9.672E-3	9.791E-3	-2.373E-3	-5.083E-2	5.088E-2	-0.184	0.193	0.266
0.350	1.591E-3	-1.076E-2	1.088E-2	3.454E-4	-5.618E-2	5.618E-2	6.112E-2	-5.634E-2	8.313E-2
0.367	1.530E-3	-1.155E-2	1.165E-2	-2.591E-3	-4.798E-2	4.805E-2	-0.223	-3.108E-2	0.225
0.384	1.504E-3	-1.236E-2	1.245E-2	-5.622E-3	-5.748E-2	5.775E-2	4.081E-2	-0.107	0.114
0.400	1.342E-3	-1.346E-2	1.353E-2	-3.450E-3	-5.546E-2	5.557E-2	0.323	-0.235	0.400
0.417	1.389E-3	-1.421E-2	1.428E-2	6.957E-3	-5.897E-2	5.938E-2	0.535	-0.214	0.576
0.434	1.574E-3	-1.543E-2	1.551E-2	1.422E-2	-6.883E-2	7.028E-2	-0.456	-3.982E-3	0.456
0.450	1.864E-3	-1.651E-2	1.661E-2	-4.802E-3	-5.690E-2	5.710E-2	-0.440	0.163	0.469
0.467	1.414E-3	-1.733E-2	1.739E-2	-9.691E-3	-6.030E-2	6.108E-2	-0.367	-0.316	0.484
0.484	1.541E-3	-1.852E-2	1.858E-2	-6.883E-3	-7.160E-2	7.193E-2	0.394	-0.533	0.663
0.501	1.185E-3	-1.972E-2	1.976E-2	-5.411E-3	-7.603E-2	7.622E-2	0.182	0.508	0.540
0.517	1.360E-3	-2.106E-2	2.110E-2	6.409E-3	-5.880E-2	5.915E-2	0.181	0.882	0.901
0.534	1.398E-3	-2.168E-2	2.173E-2	-2.195E-3	-3.962E-2	3.968E-2	-0.106	0.817	0.824
0.551	1.287E-3	-2.238E-2	2.242E-2	1.056E-3	-3.602E-2	3.603E-2	0.181	0.391	0.431
0.567	1.434E-3	-2.288E-2	2.293E-2	6.962E-3	-2.534E-2	2.628E-2	-0.156	0.307	0.344
0.584	1.519E-3	-2.322E-2	2.327E-2	-4.427E-3	-2.459E-2	2.499E-2	-0.438	-0.286	0.523
0.601	1.286E-3	-2.370E-2	2.374E-2	-1.059E-2	-3.580E-2	3.733E-2	-0.106	6.879E-2	0.127
0.617	1.166E-3	-2.442E-2	2.445E-2	-5.841E-3	-2.609E-2	2.674E-2	0.319	0.253	0.407
0.634	1.091E-3	-2.457E-2	2.460E-2	-5.944E-4	-2.006E-2	2.007E-2	0.381	-0.116	0.398
0.651	1.146E-3	-2.509E-2	2.511E-2	7.228E-3	-3.483E-2	3.557E-2	-0.132	-0.671	0.684
0.667	1.332E-3	-2.574E-2	2.577E-2	-2.471E-3	-4.170E-2	4.177E-2	-8.841E-2	-7.472E-2	0.116
0.684	1.063E-3	-2.648E-2	2.650E-2	-2.173E-3	-3.840E-2	3.846E-2	2.392E-2	-0.137	0.139
0.701	1.260E-3	-2.702E-2	2.705E-2	5.196E-3	-4.265E-2	4.297E-2	7.889E-2	7.685E-2	0.110
0.717	1.237E-3	-2.790E-2	2.793E-2	-3.154E-3	-4.133E-2	4.145E-2	-0.376	0.186	0.420
0.734	1.154E-3	-2.840E-2	2.842E-2	-6.681E-3	-3.140E-2	3.211E-2	0.192	-0.281	0.340
0.751	1.014E-3	-2.895E-2	2.897E-2	1.566E-3	-5.041E-2	5.044E-2	0.279	-0.863	0.907
0.767	1.207E-3	-3.008E-2	3.010E-2	6.466E-3	-6.525E-2	6.557E-2	-0.127	7.087E-3	0.127
0.784	1.230E-3	-3.113E-2	3.115E-2	-4.691E-3	-4.899E-2	4.921E-2	-0.789	0.340	0.859
0.801	1.050E-3	-3.171E-2	3.173E-2	-1.960E-2	-4.842E-2	5.224E-2	6.053E-2	-0.245	0.252
0.817	5.757E-4	-3.274E-2	3.275E-2	-7.344E-3	-6.276E-2	6.318E-2	0.609	-0.185	0.637
0.834	8.052E-4	-3.381E-2	3.382E-2	8.730E-3	-5.437E-2	5.507E-2	0.231	0.407	0.468
0.851	8.670E-4	-3.456E-2	3.457E-2	-3.115E-3	-4.613E-2	4.623E-2	-2.072E-2	-0.429	0.430
0.868	7.012E-4	-3.535E-2	3.535E-2	4.714E-3	-6.752E-2	6.768E-2	0.134	1.808E-3	0.134
0.884	1.024E-3	-3.681E-2	3.682E-2	8.122E-3	-5.616E-2	5.674E-2	-0.147	0.565	0.584
0.901	9.722E-4	-3.722E-2	3.723E-2	-5.197E-3	-3.525E-2	3.563E-2	-0.508	0.694	0.860
0.918	8.509E-4	-3.799E-2	3.800E-2	-7.759E-3	-4.120E-2	4.193E-2	-0.142	-0.317	0.347
0.934	7.133E-4	-3.860E-2	3.860E-2	-9.595E-3	-4.216E-2	4.324E-2	0.240	-0.183	0.302
0.951	5.307E-4	-3.939E-2	3.940E-2	-1.415E-3	-4.935E-2	4.937E-2	0.207	-4.962E-2	0.213
0.968	6.661E-4	-4.024E-2	4.025E-2	1.226E-3	-4.439E-2	4.441E-2	0.471	0.164	0.498
0.984	5.716E-4	-4.087E-2	4.088E-2	8.878E-3	-4.129E-2	4.223E-2	-0.236	0.118	0.264
1.001	9.623E-4	-4.162E-2	4.163E-2	1.605E-3	-4.266E-2	4.269E-2	-4.872E-2	0.148	0.156
1.018	6.252E-4	-4.230E-2	4.230E-2	-3.451E-3	-3.594E-2	3.611E-2	-0.194	-0.221	0.294
1.034	8.471E-4	-4.282E-2	4.283E-2	4.325E-3	-4.677E-2	4.697E-2	2.797E-2	-0.347	0.348
1.051	7.695E-4	-4.386E-2	4.386E-2	-7.125E-3	-5.382E-2	5.429E-2	-0.185	-0.403	0.443
1.068	6.094E-4	-4.461E-2	4.462E-2	-2.317E-3	-5.430E-2	5.435E-2	0.111	0.254	0.277
1.084	6.921E-4	-4.567E-2	4.568E-2	-2.378E-4	-5.087E-2	5.087E-2	-8.203E-2	-0.192	0.209
1.101	6.015E-4	-4.631E-2	4.632E-2	-7.311E-3	-5.372E-2	5.421E-2	-0.240	-0.289	0.375
1.118	4.482E-4	-4.746E-2	4.746E-2	-8.180E-3	-6.691E-2	6.741E-2	0.182	0.100	0.207
1.134	3.285E-4	-4.854E-2	4.855E-2	-1.505E-3	-4.978E-2	4.980E-2	0.292	0.426	0.517
1.151	3.980E-4	-4.912E-2	4.912E-2	3.193E-3	-4.693E-2	4.704E-2	-0.226	-0.604	0.645
1.168	4.351E-4	-5.011E-2	5.011E-2	-8.589E-3	-7.353E-2	7.403E-2	-1.825E-2	-0.150	0.151
1.185	1.114E-4	-5.158E-2	5.158E-2	-2.746E-3	-5.850E-2	5.856E-2	9.057E-2	0.648	0.654
1.201	3.434E-4	-5.206E-2	5.206E-2	2.383E-3	-3.992E-2	3.999E-2	0.345	0.859	0.926
1.218	1.909E-4	-5.291E-2	5.291E-2	1.561E-3	-3.882E-2	3.885E-2	-0.295	-0.513	0.592
1.235	3.955E-4	-5.336E-2	5.336E-2	-8.906E-4	-4.894E-2	4.895E-2	-4.356E-2	-0.214	0.218
1.251	1.612E-4	-5.454E-2	5.454E-2	-6.289E-3	-5.609E-2	5.644E-2	-5.574E-3	-0.381	0.382
1.268	1.857E-4	-5.523E-2	5.523E-2	2.826E-3	-5.263E-2	5.270E-2	0.494	-6.230E-2	0.498
1.285	2.555E-4	-5.630E-2	5.630E-2	8.812E-3	-6.363E-2	6.423E-2	2.246E-2	-0.447	0.448
1.301	4.797E-4	-5.735E-2	5.735E-2	5.797E-3	-6.547E-2	6.572E-2	-0.262	0.194	0.326
1.318	4.489E-4	-5.848E-2	5.848E-2	-2.656E-3	-5.912E-2	5.918E-2	-0.426	-2.304E-2	0.427
1.335	3.911E-4	-5.932E-2	5.933E-2	-7.052E-3	-6.182E-2	6.222E-2	0.123	-7.926E-2	0.146
1.351	2.136E-4	-6.054E-2	6.055E-2	-8.642E-4	-6.710E-2	6.711E-2	0.312	-0.348	0.467
1.368	3.623E-4	-6.156E-2	6.156E-2	6.944E-3	-6.895E-2	6.929E-2	4.997E-3	-0.468	0.468
1.385	4.453E-4	-6.285E-2	6.285E-2	-1.703E-3	-8.473E-2	8.474E-2	-0.302	0.313	0.435
1.401	3.055E-4	-6.439E-2	6.439E-2	-5.200E-3	-6.374E-2	6.395E-2	2.913E-2	0.816	0.817
1.418	2.718E-4	-6.497E-2	6.497E-2	7.375E-4	-4.646E-2	4.647E-2	0.382	-5.101E-2	0.386
1.435	3.301E-4	-6.594E-2	6.594E-2	7.335E-3	-7.102E-2	7.140E-2	0.238	-0.682	0.722
1.451	5.165E-4	-6.734E-2	6.734E-2	9.598E-3	-7.286E-2	7.349E-2	-0.219	-0.232	0.319
1.468	6.503E-4	-6.837E-2	6.837E-2	1.397E-4	-7.222E-2	7.222E-2	-0.370	-0.117	0.388
1.485	5.212E-4	-6.975E-2	6.975E-2	-5.145E-3	-8.153E-2	8.169E-2	-5.278E-2	-8.142E-3	5.340E-2
1.502	4.787E-4	-7.109E-2	7.109E-2	-1.022E-4	-7.186E-2	7.186E-2	0.240	0.445	0.506
1.518	5.178E-4	-7.215E-2	7.215E-2	3.076E-3	-6.429E-2	6.436E-2	0.146	0.239	0.280
1.535	5.813E-4	-7.324E-2	7.324E-2	4.531E-3	-6.533E-2	6.549E-2	2.655E-3	0.872	0.872
1.552	6.690E-4	-7.433E-2	7.433E-2	3.514E-3	-3.891E-2	3.907E-2	-0.373	1.866	1.903
1.568	6.986E-4	-7.454E-2	7.454E-2	-7.242E-3	2.443E-3	7.643E-3	-5.300E-2	5.478	5.479
1.585	4.273E-4	-7.425E-2	7.425E-2	-2.542E-3	0.128	0.128	7.617E-2	5.148	5.149
1.602	6.138E-4	-7.025E-2	7.025E-2	1.841E-3	0.208	0.208	-0.101	2.436	2.438
1.618	4.888E-4	-6.730E-2	6.730E-2	-1.016E-2	0.184	0.184	-0.148	-7.694E-4	0.148
1.635	2.748E-4	-6.411E-2	6.411E-2	-3.823E-3	0.212	0.212	0.737	1.827	1.970
1.652	3.612E-4	-6.023E-2	6.023E-2	1.586E-2	0.248	0.248	0.393	1.688	1.733
1.668	8.038E-4	-5.585E-2	5.585E-2	1.298E-2	0.269	0.269	-9.272E-2	-9.058E-3	9.316E-2
1.685	7.943E-4	-5.127E-2	5.128E-2	6.373E-3	0.250	0.250	-0.396	-5.722E-2	0.400
1.702	1.016E-3	-4.749E-2	4.750E-2	4.883E-3	0.255	0.255	0.307	0.148	0.341
1.718	9.572E-4	-4.277E-2	4.278E-2	1.110E-2	0.269	0.269	0.222	0.504	0.551
1.735	1.387E-3	-3.852E-2	3.854E-2	1.869E-2	0.262	0.263	0.548	0.385	0.670
1.752	1.581E-3	-3.401E-2	3.405E-2	2.357E-2	0.284	0.285	0.248	1.268	1.292
1.768	2.174E-3	-2.904E-2	2.912E-2	3.192E-2	0.306	0.308	0.188	0.939	0.958
1.785	2.646E-3	-2.379E-2	2.393E-2	2.726E-2	0.316	0.317	9.385E-2	1.199	1.203
1.802	3.083E-3	-1.850E-2	1.876E-2	3.414E-2	0.342	0.344	0.679	2.017	2.129
1.818	3.785E-3	-1.238E-2	1.295E-2	5.105E-2	0.387	0.391	0.536	1.737	1.818
1.835	4.786E-3	-5.585E-3	7.355E-3	5.427E-2	0.403	0.406	-0.690	1.139	1.332
1.852	5.596E-3	1.054E-3	5.694E-3	2.803E-2	0.418	0.419	-1.029	-0.698	1.243
1.869	5.722E-3	8.365E-3	1.013E-2	1.401E-2	0.392	0.393	-0.420	-1.839	1.887
1.885	6.063E-3	1.415E-2	1.539E-2	1.898E-2	0.341	0.342	0.947	-1.033	1.402
1.902	6.355E-3	1.976E-2	2.076E-2	4.092E-2	0.360	0.362	9.811E-2	1.506E-2	9.926E-2
1.919	7.428E-3	2.615E-2	2.718E-2	3.355E-2	0.354	0.355	-0.456	-0.582	0.740
1.935	7.475E-3	3.155E-2	3.243E-2	1.221E-2	0.328	0.328	-2.970E-2	-0.956	0.957
1.952	7.836E-3	3.709E-2	3.791E-2	3.740E-2	0.328	0.330	0.840	-0.552	1.005
1.969	8.722E-3	4.248E-2	4.337E-2	4.461E-2	0.310	0.313	0.206	-0.913	0.936
1.985	9.324E-3	4.742E-2	4.833E-2	3.914E-2	0.294	0.297	-0.435	-0.390	0.585
2.002	1.003E-2	5.230E-2	5.325E-2	3.344E-2	0.297	0.299	-0.460	-0.532	0.703
2.019	1.044E-2	5.734E-2	5.829E-2	2.132E-2	0.281	0.282	-0.682	-0.721	0.993
2.035	1.074E-2	6.168E-2	6.261E-2	1.184E-2	0.266	0.266	0.546	-0.724	0.907
2.052	1.083E-2	6.620E-2	6.708E-2	3.419E-2	0.263	0.265	0.132	-0.920	0.930
2.069	1.188E-2	7.045E-2	7.144E-2	2.994E-2	0.235	0.236	-0.229	-1.091	1.115
2.085	1.183E-2	7.403E-2	7.497E-2	1.114E-2	0.221	0.221	-0.737	-0.174	0.757
2.102	1.225E-2	7.782E-2	7.878E-2	1.539E-2	0.233	0.233	0.375	-0.224	0.437
2.119	1.235E-2	8.179E-2	8.272E-2	1.725E-2	0.217	0.218	-0.308	-0.422	0.523
2.135	1.283E-2	8.507E-2	8.603E-2	1.216E-2	0.210	0.210	-0.393	1.532E-3	0.393
2.152	1.275E-2	8.880E-2	8.971E-2	-2.532E-3	0.224	0.224	-0.288	-0.115	0.310
2.169	1.274E-2	9.254E-2	9.341E-2	4.720E-3	0.207	0.207	0.420	-0.799	0.903
2.186	1.291E-2	9.570E-2	9.656E-2	1.239E-2	0.192	0.192	0.465	-0.408	0.619
2.202	1.316E-2	9.894E-2	9.981E-2	1.947E-2	0.196	0.197	0.743	-0.744	1.052
2.219	1.356E-2	0.102	0.103	3.646E-2	0.171	0.175	-3.757E-2	-0.872	0.872
2.236	1.437E-2	0.105	0.106	2.449E-2	0.157	0.159	-0.844	-0.178	0.863
2.252	1.438E-2	0.107	0.108	-2.827E-4	0.172	0.172	-0.285	0.705	0.760
2.269	1.436E-2	0.110	0.111	1.588E-2	0.179	0.180	0.475	-0.240	0.533
2.286	1.491E-2	0.113	0.114	2.197E-2	0.168	0.169	-0.128	-1.231	1.238
2.302	1.510E-2	0.116	0.117	6.809E-3	0.135	0.135	-0.214	-0.245	0.325
2.319	1.514E-2	0.118	0.119	1.347E-2	0.152	0.153	0.282	0.247	0.374
2.336	1.555E-2	0.121	0.122	2.061E-2	0.159	0.160	-3.719E-2	-0.831	0.832
2.352	1.582E-2	0.123	0.124	1.038E-2	0.114	0.115	-0.422	-0.829	0.931
2.369	1.589E-2	0.125	0.126	5.174E-3	0.126	0.126	0.174	-0.183	0.252
2.386	1.600E-2	0.127	0.128	1.597E-2	0.124	0.125	-0.305	0.447	0.541
2.402	1.643E-2	0.129	0.130	1.170E-3	0.123	0.123	-0.394	0.394	0.557
2.419	1.603E-2	0.132	0.133	-7.833E-3	0.151	0.151	-0.195	0.546	0.580
2.436	1.616E-2	0.134	0.135	3.257E-3	0.137	0.138	0.384	-1.088	1.154
2.452	1.614E-2	0.136	0.137	1.123E-3	0.114	0.114	9.280E-2	-0.931	0.935
2.469	1.620E-2	0.138	0.139	7.146E-3	0.104	0.104	0.228	0.185	0.294
2.486	1.638E-2	0.140	0.141	9.606E-3	0.121	0.121	-0.239	4.393E-2	0.243
2.503	1.652E-2	0.142	0.143	-4.410E-4	0.112	0.112	-0.241	3.051E-2	0.243
2.519	1.637E-2	0.143	0.144	-1.850E-3	0.110	0.110	0.387	-0.101	0.400
2.536	1.646E-2	0.146	0.146	1.458E-2	0.120	0.121	0.676	9.037E-2	0.682
2.553	1.685E-2	0.147	0.148	2.238E-2	0.107	0.109	-4.182E-2	-0.295	0.298
2.569	1.721E-2	0.149	0.150	1.276E-2	0.111	0.111	-0.186	-0.343	0.390
2.586	1.728E-2	0.151	0.152	1.272E-2	9.934E-2	0.100	-2.642E-2	0.347	0.348
2.603	1.763E-2	0.152	0.153	1.618E-2	0.113	0.114	-1.270E-2	6.178E-2	6.308E-2
2.619	1.782E-2	0.155	0.156	9.887E-3	0.116	0.116	-0.829	-0.629	1.041
2.636	1.796E-2	0.156	0.157	-8.706E-3	8.120E-2	8.167E-2	-0.285	-0.931	0.974
2.653	1.753E-2	0.158	0.158	-7.053E-3	8.452E-2	8.481E-2	0.281	0.215	0.354
2.669	1.773E-2	0.159	0.160	8.934E-3	9.333E-2	9.375E-2	0.400	6.811E-2	0.405
2.686	1.783E-2	0.161	0.162	3.167E-3	8.507E-2	8.513E-2	-2.352E-2	-0.108	0.111
2.703	1.783E-2	0.162	0.163	6.810E-3	8.746E-2	8.773E-2	9.386E-2	0.244	0.261
2.719	1.805E-2	0.164	0.165	9.167E-3	9.607E-2	9.651E-2	-0.115	-0.101	0.153
2.736	1.814E-2	0.165	0.166	1.380E-3	8.492E-2	8.493E-2	-0.198	-0.246	0.315
2.753	1.810E-2	0.166	0.167	1.571E-3	8.292E-2	8.293E-2	-0.357	-0.103	0.371
2.769	1.819E-2	0.168	0.169	-7.128E-3	8.690E-2	8.719E-2	3.751E-2	0.180	0.184
2.786	1.786E-2	0.169	0.170	-3.591E-3	8.518E-2	8.525E-2	0.444	-0.111	0.458
2.803	1.807E-2	0.171	0.172	1.387E-2	8.580E-2	8.692E-2	8.027E-2	0.153	0.173
2.819	1.832E-2	0.172	0.173	-5.436E-4	8.783E-2	8.783E-2	-0.132	0.321	0.347
2.836	1.805E-2	0.174	0.175	2.097E-3	9.799E-2	9.801E-2	-0.268	-0.615	0.671
2.853	1.839E-2	0.175	0.176	8.636E-4	7.212E-2	7.213E-2	3.415E-2	-1.061	1.061
2.870	1.808E-2	0.176	0.177	-6.753E-3	5.184E-2	5.228E-2	-7.825E-3	-7.560E-2	7.600E-2
2.886	1.817E-2	0.177	0.178	6.673E-3	7.496E-2	7.526E-2	0.325	0.718	0.788
2.903	1.830E-2	0.179	0.180	3.414E-3	7.931E-2	7.939E-2	-0.314	2.607E-2	0.315
2.920	1.828E-2	0.180	0.181	-4.797E-3	7.138E-2	7.154E-2	-0.117	6.620E-3	0.118
2.936	1.814E-2	0.181	0.182	-1.816E-3	7.988E-2	7.990E-2	5.577E-2	-0.102	0.116
2.953	1.822E-2	0.182	0.183	1.235E-4	7.228E-2	7.228E-2	3.289E-2	-0.263	0.265
2.970	1.815E-2	0.183	0.184	-3.178E-3	6.451E-2	6.459E-2	-0.309	-0.128	0.335
2.986	1.812E-2	0.185	0.186	-8.237E-3	7.232E-2	7.279E-2	-8.916E-3	0.401	0.401
3.003	1.787E-2	0.186	0.187	-6.640E-3	7.632E-2	7.661E-2	0.436	-6.428E-2	0.441
3.020	1.790E-2	0.187	0.188	8.494E-3	7.234E-2	7.284E-2	0.276	-0.248	0.371
3.036	1.816E-2	0.188	0.189	4.987E-3	6.519E-2	6.538E-2	-1.645E-2	-0.210	0.211
3.053	1.806E-2	0.189	0.190	2.694E-3	6.652E-2	6.657E-2	-0.321	9.759E-2	0.335
3.070	1.825E-2	0.190	0.191	-2.059E-4	6.839E-2	6.839E-2	-7.028E-2	-6.171E-2	9.353E-2
3.086	1.805E-2	0.192	0.192	-4.981E-3	6.530E-2	6.549E-2	-0.165	6.333E-2	0.176
3.103	1.808E-2	0.193	0.193	-1.778E-3	6.811E-2	6.813E-2	0.182	-0.119	0.217
3.120	1.800E-2	0.194	0.195	-1.312E-3	6.537E-2	6.538E-2	-0.533	-0.161	0.556
3.136	1.804E-2	0.195	0.196	-1.547E-2	5.851E-2	6.052E-2	-9.173E-3	-0.383	0.383
3.153	1.748E-2	0.196	0.197	-1.052E-2	5.566E-2	5.664E-2	0.225	3.811E-2	0.228
3.170	1.768E-2	0.197	0.197	2.504E-3	5.671E-2	5.677E-2	0.278	-0.145	0.314
3.187	1.756E-2	0.198	0.199	-7.296E-3	5.487E-2	5.535E-2	-0.397	-0.470	0.615
3.203	1.744E-2	0.199	0.199	-9.090E-3	3.864E-2	3.969E-2	0.131	-0.362	0.385
3.220	1.726E-2	0.199	0.200	-4.365E-3	4.054E-2	4.077E-2	-0.174	0.581	0.606
3.237	1.730E-2	0.200	0.201	-1.090E-2	6.029E-2	6.127E-2	0.432	0.231	0.490
3.253	1.690E-2	0.201	0.202	1.709E-3	5.246E-2	5.249E-2	4.245E-2	-0.250	0.253
3.270	1.735E-2	0.202	0.202	3.172E-3	4.391E-2	4.402E-2	0.150	-0.524	0.545
3.287	1.700E-2	0.203	0.203	-6.022E-3	4.197E-2	4.240E-2	-0.371	3.362E-2	0.373
3.303	1.715E-2	0.203	0.204	-1.640E-4	3.910E-2	3.910E-2	0.245	8.719E-3	0.245
3.320	1.700E-2	0.204	0.205	-3.448E-3	4.657E-2	4.670E-2	-0.192	-0.345	0.395
3.337	1.704E-2	0.205	0.205	-2.848E-3	2.841E-2	2.855E-2	9.069E-3	-0.518	0.518
3.353	1.690E-2	0.205	0.205	-5.815E-3	2.298E-2	2.370E-2	0.140	0.544	0.562
3.370	1.684E-2	0.205	0.206	2.380E-3	5.004E-2	5.009E-2	0.402	0.632	0.750
3.387	1.698E-2	0.206	0.207	8.883E-3	4.923E-2	5.002E-2	-0.183	-0.564	0.593
3.403	1.714E-2	0.207	0.208	-2.648E-3	2.539E-2	2.553E-2	-0.412	-0.418	0.587
3.420	1.689E-2	0.207	0.208	-9.214E-3	3.330E-2	3.455E-2	3.022E-2	0.636	0.637
3.437	1.683E-2	0.208	0.209	1.020E-3	5.164E-2	5.165E-2	0.259	0.211	0.334
3.453	1.693E-2	0.209	0.210	6.661E-4	4.095E-2	4.096E-2	-8.144E-2	-0.308	0.318
3.470	1.685E-2	0.209	0.210	-3.865E-3	3.583E-2	3.604E-2	-0.418	-0.679	0.797
3.487	1.680E-2	0.210	0.211	-1.128E-2	2.539E-2	2.778E-2	-0.229	-3.818E-2	0.232
3.504	1.648E-2	0.210	0.211	-1.451E-2	2.522E-2	2.910E-2	7.364E-2	0.113	0.135
3.520	1.631E-2	0.211	0.212	-6.795E-3	3.810E-2	3.870E-2	0.277	-1.666E-2	0.278
3.537	1.625E-2	0.212	0.212	-4.894E-3	2.177E-2	2.231E-2	-0.403	-0.589	0.714
3.554	1.615E-2	0.212	0.212	-1.914E-2	1.571E-2	2.476E-2	-0.619	-2.095E-2	0.620
3.570	1.561E-2	0.212	0.213	-2.953E-2	2.332E-2	3.763E-2	0.211	0.215	0.301
3.587	1.516E-2	0.213	0.213	-1.162E-2	2.363E-2	2.634E-2	1.422	5.323E-2	1.423
3.604	1.522E-2	0.213	0.213	1.959E-2	2.339E-2	3.051E-2	0.285	-0.115	0.307
3.620	1.582E-2	0.213	0.214	4.701E-3	2.164E-2	2.214E-2	-0.891	4.344E-2	0.892
3.637	1.538E-2	0.214	0.214	-2.188E-2	2.242E-2	3.133E-2	-0.431	-0.479	0.644
3.654	1.509E-2	0.214	0.215	-5.722E-3	1.029E-2	1.178E-2	0.918	-0.275	0.958
3.670	1.519E-2	0.214	0.214	1.082E-2	5.696E-3	1.223E-2	7.039E-2	0.287	0.296
3.687	1.545E-2	0.214	0.215	-1.300E-3	2.507E-2	2.510E-2	-0.464	0.592	0.752
3.704	1.515E-2	0.215	0.215	-1.114E-2	2.626E-2	2.853E-2	-0.357	-0.105	0.372
3.720	1.508E-2	0.215	0.216	-8.208E-3	1.930E-2	2.098E-2	0.194	-0.484	0.522
3.737	1.487E-2	0.215	0.216	-7.524E-3	1.134E-2	1.361E-2	3.309E-2	-0.419	0.420
3.754	1.483E-2	0.216	0.216	-4.859E-3	3.877E-3	6.216E-3	0.279	-0.256	0.379
3.770	1.471E-2	0.216	0.216	-4.206E-4	3.319E-3	3.346E-3	0.226	-2.855E-2	0.228
3.787	1.481E-2	0.216	0.216	5.006E-3	3.298E-3	5.995E-3	5.496E-2	1.828E-2	5.792E-2
3.804	1.488E-2	0.216	0.216	6.285E-4	3.588E-3	3.643E-3	-0.164	1.994E-3	0.164
3.820	1.483E-2	0.216	0.216	-1.403E-3	3.766E-3	4.019E-3	-8.760E-2	0.285	0.298
3.837	1.483E-2	0.216	0.216	-1.311E-3	1.158E-2	1.165E-2	0.105	7.269E-2	0.127
3.854	1.479E-2	0.216	0.217	1.082E-3	1.011E-2	1.017E-2	-5.496E-2	5.596E-2	7.844E-2
3.871	1.487E-2	0.216	0.217	-1.147E-3	8.253E-3	8.332E-3	3.966E-2	-0.262	0.265
3.887	1.475E-2	0.216	0.217	-6.432E-4	6.495E-3	6.527E-3	9.233E-2	-0.145	0.172
3.904	1.485E-2	0.216	0.217	4.684E-3	-8.764E-4	4.765E-3	5.667E-2	-0.312	0.317
3.921	1.491E-2	0.216	0.217	5.394E-4	-1.384E-3	1.485E-3	-0.408	4.332E-2	0.410
3.937	1.486E-2	0.216	0.217	-8.832E-3	-1.085E-3	8.898E-3	-0.187	0.123	0.224
3.954	1.461E-2	0.216	0.217	-8.018E-3	3.829E-3	8.886E-3	-0.111	-0.439	0.452
3.971	1.460E-2	0.216	0.217	-8.573E-3	-1.306E-2	1.562E-2	-0.321	-0.486	0.582
3.987	1.433E-2	0.216	0.216	-2.115E-2	-1.964E-2	2.886E-2	-0.419	-6.664E-2	0.425
4.004	1.389E-2	0.216	0.216	-2.334E-2	-9.015E-3	2.502E-2	0.716	3.692E-2	0.716
4.021	1.355E-2	0.216	0.216	1.167E-3	-1.924E-2	1.927E-2	0.795	-0.117	0.803
4.037	1.393E-2	0.215	0.216	1.069E-2	-1.686E-2	1.996E-2	0.228	-0.150	0.273
4.054	1.391E-2	0.215	0.215	1.764E-3	-1.799E-2	1.807E-2	-0.828	0.234	0.860
4.071	1.399E-2	0.215	0.215	-1.189E-2	-1.622E-2	2.011E-2	-8.849E-2	-0.449	0.458
4.087	1.351E-2	0.215	0.215	-9.246E-3	-2.403E-2	2.575E-2	0.186	-0.256	0.317
4.104	1.368E-2	0.214	0.214	3.285E-3	-3.468E-2	3.483E-2	0.269	0.216	0.346
4.121	1.362E-2	0.213	0.214	-4.860E-3	-1.207E-2	1.301E-2	-0.694	0.410	0.806
4.137	1.352E-2	0.213	0.214	-1.758E-2	-1.705E-2	2.449E-2	0.265	-0.484	0.552
4.154	1.303E-2	0.213	0.213	-2.883E-3	-3.435E-2	3.447E-2	-1.753E-2	-1.071	1.072
4.171	1.342E-2	0.212	0.213	-4.974E-3	-4.883E-2	4.909E-2	0.335	0.435	0.549
4.188	1.287E-2	0.211	0.212	-7.255E-3	-2.839E-2	2.930E-2	0.509	0.757	0.912
4.204	1.318E-2	0.211	0.212	2.290E-2	-9.779E-3	2.490E-2	0.350	0.433	0.557
4.221	1.363E-2	0.211	0.211	5.028E-3	-2.340E-2	2.394E-2	-0.125	-1.126	1.133
4.238	1.335E-2	0.210	0.211	8.263E-3	-4.182E-2	4.263E-2	-0.908	-0.457	1.017
4.254	1.391E-2	0.209	0.210	-8.873E-3	-4.681E-2	4.764E-2	-0.201	-4.229E-2	0.205
4.271	1.305E-2	0.209	0.209	-1.878E-2	-3.549E-2	4.015E-2	-0.403	0.272	0.487
4.288	1.328E-2	0.208	0.209	-4.425E-3	-4.077E-2	4.101E-2	0.482	4.682E-2	0.485
4.304	1.290E-2	0.208	0.208	-1.374E-2	-3.486E-2	3.747E-2	-0.602	-0.322	0.683
4.321	1.282E-2	0.207	0.207	-1.761E-2	-4.648E-2	4.970E-2	0.374	-0.214	0.431
4.338	1.232E-2	0.206	0.206	-9.147E-3	-5.060E-2	5.142E-2	0.137	0.324	0.352
4.354	1.252E-2	0.205	0.206	-3.041E-3	-2.958E-2	2.973E-2	-6.408E-2	0.209	0.219
4.371	1.221E-2	0.205	0.205	-1.853E-2	-4.142E-2	4.537E-2	-1.915E-2	-0.562	0.563
4.388	1.190E-2	0.204	0.204	-3.835E-3	-5.499E-2	5.512E-2	0.193	-0.229	0.299
4.404	1.209E-2	0.203	0.204	-5.320E-3	-4.589E-2	4.620E-2	0.275	-0.377	0.467
4.421	1.172E-2	0.202	0.203	-4.123E-3	-6.367E-2	6.380E-2	0.284	8.485E-2	0.297
4.438	1.195E-2	0.201	0.201	1.190E-2	-5.464E-2	5.592E-2	-0.171	0.463	0.493
4.454	1.212E-2	0.201	0.201	-1.003E-2	-3.442E-2	3.585E-2	-5.155E-2	0.494	0.496
4.471	1.161E-2	0.200	0.200	3.378E-4	-4.585E-2	4.585E-2	-0.179	-6.600E-2	0.191
4.488	1.213E-2	0.199	0.199	-1.269E-5	-3.643E-2	3.643E-2	-0.500	-0.431	0.660
4.505	1.161E-2	0.199	0.199	-2.967E-2	-5.363E-2	6.129E-2	-0.204	-0.562	0.598
4.521	1.114E-2	0.197	0.198	-5.376E-3	-6.625E-2	6.646E-2	0.429	0.107	0.442
4.538	1.143E-2	0.196	0.197	-5.594E-3	-4.341E-2	4.377E-2	0.130	0.296	0.323
4.555	1.095E-2	0.196	0.196	-1.323E-2	-5.327E-2	5.489E-2	-3.187E-2	0.111	0.116
4.571	1.099E-2	0.195	0.195	1.320E-3	-4.942E-2	4.944E-2	0.151	-0.260	0.301
4.588	1.100E-2	0.194	0.195	-9.378E-3	-4.968E-2	5.056E-2	-0.307	-0.579	0.656
4.605	1.068E-2	0.193	0.193	-1.243E-2	-7.766E-2	7.865E-2	2.163E-2	-0.356	0.357
4.621	1.058E-2	0.192	0.192	-5.493E-3	-6.274E-2	6.298E-2	0.650	0.410	0.768
4.638	1.050E-2	0.191	0.191	6.754E-3	-5.557E-2	5.598E-2	0.359	0.786	0.864
4.655	1.081E-2	0.190	0.190	1.090E-2	-4.634E-2	4.760E-2	-1.280	-0.184	1.294
4.671	1.086E-2	0.189	0.190	-3.446E-2	-4.978E-2	6.055E-2	-1.165	-0.567	1.296
4.688	9.656E-3	0.188	0.188	-4.197E-2	-7.576E-2	8.661E-2	0.577	-0.648	0.867
4.705	9.459E-3	0.187	0.187	-2.533E-3	-6.880E-2	6.885E-2	1.077	0.678	1.273
4.721	9.572E-3	0.186	0.186	-5.901E-3	-5.237E-2	5.270E-2	-0.404	0.244	0.472
4.738	9.262E-3	0.185	0.185	-2.066E-2	-5.705E-2	6.068E-2	-0.693	-0.599	0.916
4.755	8.882E-3	0.184	0.184	-2.721E-2	-7.683E-2	8.151E-2	8.293E-2	-0.278	0.290
4.771	8.355E-3	0.183	0.183	-2.045E-2	-6.808E-2	7.108E-2	0.688	-0.137	0.702
4.788	8.200E-3	0.182	0.182	-1.518E-3	-7.355E-2	7.357E-2	0.354	0.117	0.373
4.805	8.304E-3	0.180	0.180	-6.239E-3	-7.468E-2	7.494E-2	-0.439	-8.991E-2	0.448
4.821	7.992E-3	0.179	0.179	-2.058E-2	-6.671E-2	6.981E-2	0.477	0.591	0.759
4.838	7.617E-3	0.178	0.178	6.743E-3	-6.292E-2	6.328E-2	0.496	0.303	0.581
4.855	8.217E-3	0.177	0.177	8.495E-3	-5.048E-2	5.119E-2	-0.420	3.719E-2	0.421
4.872	7.901E-3	0.176	0.176	-1.923E-2	-6.299E-2	6.586E-2	-0.868	-0.932	1.273
4.888	7.575E-3	0.175	0.175	-1.699E-2	-8.278E-2	8.450E-2	2.291E-3	0.156	0.156
4.905	7.334E-3	0.173	0.174	-1.790E-2	-6.323E-2	6.572E-2	0.234	-8.269E-2	0.249
4.922	6.978E-3	0.173	0.173	-1.186E-2	-7.063E-2	7.162E-2	0.120	-0.685	0.695
4.938	6.938E-3	0.171	0.171	-9.670E-3	-0.101	0.102	5.118E-2	-0.384	0.388
4.955	6.655E-3	0.169	0.170	-1.401E-2	-7.901E-2	8.024E-2	-0.155	1.231	1.241
4.972	6.471E-3	0.168	0.169	-1.273E-2	-5.714E-2	5.854E-2	0.216	0.215	0.304
4.988	6.230E-3	0.168	0.168	-8.549E-3	-7.020E-2	7.072E-2	-0.285	-0.802	0.852
5.005	6.185E-3	0.166	0.166	-1.813E-2	-8.963E-2	9.145E-2	-0.162	-0.185	0.246
5.022	5.626E-3	0.165	0.165	-2.099E-2	-7.625E-2	7.909E-2	-0.216	7.156E-2	0.227
5.038	5.485E-3	0.164	0.164	-1.814E-2	-8.021E-2	8.223E-2	0.205	-0.174	0.269
5.055	5.020E-3	0.162	0.162	-1.986E-2	-9.065E-2	9.280E-2	-4.312E-2	-2.325E-2	4.899E-2
5.072	4.823E-3	0.161	0.161	-1.539E-2	-7.679E-2	7.832E-2	-2.257E-3	0.306	0.306
5.088	4.507E-3	0.159	0.159	-2.169E-2	-7.889E-2	8.181E-2	-0.868	8.036E-2	0.872
5.105	4.099E-3	0.158	0.158	-4.213E-2	-7.833E-2	8.894E-2	0.255	-6.532E-2	0.264
5.122	3.101E-3	0.157	0.157	-2.308E-2	-7.663E-2	8.003E-2	0.737	0.251	0.778
5.138	3.329E-3	0.155	0.155	-2.253E-3	-7.430E-2	7.433E-2	9.532E-2	-0.968	0.973
5.155	3.026E-3	0.154	0.154	-2.824E-2	-0.100	0.104	-0.533	-0.393	0.662
5.172	2.386E-3	0.152	0.152	-2.285E-2	-0.103	0.106	0.284	0.646	0.706
5.189	2.264E-3	0.151	0.151	-1.221E-2	-6.546E-2	6.658E-2	0.512	1.357	1.451
5.205	1.979E-3	0.150	0.150	-1.033E-2	-6.084E-2	6.172E-2	-0.312	-0.888	0.941
5.222	1.919E-3	0.149	0.149	-1.795E-2	-9.192E-2	9.366E-2	-0.492	-0.788	0.928
5.239	1.380E-3	0.147	0.147	-3.185E-2	-9.884E-2	0.104	-0.166	-0.249	0.299
5.255	8.561E-4	0.145	0.145	-2.258E-2	-8.765E-2	9.051E-2	0.179	0.315	0.363
5.272	6.268E-4	0.144	0.144	-2.219E-2	-9.558E-2	9.812E-2	0.532	-0.539	0.758
5.289	1.157E-4	0.142	0.142	-1.127E-2	-0.101	0.102	-0.412	0.388	0.567
5.305	2.506E-4	0.140	0.140	-2.455E-2	-8.914E-2	9.246E-2	-0.421	0.180	0.458
5.322	-7.035E-4	0.139	0.139	-3.989E-2	-8.512E-2	9.400E-2	-0.192	-0.150	0.244
5.339	-1.080E-3	0.138	0.138	-2.152E-2	-0.103	0.105	0.532	-0.472	0.711
5.355	-1.421E-3	0.136	0.136	-2.383E-2	-9.859E-2	0.101	4.756E-2	0.495	0.497
5.372	-1.875E-3	0.134	0.134	-2.182E-2	-8.643E-2	8.914E-2	-0.447	-0.171	0.478
5.389	-2.149E-3	0.133	0.133	-3.418E-2	-9.916E-2	0.105	-0.231	-0.248	0.339
5.405	-3.016E-3	0.131	0.131	-3.743E-2	-0.104	0.111	-2.108E-2	-0.475	0.475
5.422	-3.398E-3	0.130	0.130	-2.754E-2	-0.105	0.108	0.385	0.720	0.816
5.439	-3.935E-3	0.127	0.128	-2.849E-2	-9.178E-2	9.610E-2	1.129E-2	9.316E-3	1.464E-2
5.455	-4.349E-3	0.126	0.127	-2.538E-2	-8.972E-2	9.324E-2	0.395	-0.298	0.495
5.472	-4.782E-3	0.124	0.125	-1.724E-2	-0.114	0.116	-1.498E-2	-0.409	0.410
5.489	-4.924E-3	0.123	0.123	-2.147E-2	-0.100	0.102	-0.532	0.445	0.693
5.506	-5.498E-3	0.121	0.121	-3.923E-2	-9.580E-2	0.104	-0.110	-0.103	0.150
5.522	-6.233E-3	0.119	0.120	-2.710E-2	-0.107	0.110	0.737	-0.148	0.752
5.539	-6.402E-3	0.118	0.118	-9.234E-3	-0.102	0.103	-5.369E-2	-0.161	0.170
5.556	-6.541E-3	0.116	0.116	-2.822E-2	-0.107	0.111	-0.606	-0.190	0.636
5.572	-7.344E-3	0.114	0.114	-3.688E-2	-0.114	0.120	-0.183	0.529	0.560
5.589	-7.772E-3	0.112	0.112	-2.795E-2	-8.857E-2	9.287E-2	0.362	-2.752E-2	0.363
5.606	-8.277E-3	0.111	0.111	-2.745E-2	-0.105	0.109	-0.105	-0.240	0.262
5.622	-8.688E-3	0.109	0.109	-2.962E-2	-0.114	0.118	-0.509	-0.696	0.863
5.639	-9.265E-3	0.107	0.108	-4.480E-2	-0.112	0.120	0.116	0.175	0.210
5.656	-1.018E-2	0.105	0.105	-3.135E-2	-0.122	0.126	0.492	0.505	0.706
5.672	-1.031E-2	0.103	0.104	-1.859E-2	-8.896E-2	9.088E-2	4.992E-3	0.135	0.135
5.689	-1.080E-2	0.102	0.103	-3.666E-2	-0.109	0.115	-0.371	-0.271	0.460
5.706	-1.153E-2	9.957E-2	0.100	-3.300E-2	-0.115	0.120	0.531	0.277	0.599
5.722	-1.190E-2	9.816E-2	9.888E-2	-1.576E-2	-8.573E-2	8.717E-2	-5.943E-3	-0.183	0.183
5.739	-1.206E-2	9.671E-2	9.746E-2	-2.996E-2	-0.121	0.125	-0.123	-0.788	0.798
5.756	-1.290E-2	9.411E-2	9.499E-2	-2.968E-2	-0.126	0.129	-0.718	-2.905E-2	0.719
5.772	-1.305E-2	9.251E-2	9.342E-2	-4.047E-2	-0.107	0.115	4.846E-2	1.227	1.228
5.789	-1.425E-2	9.053E-2	9.165E-2	-4.412E-2	-9.565E-2	0.105	0.356	-5.391E-2	0.360
5.806	-1.452E-2	8.932E-2	9.049E-2	-1.603E-2	-9.749E-2	9.880E-2	0.406	-0.459	0.613
5.822	-1.479E-2	8.728E-2	8.852E-2	-3.225E-2	-0.121	0.126	-0.679	-0.531	0.862
5.839	-1.560E-2	8.527E-2	8.668E-2	-4.397E-2	-0.113	0.121	-0.559	0.251	0.613
5.856	-1.626E-2	8.352E-2	8.509E-2	-4.632E-2	-0.110	0.119	0.446	4.747E-2	0.449
5.873	-1.714E-2	8.160E-2	8.338E-2	-3.438E-2	-0.114	0.119	0.379	-0.527	0.649
5.889	-1.740E-2	7.972E-2	8.160E-2	-2.584E-2	-0.125	0.127	-0.195	0.251	0.318
5.906	-1.801E-2	7.744E-2	7.950E-2	-4.521E-2	-0.113	0.121	3.274E-2	0.695	0.696
5.923	-1.891E-2	7.596E-2	7.828E-2	-2.944E-2	-9.227E-2	9.685E-2	0.118	0.759	0.768
5.939	-1.899E-2	7.436E-2	7.674E-2	-2.933E-2	-9.242E-2	9.697E-2	-0.476	0.444	0.651
5.956	-1.989E-2	7.288E-2	7.554E-2	-5.572E-2	-7.752E-2	9.547E-2	-0.685	1.731	1.862
5.973	-2.085E-2	7.177E-2	7.474E-2	-5.014E-2	-3.623E-2	6.186E-2	-6.772E-2	1.707	1.708
5.989	-2.156E-2	7.167E-2	7.484E-2	-5.410E-2	-1.270E-2	5.557E-2	6.843E-2	1.239	1.241
6.006	-2.265E-2	7.135E-2	7.486E-2	-5.372E-2	-3.280E-3	5.382E-2	0.175	0.634	0.658
6.023	-2.336E-2	7.156E-2	7.527E-2	-4.323E-2	1.376E-2	4.537E-2	0.774	0.478	0.909
6.039	-2.410E-2	7.181E-2	7.574E-2	-3.166E-2	1.126E-2	3.360E-2	0.586	-0.509	0.776
6.056	-2.441E-2	7.193E-2	7.596E-2	-1.983E-2	-2.936E-3	2.004E-2	0.378	-0.767	0.855
6.073	-2.476E-2	7.171E-2	7.586E-2	-2.101E-2	-1.641E-2	2.666E-2	-0.390	-1.135	1.200
6.089	-2.511E-2	7.138E-2	7.567E-2	-3.142E-2	-3.754E-2	4.895E-2	0.716	-1.369	1.544
6.106	-2.580E-2	7.046E-2	7.503E-2	-5.114E-3	-6.546E-2	6.566E-2	0.573	-1.147	1.282
6.123	-2.528E-2	6.920E-2	7.368E-2	3.456E-3	-7.589E-2	7.597E-2	0.308	-7.622E-2	0.317
6.139	-2.569E-2	6.792E-2	7.262E-2	-9.998E-3	-6.803E-2	6.876E-2	-0.281	0.284	0.400
6.156	-2.562E-2	6.693E-2	7.167E-2	2.388E-3	-6.333E-2	6.338E-2	0.315	0.218	0.383
6.173	-2.561E-2	6.581E-2	7.062E-2	-1.760E-3	-6.359E-2	6.361E-2	0.249	-0.456	0.520
6.190	-2.568E-2	6.481E-2	6.971E-2	8.537E-3	-7.485E-2	7.533E-2	2.542E-2	0.122	0.125
6.206	-2.533E-2	6.331E-2	6.819E-2	5.253E-3	-6.745E-2	6.766E-2	-0.201	0.444	0.488
6.223	-2.550E-2	6.256E-2	6.756E-2	-5.257E-3	-5.075E-2	5.102E-2	-0.484	0.557	0.738
6.240	-2.550E-2	6.162E-2	6.669E-2	-6.218E-3	-5.397E-2	5.432E-2	8.606E-2	0.216	0.232
6.256	-2.571E-2	6.076E-2	6.597E-2	-5.883E-3	-4.329E-2	4.369E-2	9.261E-2	0.133	0.162
6.273	-2.570E-2	6.017E-2	6.543E-2	-2.079E-4	-4.590E-2	4.590E-2	7.619E-2	-0.437	0.444
6.290	-2.572E-2	5.923E-2	6.457E-2	-4.127E-3	-6.153E-2	6.167E-2	-0.412	-1.070	1.146
6.306	-2.583E-2	5.812E-2	6.360E-2	-1.372E-2	-7.946E-2	8.063E-2	0.163	0.137	0.212
6.323	-2.617E-2	5.657E-2	6.234E-2	-2.681E-3	-6.418E-2	6.423E-2	5.892E-2	0.830	0.832
6.340	-2.592E-2	5.598E-2	6.169E-2	-3.175E-3	-4.096E-2	4.109E-2	-0.154	0.233	0.279
6.356	-2.628E-2	5.521E-2	6.114E-2	-1.625E-2	-6.004E-2	6.220E-2	-0.527	-0.219	0.570
6.373	-2.647E-2	5.398E-2	6.012E-2	-1.602E-2	-5.422E-2	5.653E-2	1.019E-2	7.228E-2	7.300E-2
6.390	-2.681E-2	5.340E-2	5.975E-2	-1.838E-2	-4.815E-2	5.153E-2	0.285	0.133	0.315
6.406	-2.708E-2	5.237E-2	5.896E-2	-6.454E-3	-5.707E-2	5.743E-2	2.551E-2	-0.955	0.955
6.423	-2.703E-2	5.149E-2	5.816E-2	-1.292E-2	-7.373E-2	7.485E-2	4.937E-2	-0.224	0.230
6.440	-2.751E-2	4.991E-2	5.699E-2	-1.296E-2	-7.424E-2	7.536E-2	0.773	0.263	0.816
6.456	-2.746E-2	4.902E-2	5.619E-2	1.757E-2	-5.568E-2	5.839E-2	4.520E-2	0.364	0.367
6.473	-2.692E-2	4.805E-2	5.508E-2	-4.299E-3	-6.469E-2	6.483E-2	-1.133	-0.203	1.151
6.490	-2.761E-2	4.686E-2	5.439E-2	-3.379E-2	-6.503E-2	7.329E-2	-0.665	-0.120	0.676
6.507	-2.805E-2	4.588E-2	5.378E-2	-2.019E-2	-6.495E-2	6.801E-2	0.469	0.327	0.572
6.523	-2.828E-2	4.469E-2	5.289E-2	-1.682E-2	-5.870E-2	6.106E-2	0.680	-2.105E-2	0.680
6.540	-2.861E-2	4.392E-2	5.242E-2	-1.917E-3	-5.923E-2	5.926E-2	0.356	-0.416	0.547
6.557	-2.834E-2	4.272E-2	5.126E-2	2.615E-3	-7.743E-2	7.747E-2	7.807E-3	-0.523	0.523
6.573	-2.853E-2	4.134E-2	5.023E-2	-8.456E-3	-7.700E-2	7.746E-2	-0.322	0.692	0.763
6.590	-2.863E-2	4.015E-2	4.931E-2	-5.552E-3	-5.451E-2	5.479E-2	4.439E-2	0.342	0.344
6.607	-2.871E-2	3.952E-2	4.885E-2	-6.940E-3	-5.849E-2	5.891E-2	-0.140	0.180	0.228
6.623	-2.886E-2	3.819E-2	4.787E-2	-1.056E-2	-5.976E-2	6.069E-2	-0.187	0.505	0.538
6.640	-2.906E-2	3.753E-2	4.747E-2	-1.329E-2	-3.387E-2	3.638E-2	-0.363	-6.007E-2	0.368
6.657	-2.930E-2	3.706E-2	4.725E-2	-2.163E-2	-5.846E-2	6.233E-2	-2.388E-2	-0.510	0.511
6.673	-2.978E-2	3.558E-2	4.640E-2	-1.769E-2	-6.412E-2	6.651E-2	0.203	3.773E-2	0.206
6.690	-2.989E-2	3.493E-2	4.597E-2	-1.004E-2	-4.483E-2	4.594E-2	0.478	0.621	0.784
6.707	-3.012E-2	3.408E-2	4.548E-2	-5.571E-3	-4.886E-2	4.917E-2	-3.185E-2	-0.458	0.459
6.723	-3.008E-2	3.330E-2	4.487E-2	-6.887E-3	-5.732E-2	5.773E-2	-0.375	-0.749	0.838
6.740	-3.035E-2	3.217E-2	4.423E-2	-2.126E-2	-7.582E-2	7.875E-2	-0.363	-0.116	0.381
6.757	-3.079E-2	3.077E-2	4.352E-2	-1.993E-2	-6.485E-2	6.785E-2	-0.132	0.415	0.436
6.773	-3.101E-2	3.000E-2	4.315E-2	-2.201E-2	-5.407E-2	5.838E-2	0.391	0.372	0.540
6.790	-3.152E-2	2.896E-2	4.281E-2	-1.266E-2	-5.824E-2	5.960E-2	0.434	-0.175	0.468
6.807	-3.144E-2	2.806E-2	4.214E-2	-5.172E-4	-5.703E-2	5.703E-2	0.355	0.222	0.419
6.823	-3.154E-2	2.706E-2	4.155E-2	-5.048E-3	-5.330E-2	5.354E-2	-0.338	-0.235	0.412
6.840	-3.161E-2	2.628E-2	4.111E-2	-9.897E-3	-6.047E-2	6.128E-2	-0.259	-0.601	0.655
6.857	-3.187E-2	2.504E-2	4.053E-2	-1.551E-2	-7.787E-2	7.940E-2	0.332	-0.282	0.435
6.874	-3.212E-2	2.368E-2	3.991E-2	-1.106E-4	-7.039E-2	7.039E-2	0.354	0.895	0.962
6.890	-3.187E-2	2.269E-2	3.912E-2	2.437E-3	-4.631E-2	4.638E-2	-0.450	0.402	0.604
6.907	-3.204E-2	2.214E-2	3.895E-2	-1.959E-2	-5.205E-2	5.562E-2	-0.399	5.855E-2	0.403
6.924	-3.253E-2	2.095E-2	3.869E-2	-1.389E-2	-5.408E-2	5.584E-2	4.465E-2	0.136	0.143
6.940	-3.251E-2	2.033E-2	3.834E-2	-1.075E-2	-3.961E-2	4.104E-2	0.287	0.344	0.448
6.957	-3.288E-2	1.963E-2	3.830E-2	-1.148E-2	-4.526E-2	4.669E-2	-0.250	-0.149	0.291
6.974	-3.289E-2	1.882E-2	3.789E-2	-1.244E-2	-4.557E-2	4.724E-2	0.262	0.207	0.334
6.990	-3.330E-2	1.811E-2	3.791E-2	-9.900E-3	-3.779E-2	3.906E-2	0.374	2.016E-2	0.375
7.007	-3.322E-2	1.756E-2	3.758E-2	5.844E-3	-4.253E-2	4.293E-2	0.287	-0.650	0.711
7.024	-3.310E-2	1.669E-2	3.707E-2	-1.005E-3	-6.159E-2	6.160E-2	-0.747	-0.972	1.226
7.040	-3.325E-2	1.551E-2	3.669E-2	-1.992E-2	-7.563E-2	7.820E-2	-0.458	0.153	0.483
7.057	-3.377E-2	1.417E-2	3.662E-2	-1.988E-2	-5.942E-2	6.266E-2	-9.434E-2	0.808	0.814
7.074	-3.392E-2	1.353E-2	3.651E-2	-1.714E-2	-4.162E-2	4.501E-2	0.247	0.515	0.571
7.090	-3.434E-2	1.278E-2	3.664E-2	-1.682E-2	-4.589E-2	4.888E-2	0.575	-0.868	1.041
7.107	-3.448E-2	1.200E-2	3.650E-2	3.969E-3	-6.759E-2	6.770E-2	0.411	-0.783	0.884
7.124	-3.421E-2	1.053E-2	3.579E-2	1.253E-3	-7.897E-2	7.898E-2	-0.272	0.296	0.402
7.140	-3.444E-2	9.360E-3	3.568E-2	-1.141E-2	-5.442E-2	5.560E-2	-0.173	1.085	1.099
7.157	-3.459E-2	8.711E-3	3.567E-2	-2.707E-3	-3.955E-2	3.964E-2	0.378	9.264E-2	0.389
7.174	-3.453E-2	8.041E-3	3.545E-2	2.876E-3	-5.203E-2	5.211E-2	-0.144	-0.599	0.616
7.191	-3.449E-2	6.975E-3	3.519E-2	-7.380E-3	-6.296E-2	6.339E-2	-0.385	0.178	0.424
7.207	-3.477E-2	5.940E-3	3.528E-2	-1.304E-2	-4.637E-2	4.817E-2	0.306	3.859E-3	0.306
7.224	-3.493E-2	5.428E-3	3.535E-2	3.386E-3	-5.501E-2	5.512E-2	0.518	0.346	0.623
7.241	-3.466E-2	4.104E-3	3.490E-2	8.450E-3	-4.842E-2	4.915E-2	-1.300E-2	-0.444	0.445
7.257	-3.465E-2	3.812E-3	3.486E-2	-8.385E-4	-5.253E-2	5.254E-2	-0.690	-0.789	1.048
7.274	-3.469E-2	2.351E-3	3.477E-2	-1.249E-2	-8.897E-2	8.984E-2	-1.366E-2	-0.825	0.825
7.291	-3.506E-2	8.435E-4	3.507E-2	-6.262E-3	-7.733E-2	7.759E-2	0.313	0.386	0.497
7.307	-3.490E-2	-2.290E-4	3.490E-2	4.780E-3	-7.118E-2	7.134E-2	0.421	0.423	0.597
7.324	-3.490E-2	-1.532E-3	3.494E-2	3.409E-3	-6.843E-2	6.851E-2	-4.853E-2	0.256	0.261
7.341	-3.478E-2	-2.512E-3	3.487E-2	5.294E-3	-5.887E-2	5.911E-2	0.229	0.304	0.381
7.357	-3.473E-2	-3.496E-3	3.490E-2	9.111E-3	-5.960E-2	6.029E-2	-0.269	0.539	0.603
7.374	-3.448E-2	-4.501E-3	3.477E-2	3.232E-4	-4.345E-2	4.345E-2	-0.444	1.253	1.329
7.391	-3.472E-2	-4.946E-3	3.507E-2	-1.114E-2	-1.463E-2	1.839E-2	-2.259E-2	1.811	1.811
7.407	-3.485E-2	-4.989E-3	3.520E-2	1.221E-3	1.545E-2	1.550E-2	0.378	1.076	1.140
7.424	-3.467E-2	-4.430E-3	3.496E-2	4.507E-3	2.579E-2	2.619E-2	7.412E-2	0.120	0.141
7.441	-3.470E-2	-4.128E-3	3.494E-2	4.047E-4	1.511E-2	1.512E-2	0.133	0.214	0.251
7.457	-3.466E-2	-3.926E-3	3.488E-2	9.310E-3	3.053E-2	3.192E-2	0.438	1.023	1.113
7.474	-3.439E-2	-3.109E-3	3.453E-2	1.672E-2	5.419E-2	5.671E-2	-0.122	0.547	0.561
7.491	-3.410E-2	-2.118E-3	3.417E-2	5.923E-3	4.913E-2	4.949E-2	-9.308E-2	0.340	0.352
7.508	-3.419E-2	-1.470E-3	3.422E-2	8.422E-3	5.897E-2	5.956E-2	0.283	-0.373	0.468
7.524	-3.382E-2	-1.504E-4	3.382E-2	2.101E-2	4.830E-2	5.267E-2	0.350	-0.514	0.622
7.541	-3.349E-2	1.416E-4	3.349E-2	1.811E-2	2.856E-2	3.382E-2	-0.311	-0.715	0.780
7.558	-3.322E-2	8.024E-4	3.323E-2	1.103E-2	3.294E-2	3.474E-2	-0.207	-0.130	0.244
7.574	-3.312E-2	1.241E-3	3.315E-2	9.447E-3	2.142E-2	2.341E-2	0.422	3.472E-2	0.423
7.591	-3.290E-2	1.517E-3	3.294E-2	2.519E-2	3.153E-2	4.035E-2	0.400	0.171	0.435
7.608	-3.228E-2	2.293E-3	3.236E-2	2.715E-2	3.391E-2	4.344E-2	-0.159	-0.301	0.340
7.624	-3.200E-2	2.649E-3	3.211E-2	1.550E-2	1.645E-2	2.261E-2	0.289	-0.793	0.844
7.641	-3.176E-2	2.842E-3	3.189E-2	3.480E-2	8.310E-3	3.578E-2	0.367	-0.260	0.450
7.658	-3.084E-2	2.926E-3	3.097E-2	3.665E-2	7.225E-3	3.735E-2	-0.345	-3.634E-2	0.347
7.674	-3.054E-2	3.083E-3	3.070E-2	1.522E-2	8.342E-3	1.736E-2	-0.970	8.122E-2	0.973
7.691	-3.033E-2	3.204E-3	3.050E-2	7.132E-3	9.062E-3	1.153E-2	1.242E-2	-0.220	0.220
7.708	-3.030E-2	3.385E-3	3.049E-2	1.275E-2	2.825E-3	1.306E-2	0.574	-0.272	0.635
7.724	-2.990E-2	3.299E-3	3.008E-2	2.953E-2	-2.895E-3	2.967E-2	0.305	-0.314	0.438
7.741	-2.932E-2	3.289E-3	2.950E-2	2.440E-2	-5.204E-3	2.495E-2	-0.211	2.398E-2	0.213
7.758	-2.909E-2	3.125E-3	2.926E-2	1.805E-2	-4.502E-3	1.860E-2	-0.707	0.161	0.725
7.774	-2.872E-2	3.139E-3	2.889E-2	5.901E-3	2.141E-3	6.277E-3	0.352	-0.278	0.449
7.791	-2.889E-2	3.196E-3	2.907E-2	2.013E-2	-1.196E-2	2.342E-2	0.329	-0.740	0.809
7.808	-2.804E-2	2.739E-3	2.818E-2	3.083E-2	-2.717E-2	4.109E-2	-1.958E-2	-0.319	0.320
7.824	-2.786E-2	2.290E-3	2.796E-2	9.586E-3	-2.116E-2	2.323E-2	-0.512	0.932	1.063
7.841	-2.772E-2	2.033E-3	2.780E-2	1.523E-2	2.928E-3	1.551E-2	0.215	0.291	0.362
7.858	-2.735E-2	2.388E-3	2.746E-2	1.934E-2	-3.520E-3	1.966E-2	0.213	-0.171	0.274
7.875	-2.708E-2	1.916E-3	2.715E-2	2.004E-2	-1.446E-2	2.471E-2	0.194	-0.116	0.226
7.891	-2.669E-2	1.905E-3	2.675E-2	2.677E-2	-1.003E-5	2.677E-2	1.661E-3	0.535	0.535
7.908	-2.619E-2	1.916E-3	2.626E-2	2.169E-2	1.474E-3	2.174E-2	-2.953E-2	-6.297E-2	6.955E-2
7.925	-2.596E-2	1.954E-3	2.604E-2	2.177E-2	-1.420E-3	2.182E-2	-9.069E-2	-0.842	0.847
7.941	-2.546E-2	1.868E-3	2.553E-2	2.322E-2	-2.500E-2	3.412E-2	6.057E-2	-0.520	0.523
7.958	-2.519E-2	1.120E-3	2.521E-2	2.008E-2	-2.651E-2	3.326E-2	-0.416	0.161	0.446
7.975	-2.479E-2	9.836E-4	2.481E-2	1.295E-2	-1.115E-2	1.709E-2	5.589E-2	0.485	0.488
7.991	-2.476E-2	7.483E-4	2.477E-2	1.626E-2	-1.382E-2	2.134E-2	0.405	-0.590	0.716
8.008	-2.425E-2	5.224E-4	2.425E-2	3.188E-2	-2.824E-2	4.259E-2	-1.403E-2	-0.385	0.385
8.025	-2.369E-2	-1.939E-4	2.369E-2	1.656E-2	-3.241E-2	3.640E-2	-0.466	-1.321E-3	0.466
8.041	-2.369E-2	-5.591E-4	2.370E-2	9.906E-3	-2.302E-2	2.506E-2	0.139	0.196	0.240
8.058	-2.336E-2	-9.619E-4	2.338E-2	2.566E-2	-2.727E-2	3.744E-2	0.427	-0.596	0.733
8.075	-2.284E-2	-1.469E-3	2.289E-2	2.522E-2	-4.198E-2	4.898E-2	-0.209	-0.337	0.397
8.091	-2.252E-2	-2.363E-3	2.264E-2	1.651E-2	-4.291E-2	4.598E-2	-0.615	0.314	0.691
8.108	-2.229E-2	-2.901E-3	2.248E-2	5.956E-3	-2.749E-2	2.813E-2	-0.255	1.086	1.116
8.125	-2.232E-2	-3.280E-3	2.256E-2	5.075E-3	-8.813E-3	1.017E-2	0.233	0.954	0.982
8.141	-2.212E-2	-3.195E-3	2.235E-2	1.629E-2	7.318E-3	1.785E-2	0.296	0.647	0.712
8.158	-2.178E-2	-3.036E-3	2.199E-2	1.579E-2	1.118E-2	1.935E-2	-0.272	0.174	0.323
8.175	-2.159E-2	-2.822E-3	2.177E-2	6.038E-3	1.323E-2	1.454E-2	5.154E-3	0.176	0.176
8.192	-2.158E-2	-2.594E-3	2.173E-2	1.338E-2	1.650E-2	2.124E-2	0.435	0.581	0.726
8.208	-2.114E-2	-2.271E-3	2.127E-2	2.497E-2	3.164E-2	4.031E-2	0.492	-0.122	0.507
8.225	-2.074E-2	-1.539E-3	2.080E-2	2.731E-2	1.908E-2	3.331E-2	-9.640E-2	-0.721	0.727
8.242	-2.023E-2	-1.635E-3	2.030E-2	2.376E-2	-1.820E-3	2.383E-2	-0.236	-0.966	0.994
8.258	-1.995E-2	-1.599E-3	2.001E-2	1.705E-2	-7.160E-3	1.849E-2	-3.600E-2	-0.299	0.302
8.275	-1.966E-2	-1.874E-3	1.975E-2	2.273E-2	-1.520E-2	2.734E-2	0.164	-0.411	0.443
8.292	-1.919E-2	-2.106E-3	1.931E-2	2.467E-2	-1.855E-2	3.087E-2	-5.411E-2	0.123	0.134
8.308	-1.884E-2	-2.493E-3	1.901E-2	1.930E-2	-1.391E-2	2.379E-2	-0.684	-3.409E-2	0.684
8.325	-1.855E-2	-2.571E-3	1.872E-2	3.878E-3	-1.493E-2	1.543E-2	-0.288	-0.177	0.338
8.342	-1.871E-2	-2.991E-3	1.895E-2	4.008E-3	-2.419E-2	2.452E-2	-5.037E-2	0.181	0.188
8.358	-1.841E-2	-3.378E-3	1.872E-2	9.352E-3	-9.145E-3	1.308E-2	0.264	0.919	0.956
8.375	-1.840E-2	-3.296E-3	1.869E-2	7.437E-3	9.675E-3	1.220E-2	0.155	0.803	0.818
8.392	-1.817E-2	-3.055E-3	1.842E-2	1.719E-2	1.669E-2	2.396E-2	0.581	-0.282	0.646
8.408	-1.783E-2	-2.739E-3	1.804E-2	2.597E-2	2.564E-3	2.609E-2	-0.104	-0.709	0.716
8.425	-1.730E-2	-2.970E-3	1.755E-2	1.697E-2	-1.219E-2	2.089E-2	-0.477	-0.437	0.647
8.442	-1.726E-2	-3.146E-3	1.754E-2	4.728E-3	-9.392E-3	1.052E-2	-0.141	0.229	0.269
8.458	-1.714E-2	-3.283E-3	1.745E-2	1.404E-2	-4.911E-3	1.488E-2	0.423	6.971E-3	0.423
8.475	-1.679E-2	-3.310E-3	1.711E-2	2.053E-2	-7.537E-3	2.187E-2	9.186E-2	-8.257E-3	9.223E-2
8.492	-1.646E-2	-3.534E-3	1.683E-2	1.652E-2	-8.117E-3	1.840E-2	-0.421	0.221	0.476
8.509	-1.624E-2	-3.581E-3	1.663E-2	6.435E-3	1.603E-3	6.632E-3	-0.163	0.479	0.506
8.525	-1.624E-2	-3.481E-3	1.661E-2	8.514E-3	8.043E-3	1.171E-2	-0.118	7.426E-2	0.139
8.542	-1.596E-2	-3.312E-3	1.630E-2	7.271E-3	4.806E-3	8.716E-3	0.115	-0.166	0.202
8.559	-1.600E-2	-3.321E-3	1.634E-2	6.968E-3	5.510E-4	6.990E-3	9.508E-2	-0.158	0.184
8.575	-1.572E-2	-3.294E-3	1.607E-2	1.480E-2	7.179E-4	1.482E-2	0.531	-1.695E-2	0.531
8.592	-1.550E-2	-3.297E-3	1.585E-2	2.164E-2	-3.863E-4	2.164E-2	8.332E-2	-7.103E-2	0.109
8.609	-1.500E-2	-3.307E-3	1.536E-2	2.149E-2	-1.465E-3	2.154E-2	-0.380	5.318E-2	0.384
8.625	-1.479E-2	-3.346E-3	1.516E-2	6.213E-3	7.364E-4	6.256E-3	-0.302	-3.893E-3	0.302
8.642	-1.479E-2	-3.282E-3	1.515E-2	9.357E-3	-4.820E-5	9.357E-3	0.138	6.598E-3	0.138
8.659	-1.448E-2	-3.347E-3	1.486E-2	1.512E-2	-9.942E-4	1.515E-2	0.225	0.166	0.280
8.675	-1.429E-2	-3.315E-3	1.467E-2	1.393E-2	6.260E-3	1.527E-2	0.181	-8.875E-2	0.201
8.692	-1.401E-2	-3.138E-3	1.436E-2	2.179E-2	-1.409E-3	2.184E-2	-4.871E-2	-0.302	0.306
8.709	-1.356E-2	-3.362E-3	1.397E-2	1.503E-2	-8.571E-3	1.730E-2	-0.260	-5.697E-2	0.266
8.725	-1.351E-2	-3.424E-3	1.394E-2	8.297E-3	-6.421E-4	8.322E-3	-2.173E-2	0.406	0.406
8.742	-1.329E-2	-3.384E-3	1.371E-2	1.694E-2	4.809E-3	1.761E-2	0.371	6.554E-2	0.377
8.759	-1.294E-2	-3.264E-3	1.335E-2	2.091E-2	2.462E-3	2.106E-2	-8.529E-2	-0.286	0.298
8.775	-1.259E-2	-3.302E-3	1.301E-2	1.466E-2	-5.897E-3	1.580E-2	-0.196	-0.248	0.316
8.792	-1.246E-2	-3.461E-3	1.293E-2	1.185E-2	-6.582E-3	1.355E-2	-0.107	0.212	0.238
8.809	-1.219E-2	-3.521E-3	1.269E-2	1.346E-2	1.775E-3	1.358E-2	0.140	0.321	0.350
8.825	-1.201E-2	-3.401E-3	1.248E-2	1.481E-2	5.484E-3	1.579E-2	5.560E-2	4.711E-2	7.287E-2
8.842	-1.170E-2	-3.338E-3	1.217E-2	1.688E-2	2.299E-3	1.704E-2	-3.064E-2	-0.101	0.106
8.859	-1.144E-2	-3.325E-3	1.192E-2	1.315E-2	1.789E-3	1.327E-2	-0.264	-0.225	0.347
8.876	-1.126E-2	-3.279E-3	1.173E-2	8.072E-3	-3.789E-3	8.917E-3	-0.228	-8.401E-2	0.243
8.892	-1.117E-2	-3.451E-3	1.169E-2	5.060E-3	-3.939E-3	6.412E-3	-9.217E-2	6.154E-2	0.111
8.909	-1.109E-2	-3.410E-3	1.160E-2	5.312E-3	1.208E-3	5.448E-3	-4.061E-2	0.225	0.229
8.926	-1.100E-2	-3.411E-3	1.151E-2	4.069E-3	2.016E-3	4.541E-3	-0.109	-8.226E-2	0.136
8.942	-1.096E-2	-3.343E-3	1.145E-2	1.327E-3	-1.632E-4	1.337E-3	0.146	-0.106	0.181
8.959	-1.095E-2	-3.416E-3	1.147E-2	7.783E-3	-3.196E-3	8.414E-3	0.150	0.151	0.213
8.976	-1.070E-2	-3.449E-3	1.124E-2	9.484E-3	4.851E-3	1.065E-2	-0.104	0.213	0.237
8.992	-1.064E-2	-3.254E-3	1.112E-2	1.829E-3	6.444E-3	6.699E-3	-0.276	-0.205	0.344
9.009	-1.063E-2	-3.234E-3	1.112E-2	5.306E-4	-3.761E-3	3.798E-3	0.266	-0.201	0.333
9.026	-1.062E-2	-3.380E-3	1.114E-2	9.844E-3	-1.893E-3	1.002E-2	0.473	-5.580E-2	0.476
9.042	-1.031E-2	-3.297E-3	1.082E-2	1.875E-2	-1.977E-3	1.886E-2	0.265	-2.240E-2	0.266
9.059	-9.992E-3	-3.446E-3	1.057E-2	1.764E-2	-6.003E-3	1.863E-2	0.150	9.343E-2	0.176
9.076	-9.718E-3	-3.498E-3	1.033E-2	2.252E-2	2.193E-3	2.263E-2	-0.333	0.154	0.367
9.092	-9.240E-3	-3.373E-3	9.837E-3	1.097E-2	1.163E-3	1.103E-2	-0.558	-0.130	0.573
9.109	-9.352E-3	-3.459E-3	9.971E-3	-2.583E-3	-4.785E-3	5.437E-3	-0.240	-3.151E-2	0.242
9.126	-9.327E-3	-3.532E-3	9.973E-3	6.017E-3	4.396E-4	6.033E-3	0.128	0.151	0.198
9.142	-9.151E-3	-3.444E-3	9.778E-3	3.424E-3	2.038E-3	3.985E-3	-0.272	5.407E-2	0.277
9.159	-9.212E-3	-3.464E-3	9.842E-3	-5.484E-3	4.015E-4	5.498E-3	0.279	-0.106	0.299
9.176	-9.334E-3	-3.431E-3	9.945E-3	1.068E-2	-2.574E-4	1.069E-2	0.760	3.408E-2	0.761
9.193	-8.856E-3	-3.473E-3	9.513E-3	2.568E-2	2.686E-4	2.569E-2	0.351	0.135	0.376
9.209	-8.477E-3	-3.422E-3	9.142E-3	1.944E-2	5.082E-3	2.009E-2	-0.455	-2.393E-2	0.455
9.226	-8.207E-3	-3.303E-3	8.847E-3	1.077E-2	5.861E-4	1.078E-2	-0.233	-0.212	0.315
9.243	-8.118E-3	-3.402E-3	8.802E-3	9.947E-3	-4.377E-3	1.087E-2	-0.306	-0.140	0.337
9.259	-7.875E-3	-3.449E-3	8.598E-3	4.116E-3	-2.731E-3	4.939E-3	-0.303	0.104	0.320
9.276	-7.980E-3	-3.493E-3	8.712E-3	-4.097E-3	-1.292E-3	4.296E-3	9.238E-2	0.110	0.143
9.293	-8.012E-3	-3.492E-3	8.740E-3	7.911E-3	1.150E-3	7.994E-3	0.668	7.254E-2	0.672
9.309	-7.716E-3	-3.455E-3	8.455E-3	2.031E-2	1.368E-3	2.035E-2	0.473	-6.891E-2	0.478
9.326	-7.335E-3	-3.447E-3	8.104E-3	2.301E-2	-1.296E-3	2.304E-2	-6.635E-2	7.530E-2	0.100
9.343	-6.949E-3	-3.498E-3	7.780E-3	1.843E-2	2.668E-3	1.862E-2	-0.354	8.204E-3	0.354
9.359	-6.720E-3	-3.358E-3	7.512E-3	1.032E-2	1.824E-3	1.048E-2	0.198	-2.891E-2	0.200
9.376	-6.605E-3	-3.437E-3	7.446E-3	2.249E-2	-1.478E-3	2.254E-2	0.190	-0.121	0.225
9.393	-5.969E-3	-3.407E-3	6.873E-3	2.365E-2	-5.924E-5	2.365E-2			
9.409	-5.815E-3	-3.439E-3	6.756E-3						
