	mass B									
t	x	y	r	vx	vy	v	ax	ay	a	
0.000	-1.219E-4	5.920E-5	1.356E-4						
0.017	-8.736E-5	7.505E-5	1.152E-4	-5.311E-3	1.942E-3	5.655E-3			
0.033	-2.992E-4	1.240E-4	3.239E-4	-5.577E-3	1.165E-3	5.697E-3	0.104	-2.138E-2	0.106
0.050	-2.734E-4	1.139E-4	2.962E-4	1.277E-3	4.334E-4	1.348E-3	0.163	1.769E-2	0.164
0.067	-2.566E-4	1.385E-4	2.915E-4	-9.474E-4	2.200E-3	2.396E-3	-5.991E-2	8.035E-2	0.100
0.083	-3.050E-4	1.874E-4	3.580E-4	-1.451E-3	3.144E-3	3.463E-3	2.740E-2	-4.057E-2	4.896E-2
0.100	-3.050E-4	2.434E-4	3.902E-4	5.797E-4	1.123E-3	1.264E-3	-6.050E-2	-0.257	0.264
0.117	-2.857E-4	2.248E-4	3.635E-4	-2.929E-3	-5.490E-3	6.222E-3	-7.101E-2	-0.132	0.150
0.133	-4.027E-4	6.021E-5	4.072E-4	-3.536E-3	-4.910E-3	6.051E-3	4.868E-2	0.106	0.117
0.150	-4.037E-4	6.100E-5	4.083E-4	2.312E-4	9.624E-5	2.504E-4	0.217	0.172	0.277
0.167	-3.950E-4	6.342E-5	4.001E-4	2.944E-3	1.298E-4	2.947E-3	2.381E-2	7.544E-3	2.498E-2
0.184	-3.055E-4	6.533E-5	3.124E-4	2.138E-3	3.087E-4	2.160E-3	-7.747E-2	-7.746E-3	7.786E-2
0.200	-3.237E-4	7.372E-5	3.320E-4	-9.327E-4	8.587E-7	9.327E-4	8.711E-3	-6.176E-2	6.237E-2
0.217	-3.366E-4	6.536E-5	3.429E-4	2.472E-3	-1.745E-3	3.026E-3	1.680E-2	1.978E-2	2.595E-2
0.234	-2.412E-4	1.548E-5	2.417E-4	1.181E-3	-4.358E-5	1.182E-3	-0.139	9.888E-3	0.139
0.250	-2.972E-4	6.390E-5	3.040E-4	-3.852E-3	1.617E-5	3.852E-3	-0.132	6.541E-2	0.148
0.267	-3.697E-4	1.602E-5	3.701E-4	-2.927E-3	4.229E-4	2.958E-3	8.603E-2	-4.453E-2	9.687E-2
0.284	-3.949E-4	7.801E-5	4.025E-4	-6.299E-4	3.626E-4	7.268E-4	9.468E-2	4.216E-2	0.104
0.300	-3.907E-4	2.812E-5	3.917E-4	2.757E-4	-2.279E-5	2.766E-4	9.455E-2	-7.243E-2	0.119
0.317	-3.857E-4	7.725E-5	3.933E-4	2.145E-3	-2.682E-4	2.161E-3	7.495E-3	-6.294E-2	6.339E-2
0.334	-3.192E-4	1.917E-5	3.198E-4	1.415E-3	-3.467E-3	3.745E-3	-4.917E-2	-0.246	0.251
0.350	-3.385E-4	-3.843E-5	3.406E-4	-5.762E-4	-7.438E-3	7.460E-3	-7.754E-2	-3.528E-2	8.519E-2
0.367	-3.384E-4	-2.290E-4	4.086E-4	-5.593E-4	-6.490E-3	6.514E-3	-8.239E-2	-2.882E-2	8.729E-2
0.384	-3.571E-4	-2.550E-4	4.388E-4	-3.263E-3	-5.813E-3	6.666E-3	-4.691E-2	-0.215	0.220
0.400	-4.473E-4	-4.229E-4	6.156E-4	-2.999E-3	-1.490E-2	1.520E-2	0.243	-0.528	0.582
0.417	-4.572E-4	-7.520E-4	8.801E-4	5.038E-3	-2.365E-2	2.418E-2	0.303	-0.420	0.518
0.434	-2.792E-4	-1.212E-3	1.244E-3	8.659E-3	-2.912E-2	3.038E-2	-0.100	0.125	0.161
0.450	-1.683E-4	-1.724E-3	1.732E-3	1.099E-3	-2.077E-2	2.080E-2	-0.270	0.152	0.310
0.467	-2.425E-4	-1.905E-3	1.920E-3	-1.998E-3	-1.972E-2	1.982E-2	-0.116	-4.267E-3	0.117
0.484	-2.349E-4	-2.382E-3	2.393E-3	-1.076E-3	-2.532E-2	2.534E-2	-0.118	-0.492	0.506
0.501	-2.784E-4	-2.750E-3	2.764E-3	-6.210E-3	-3.245E-2	3.304E-2	-7.502E-2	-0.479	0.485
0.517	-4.422E-4	-3.465E-3	3.493E-3	-5.069E-3	-4.451E-2	4.480E-2	0.550	-0.317	0.635
0.534	-4.475E-4	-4.235E-3	4.259E-3	1.223E-2	-4.255E-2	4.427E-2	0.235	0.583	0.628
0.551	-3.410E-5	-4.884E-3	4.884E-3	8.059E-3	-2.568E-2	2.692E-2	-0.408	0.610	0.734
0.567	-1.786E-4	-5.092E-3	5.095E-3	-8.034E-3	-1.811E-2	1.981E-2	-0.347	6.108E-2	0.352
0.584	-3.022E-4	-5.489E-3	5.497E-3	-1.744E-3	-2.673E-2	2.679E-2	0.245	2.601E-2	0.246
0.601	-2.368E-4	-5.984E-3	5.989E-3	1.951E-3	-1.883E-2	1.893E-2	0.112	0.293	0.314
0.617	-2.371E-4	-6.117E-3	6.122E-3	5.486E-4	-1.274E-2	1.275E-2	-0.154	-2.939E-2	0.157
0.634	-2.185E-4	-6.409E-3	6.413E-3	-2.261E-3	-2.207E-2	2.219E-2	0.160	-0.280	0.322
0.651	-3.125E-4	-6.854E-3	6.861E-3	3.526E-3	-2.320E-2	2.347E-2	1.878E-2	-6.224E-3	1.978E-2
0.667	-1.009E-4	-7.183E-3	7.184E-3	2.868E-3	-2.054E-2	2.073E-2	-0.159	0.102	0.189
0.684	-2.168E-4	-7.539E-3	7.542E-3	-6.023E-3	-2.062E-2	2.148E-2	-0.427	-0.325	0.537
0.701	-3.018E-4	-7.871E-3	7.877E-3	-9.143E-3	-2.967E-2	3.105E-2	0.223	-0.261	0.344
0.717	-5.219E-4	-8.529E-3	8.545E-3	-1.536E-3	-3.312E-2	3.316E-2	0.335	-6.843E-2	0.342
0.734	-3.531E-4	-8.976E-3	8.983E-3	6.461E-3	-2.852E-2	2.925E-2	0.118	0.104	0.158
0.751	-3.063E-4	-9.481E-3	9.486E-3	9.254E-5	-3.092E-2	3.092E-2	-0.303	-9.945E-2	0.319
0.767	-3.500E-4	-1.001E-2	1.001E-2	-3.734E-3	-3.178E-2	3.200E-2	6.983E-2	-3.900E-2	7.998E-2
0.784	-4.309E-4	-1.054E-2	1.055E-2	1.574E-3	-3.214E-2	3.218E-2	6.588E-2	-1.806E-2	6.832E-2
0.801	-2.975E-4	-1.108E-2	1.108E-2	1.401E-3	-3.241E-2	3.244E-2	2.067E-2	0.101	0.103
0.817	-3.842E-4	-1.162E-2	1.163E-2	-1.120E-3	-2.923E-2	2.925E-2	-3.732E-2	0.234	0.237
0.834	-3.349E-4	-1.206E-2	1.206E-2	2.348E-3	-2.397E-2	2.408E-2	-0.131	-0.182	0.224
0.851	-3.058E-4	-1.242E-2	1.243E-2	-5.239E-3	-3.352E-2	3.393E-2	-0.330	-0.578	0.665
0.868	-5.097E-4	-1.317E-2	1.318E-2	-1.079E-2	-4.662E-2	4.785E-2	-0.473	-8.695E-2	0.481
0.884	-6.658E-4	-1.398E-2	1.399E-2	-1.833E-2	-3.682E-2	4.113E-2	3.108E-2	0.146	0.149
0.901	-1.121E-3	-1.440E-2	1.445E-2	-1.437E-2	-3.670E-2	3.941E-2	0.183	2.460E-2	0.184
0.918	-1.145E-3	-1.520E-2	1.525E-2	-6.529E-3	-4.170E-2	4.221E-2	0.328	-0.310	0.451
0.934	-1.339E-3	-1.579E-2	1.585E-2	-7.343E-3	-4.265E-2	4.328E-2	-0.110	2.160E-2	0.112
0.951	-1.390E-3	-1.663E-2	1.668E-2	-7.599E-3	-4.465E-2	4.529E-2	0.250	4.832E-2	0.254
0.968	-1.593E-3	-1.728E-2	1.736E-2	-2.328E-3	-3.866E-2	3.873E-2	0.179	4.855E-2	0.185
0.984	-1.468E-3	-1.792E-2	1.798E-2	2.529E-3	-4.282E-2	4.289E-2	-0.151	-0.110	0.187
1.001	-1.508E-3	-1.871E-2	1.877E-2	-9.208E-3	-4.436E-2	4.530E-2	-0.558	-0.214	0.597
1.018	-1.775E-3	-1.940E-2	1.948E-2	-1.715E-2	-4.735E-2	5.036E-2	-0.278	-0.218	0.353
1.034	-2.081E-3	-2.029E-2	2.040E-2	-1.791E-2	-5.394E-2	5.683E-2	9.730E-3	-3.973E-2	4.090E-2
1.051	-2.373E-3	-2.120E-2	2.133E-2	-1.666E-2	-4.859E-2	5.137E-2	0.332	0.590	0.677
1.068	-2.637E-3	-2.191E-2	2.207E-2	-7.785E-3	-3.395E-2	3.483E-2	0.234	0.447	0.505
1.084	-2.632E-3	-2.233E-2	2.248E-2	-5.806E-3	-3.097E-2	3.150E-2	0.135	0.136	0.192
1.101	-2.830E-3	-2.295E-2	2.312E-2	-6.880E-3	-3.305E-2	3.376E-2	-4.469E-5	1.739E-2	1.739E-2
1.118	-2.862E-3	-2.343E-2	2.360E-2	-3.317E-3	-2.842E-2	2.862E-2	-0.236	0.210	0.316
1.134	-2.941E-3	-2.390E-2	2.408E-2	-1.447E-2	-2.663E-2	3.031E-2	-0.451	0.326	0.557
1.151	-3.345E-3	-2.432E-2	2.455E-2	-2.136E-2	-1.828E-2	2.811E-2	-0.372	-0.262	0.455
1.168	-3.654E-3	-2.451E-2	2.478E-2	-2.391E-2	-3.073E-2	3.893E-2	0.295	-0.570	0.642
1.185	-4.142E-3	-2.534E-2	2.568E-2	-1.544E-2	-4.471E-2	4.731E-2	0.194	-0.166	0.256
1.201	-4.169E-3	-2.600E-2	2.633E-2	-1.130E-2	-3.279E-2	3.469E-2	0.181	0.475	0.508
1.218	-4.520E-3	-2.644E-2	2.682E-2	-1.502E-2	-2.769E-2	3.150E-2	-7.104E-2	6.997E-2	9.971E-2
1.235	-4.670E-3	-2.692E-2	2.732E-2	-1.037E-2	-3.137E-2	3.304E-2	0.321	3.345E-2	0.322
1.251	-4.866E-3	-2.749E-2	2.791E-2	-6.331E-3	-2.794E-2	2.864E-2	-0.166	0.266	0.313
1.268	-4.881E-3	-2.785E-2	2.828E-2	-1.253E-2	-2.067E-2	2.417E-2	-0.249	0.142	0.287
1.285	-5.284E-3	-2.818E-2	2.867E-2	-1.942E-2	-2.309E-2	3.017E-2	-0.305	-6.336E-2	0.311
1.301	-5.529E-3	-2.862E-2	2.915E-2	-1.907E-2	-2.442E-2	3.098E-2	0.232	-3.345E-3	0.232
1.318	-5.920E-3	-2.899E-2	2.959E-2	-1.483E-2	-2.195E-2	2.649E-2	7.353E-2	-2.905E-2	7.906E-2
1.335	-6.024E-3	-2.936E-2	2.997E-2	-1.262E-2	-2.527E-2	2.825E-2	0.245	-0.211	0.323
1.351	-6.341E-3	-2.983E-2	3.050E-2	-1.087E-2	-2.977E-2	3.169E-2	0.175	-0.223	0.284
1.368	-6.386E-3	-3.035E-2	3.101E-2	-3.443E-3	-3.238E-2	3.257E-2	-0.179	-1.219E-3	0.179
1.385	-6.456E-3	-3.091E-2	3.158E-2	-1.645E-2	-3.052E-2	3.467E-2	-0.145	4.377E-2	0.152
1.401	-6.935E-3	-3.137E-2	3.213E-2	-1.382E-2	-2.946E-2	3.254E-2	-5.161E-2	0.362	0.366
1.418	-6.917E-3	-3.190E-2	3.264E-2	-1.050E-2	-2.107E-2	2.354E-2	0.175	0.544	0.572
1.435	-7.286E-3	-3.207E-2	3.289E-2	-1.451E-2	-8.261E-3	1.670E-2	-0.183	0.126	0.222
1.451	-7.401E-3	-3.217E-2	3.301E-2	-1.204E-2	-1.629E-2	2.026E-2	-0.126	-0.303	0.329
1.468	-7.687E-3	-3.261E-2	3.351E-2	-2.075E-2	-2.223E-2	3.041E-2	-0.314	0.149	0.348
1.485	-8.094E-3	-3.291E-2	3.389E-2	-2.302E-2	-9.806E-3	2.502E-2	0.368	0.504	0.624
1.502	-8.455E-3	-3.294E-2	3.401E-2	-9.335E-3	-3.453E-3	9.953E-3	0.420	-3.011E-3	0.420
1.518	-8.405E-3	-3.303E-2	3.408E-2	-4.576E-3	-1.078E-2	1.171E-2	-0.162	-0.617	0.637
1.535	-8.608E-3	-3.330E-2	3.440E-2	-1.785E-2	-2.423E-2	3.010E-2	-0.397	-0.408	0.570
1.552	-9.001E-3	-3.384E-2	3.501E-2	-1.902E-2	-2.665E-2	3.274E-2	-7.340E-2	-0.128	0.147
1.568	-9.243E-3	-3.419E-2	3.542E-2	-1.774E-2	-2.522E-2	3.083E-2	0.237	-0.312	0.392
1.585	-9.593E-3	-3.468E-2	3.598E-2	-1.371E-2	-3.778E-2	4.019E-2	0.184	-0.147	0.236
1.602	-9.700E-3	-3.545E-2	3.675E-2	-8.738E-3	-3.379E-2	3.490E-2	0.111	0.226	0.252
1.618	-9.884E-3	-3.581E-2	3.715E-2	-1.161E-2	-2.493E-2	2.750E-2	-5.457E-2	0.142	0.152
1.635	-1.009E-2	-3.628E-2	3.766E-2	-1.062E-2	-3.148E-2	3.322E-2	-0.151	-0.233	0.277
1.652	-1.024E-2	-3.686E-2	3.825E-2	-1.524E-2	-3.316E-2	3.650E-2	-0.180	-0.234	0.296
1.668	-1.060E-2	-3.739E-2	3.886E-2	-1.898E-2	-3.772E-2	4.223E-2	-0.217	-0.197	0.293
1.685	-1.087E-2	-3.812E-2	3.964E-2	-2.036E-2	-4.179E-2	4.649E-2	0.120	0.303	0.326
1.702	-1.128E-2	-3.878E-2	4.039E-2	-1.739E-2	-2.802E-2	3.298E-2	0.206	0.774	0.801
1.718	-1.145E-2	-3.905E-2	4.070E-2	-1.093E-2	-1.317E-2	1.711E-2	0.148	0.473	0.495
1.735	-1.164E-2	-3.922E-2	4.091E-2	-1.325E-2	-1.283E-2	1.844E-2	-0.232	-0.352	0.421
1.752	-1.189E-2	-3.948E-2	4.123E-2	-1.869E-2	-2.466E-2	3.094E-2	6.915E-2	-0.407	0.413
1.768	-1.226E-2	-4.005E-2	4.188E-2	-1.297E-2	-2.941E-2	3.214E-2	0.455	-0.287	0.538
1.785	-1.233E-2	-4.046E-2	4.230E-2	-8.131E-4	-3.073E-2	3.074E-2	0.177	-0.248	0.305
1.802	-1.229E-2	-4.107E-2	4.287E-2	-6.325E-3	-3.964E-2	4.014E-2	-0.426	-0.181	0.462
1.818	-1.254E-2	-4.178E-2	4.362E-2	-1.747E-2	-3.750E-2	4.137E-2	-0.274	0.171	0.323
1.835	-1.287E-2	-4.232E-2	4.424E-2	-1.565E-2	-3.209E-2	3.571E-2	0.118	0.156	0.195
1.852	-1.306E-2	-4.285E-2	4.480E-2	-1.178E-2	-3.281E-2	3.486E-2	0.113	-9.318E-2	0.146
1.869	-1.327E-2	-4.342E-2	4.540E-2	-1.267E-2	-3.532E-2	3.752E-2	-0.131	-0.256	0.288
1.885	-1.348E-2	-4.403E-2	4.605E-2	-1.575E-2	-4.104E-2	4.396E-2	0.124	-0.408	0.427
1.902	-1.379E-2	-4.479E-2	4.686E-2	-1.046E-2	-4.935E-2	5.044E-2	9.735E-2	0.187	0.211
1.919	-1.383E-2	-4.568E-2	4.773E-2	-8.856E-3	-3.763E-2	3.866E-2	0.211	0.381	0.436
1.935	-1.409E-2	-4.604E-2	4.815E-2	-7.534E-3	-3.031E-2	3.123E-2	-3.564E-2	0.350	0.351
1.952	-1.408E-2	-4.669E-2	4.877E-2	-5.983E-3	-3.167E-2	3.223E-2	1.202E-2	-5.137E-2	5.275E-2
1.969	-1.429E-2	-4.710E-2	4.922E-2	-1.032E-2	-2.824E-2	3.007E-2	0.137	0.300	0.330
1.985	-1.443E-2	-4.763E-2	4.977E-2	-1.017E-3	-2.477E-2	2.479E-2	0.110	0.340	0.358
2.002	-1.432E-2	-4.793E-2	5.002E-2	-3.428E-3	-1.471E-2	1.510E-2	-0.172	-0.223	0.282
2.019	-1.454E-2	-4.812E-2	5.027E-2	-1.091E-2	-2.985E-2	3.178E-2	0.108	-0.794	0.802
2.035	-1.469E-2	-4.892E-2	5.108E-2	8.764E-4	-4.691E-2	4.692E-2	0.523	-8.313E-3	0.523
2.052	-1.451E-2	-4.969E-2	5.176E-2	9.117E-3	-2.962E-2	3.099E-2	0.122	0.809	0.818
2.069	-1.438E-2	-4.991E-2	5.194E-2	3.796E-3	-1.512E-2	1.559E-2	-0.298	0.416	0.512
2.085	-1.439E-2	-5.019E-2	5.221E-2	-1.610E-3	-1.838E-2	1.845E-2	-0.159	-0.392	0.424
2.102	-1.444E-2	-5.052E-2	5.255E-2	-1.523E-3	-2.729E-2	2.733E-2	0.225	-0.171	0.283
2.119	-1.444E-2	-5.110E-2	5.310E-2	5.684E-3	-2.712E-2	2.771E-2	3.635E-2	4.901E-2	6.102E-2
2.135	-1.425E-2	-5.143E-2	5.336E-2	2.425E-3	-2.203E-2	2.216E-2	-8.572E-2	-2.318E-3	8.575E-2
2.152	-1.436E-2	-5.184E-2	5.379E-2	-1.336E-3	-2.847E-2	2.850E-2	-4.942E-3	-0.198	0.199
2.169	-1.429E-2	-5.238E-2	5.429E-2	4.918E-3	-2.976E-2	3.017E-2	8.060E-2	0.131	0.154
2.186	-1.419E-2	-5.283E-2	5.470E-2	1.508E-3	-2.336E-2	2.341E-2	-3.538E-2	1.664E-3	3.542E-2
2.202	-1.424E-2	-5.316E-2	5.503E-2	1.690E-3	-2.780E-2	2.786E-2	2.818E-2	0.113	0.116
2.219	-1.414E-2	-5.376E-2	5.559E-2	4.617E-3	-2.420E-2	2.463E-2	1.343E-2	0.137	0.138
2.236	-1.409E-2	-5.397E-2	5.577E-2	1.259E-3	-1.786E-2	1.790E-2	-2.230E-2	-0.255	0.256
2.252	-1.409E-2	-5.436E-2	5.615E-2	3.109E-3	-3.441E-2	3.455E-2	7.844E-2	-0.579	0.585
2.269	-1.398E-2	-5.511E-2	5.686E-2	5.330E-3	-4.028E-2	4.063E-2	7.322E-2	5.843E-2	9.368E-2
2.286	-1.392E-2	-5.570E-2	5.741E-2	4.577E-3	-3.013E-2	3.048E-2	-0.119	0.637	0.648
2.302	-1.383E-2	-5.612E-2	5.780E-2	2.156E-3	-1.918E-2	1.931E-2	-4.243E-2	4.014E-2	5.840E-2
2.319	-1.384E-2	-5.634E-2	5.802E-2	1.834E-3	-2.599E-2	2.605E-2	-3.967E-2	-0.538	0.540
2.336	-1.377E-2	-5.699E-2	5.863E-2	2.341E-3	-4.128E-2	4.134E-2	7.732E-2	-0.475	0.482
2.352	-1.377E-2	-5.772E-2	5.934E-2	3.002E-3	-4.113E-2	4.124E-2	-0.148	0.464	0.488
2.369	-1.367E-2	-5.836E-2	5.994E-2	-5.690E-4	-2.638E-2	2.638E-2	0.104	0.490	0.501
2.386	-1.378E-2	-5.860E-2	6.020E-2	2.829E-3	-2.078E-2	2.097E-2	-9.955E-2	-1.429E-2	0.101
2.402	-1.357E-2	-5.905E-2	6.059E-2	1.429E-3	-3.003E-2	3.007E-2	4.676E-2	-0.805	0.806
2.419	-1.374E-2	-5.960E-2	6.116E-2	-1.410E-3	-4.567E-2	4.569E-2	-6.584E-2	-0.276	0.284
2.436	-1.362E-2	-6.058E-2	6.209E-2	3.692E-3	-4.453E-2	4.468E-2	0.288	0.110	0.309
2.452	-1.361E-2	-6.108E-2	6.258E-2	5.369E-3	-3.545E-2	3.585E-2	0.101	0.500	0.510
2.469	-1.344E-2	-6.176E-2	6.320E-2	9.115E-3	-3.238E-2	3.364E-2	0.311	0.123	0.334
2.486	-1.331E-2	-6.217E-2	6.357E-2	1.384E-2	-2.786E-2	3.111E-2	1.770E-2	0.278	0.279
2.503	-1.298E-2	-6.269E-2	6.402E-2	1.259E-2	-2.600E-2	2.889E-2	-3.239E-2	1.646E-2	3.633E-2
2.519	-1.289E-2	-6.303E-2	6.434E-2	9.309E-3	-2.471E-2	2.641E-2	-0.307	1.153E-2	0.307
2.536	-1.267E-2	-6.351E-2	6.476E-2	5.566E-3	-2.769E-2	2.824E-2	9.262E-2	-0.515	0.523
2.553	-1.270E-2	-6.396E-2	6.521E-2	8.201E-3	-3.920E-2	4.005E-2	2.228E-2	-2.404E-3	2.241E-2
2.569	-1.240E-2	-6.482E-2	6.600E-2	1.135E-2	-3.405E-2	3.589E-2	-2.344E-3	0.154	0.154
2.586	-1.233E-2	-6.509E-2	6.625E-2	4.576E-3	-2.582E-2	2.623E-2	-0.303	0.335	0.451
2.603	-1.224E-2	-6.568E-2	6.681E-2	2.684E-3	-2.904E-2	2.917E-2	-0.122	2.608E-2	0.124
2.619	-1.224E-2	-6.606E-2	6.719E-2	-9.367E-5	-2.192E-2	2.192E-2	-7.274E-2	-0.133	0.152
2.636	-1.225E-2	-6.641E-2	6.753E-2	2.888E-4	-3.251E-2	3.251E-2	3.601E-2	-0.390	0.392
2.653	-1.223E-2	-6.715E-2	6.825E-2	1.421E-3	-3.901E-2	3.904E-2	5.212E-2	0.119	0.130
2.669	-1.220E-2	-6.772E-2	6.881E-2	1.913E-3	-2.658E-2	2.665E-2	-1.211E-2	0.551	0.552
2.686	-1.216E-2	-6.803E-2	6.911E-2	1.211E-3	-1.916E-2	1.920E-2	0.230	6.470E-2	0.239
2.703	-1.216E-2	-6.835E-2	6.943E-2	8.134E-3	-2.473E-2	2.604E-2	0.259	-0.306	0.400
2.719	-1.189E-2	-6.886E-2	6.988E-2	1.272E-2	-3.082E-2	3.334E-2	0.252	-0.203	0.324
2.736	-1.173E-2	-6.938E-2	7.037E-2	1.383E-2	-3.096E-2	3.391E-2	-0.107	-4.706E-2	0.117
2.753	-1.143E-2	-6.989E-2	7.082E-2	1.182E-2	-3.197E-2	3.408E-2	-0.283	-6.518E-2	0.291
2.769	-1.134E-2	-7.045E-2	7.136E-2	2.329E-3	-3.360E-2	3.368E-2	-5.154E-2	1.318E-2	5.319E-2
2.786	-1.135E-2	-7.101E-2	7.191E-2	8.800E-3	-3.167E-2	3.287E-2	0.113	-1.565E-2	0.114
2.803	-1.105E-2	-7.151E-2	7.235E-2	1.036E-2	-3.300E-2	3.459E-2	-0.165	0.318	0.358
2.819	-1.101E-2	-7.211E-2	7.295E-2	3.016E-5	-2.410E-2	2.410E-2	-0.325	0.161	0.363
2.836	-1.105E-2	-7.231E-2	7.315E-2	-3.325E-4	-2.213E-2	2.214E-2	0.195	5.387E-2	0.202
2.853	-1.102E-2	-7.285E-2	7.368E-2	6.739E-3	-2.772E-2	2.852E-2	0.396	-0.278	0.484
2.870	-1.082E-2	-7.323E-2	7.403E-2	1.375E-2	-2.786E-2	3.107E-2	0.111	0.168	0.201
2.886	-1.056E-2	-7.378E-2	7.453E-2	1.098E-2	-2.529E-2	2.757E-2	-0.118	-0.277	0.301
2.903	-1.045E-2	-7.408E-2	7.481E-2	7.936E-3	-3.221E-2	3.317E-2	-0.250	-0.151	0.292
2.920	-1.029E-2	-7.486E-2	7.556E-2	4.539E-3	-3.691E-2	3.719E-2	-7.090E-2	1.271E-2	7.203E-2
2.936	-1.030E-2	-7.531E-2	7.601E-2	3.311E-3	-2.697E-2	2.717E-2	-0.126	0.349	0.371
2.953	-1.018E-2	-7.576E-2	7.644E-2	2.804E-3	-2.662E-2	2.677E-2	0.140	-8.780E-2	0.165
2.970	-1.021E-2	-7.620E-2	7.688E-2	5.192E-3	-2.947E-2	2.992E-2	1.227E-3	4.744E-2	4.745E-2
2.986	-1.001E-2	-7.674E-2	7.739E-2	6.228E-3	-2.673E-2	2.744E-2	-9.451E-2	-8.852E-2	0.129
3.003	-1.000E-2	-7.709E-2	7.774E-2	-4.377E-4	-2.919E-2	2.919E-2	-4.386E-2	-8.378E-2	9.456E-2
3.020	-1.002E-2	-7.771E-2	7.836E-2	4.485E-3	-3.326E-2	3.356E-2	9.319E-2	0.139	0.167
3.036	-9.852E-3	-7.820E-2	7.882E-2	5.207E-3	-2.309E-2	2.367E-2	3.019E-3	0.138	0.138
3.053	-9.850E-3	-7.848E-2	7.910E-2	2.010E-3	-2.621E-2	2.629E-2	-9.783E-2	-0.133	0.165
3.070	-9.785E-3	-7.907E-2	7.968E-2	3.316E-3	-3.156E-2	3.173E-2	-6.967E-2	-0.161	0.175
3.086	-9.740E-3	-7.954E-2	8.013E-2	-3.358E-4	-2.898E-2	2.898E-2	-0.133	0.152	0.202
3.103	-9.796E-3	-8.004E-2	8.064E-2	-2.076E-3	-2.774E-2	2.782E-2	-3.383E-2	0.154	0.158
3.120	-9.809E-3	-8.046E-2	8.106E-2	-6.800E-4	-2.322E-2	2.323E-2	6.388E-2	-0.257	0.265
3.136	-9.818E-3	-8.082E-2	8.141E-2	-1.567E-4	-3.425E-2	3.425E-2	-2.170E-2	-0.192	0.193
3.153	-9.814E-3	-8.161E-2	8.219E-2	-1.107E-3	-3.534E-2	3.535E-2	-8.428E-2	-3.124E-2	8.988E-2
3.170	-9.855E-3	-8.200E-2	8.259E-2	-3.299E-3	-2.918E-2	2.936E-2	0.123	0.479	0.495
3.187	-9.924E-3	-8.258E-2	8.317E-2	2.078E-3	-2.425E-2	2.434E-2	8.814E-2	0.196	0.215
3.203	-9.786E-3	-8.280E-2	8.338E-2	2.377E-3	-1.808E-2	1.824E-2	3.199E-2	-0.153	0.156
3.220	-9.845E-3	-8.318E-2	8.376E-2	5.878E-5	-3.100E-2	3.100E-2	-7.547E-2	-0.452	0.458
3.237	-9.784E-3	-8.384E-2	8.441E-2	1.968E-3	-3.545E-2	3.550E-2	-0.207	-0.199	0.287
3.253	-9.779E-3	-8.437E-2	8.493E-2	-6.829E-3	-3.486E-2	3.552E-2	-0.144	0.193	0.241
3.270	-1.001E-2	-8.500E-2	8.559E-2	-5.792E-3	-3.146E-2	3.199E-2	0.150	0.207	0.255
3.287	-9.972E-3	-8.542E-2	8.600E-2	1.616E-3	-2.546E-2	2.552E-2	0.274	-7.131E-3	0.274
3.303	-9.958E-3	-8.585E-2	8.643E-2	1.840E-3	-3.203E-2	3.208E-2	-1.641E-2	0.109	0.111
3.320	-9.911E-3	-8.648E-2	8.705E-2	1.622E-3	-2.519E-2	2.525E-2	1.899E-2	2.058	2.059
3.337	-9.904E-3	-8.669E-2	8.726E-2	1.800E-3	3.441E-2	3.446E-2	-0.230	5.173	5.178
3.353	-9.851E-3	-8.534E-2	8.590E-2	-4.423E-3	0.149	0.149	-0.199	5.201	5.205
3.370	-1.005E-2	-8.171E-2	8.233E-2	-7.802E-3	0.220	0.220	-0.114	3.136	3.138
3.387	-1.011E-2	-7.799E-2	7.864E-2	-5.651E-3	0.242	0.242	0.143	1.611	1.617
3.403	-1.024E-2	-7.362E-2	7.433E-2	-4.665E-3	0.277	0.277	-0.530	3.185	3.229
3.420	-1.027E-2	-6.875E-2	6.951E-2	-1.961E-2	0.343	0.344	-0.593	3.612	3.660
3.437	-1.089E-2	-6.218E-2	6.313E-2	-3.098E-2	0.408	0.409	-0.526	2.795	2.844
3.453	-1.130E-2	-5.515E-2	5.629E-2	-3.166E-2	0.432	0.433	-0.467	1.104	1.199
3.470	-1.195E-2	-4.778E-2	4.925E-2	-4.826E-2	0.445	0.448	-0.278	0.339	0.438
3.487	-1.291E-2	-4.030E-2	4.232E-2	-4.442E-2	0.443	0.445	0.451	-0.726	0.855
3.504	-1.343E-2	-3.299E-2	3.562E-2	-2.851E-2	0.421	0.422	0.437	-1.062	1.148
3.520	-1.386E-2	-2.625E-2	2.968E-2	-3.029E-2	0.404	0.405	0.625	-0.438	0.764
3.537	-1.444E-2	-1.952E-2	2.428E-2	-1.253E-2	0.408	0.408	0.562	0.717	0.911
3.554	-1.428E-2	-1.263E-2	1.907E-2	-2.725E-3	0.427	0.427	0.367	-4.487E-2	0.370
3.570	-1.453E-2	-5.270E-3	1.546E-2	-8.069E-3	0.414	0.414	0.203	-0.558	0.594
3.587	-1.455E-2	1.177E-3	1.460E-2	6.797E-3	0.397	0.397	0.630	-0.464	0.782
3.604	-1.431E-2	7.981E-3	1.638E-2	1.417E-2	0.406	0.406	0.379	-0.218	0.437
3.620	-1.408E-2	1.471E-2	2.036E-2	1.768E-2	0.390	0.390	-0.177	-0.746	0.766
3.637	-1.372E-2	2.098E-2	2.507E-2	1.091E-2	0.377	0.377	-0.352	-0.438	0.562
3.654	-1.371E-2	2.729E-2	3.054E-2	2.105E-3	0.377	0.377	-0.471	-0.384	0.608
3.670	-1.365E-2	3.358E-2	3.624E-2	-1.938E-3	0.365	0.365	-8.102E-2	-0.643	0.648
3.687	-1.378E-2	3.948E-2	4.182E-2	-3.188E-3	0.353	0.353	8.652E-2	-0.802	0.807
3.704	-1.375E-2	4.535E-2	4.739E-2	2.891E-3	0.341	0.341	-7.926E-2	-0.594	0.599
3.720	-1.368E-2	5.088E-2	5.268E-2	-4.766E-3	0.330	0.330	-0.107	-0.458	0.470
3.737	-1.391E-2	5.638E-2	5.807E-2	-4.792E-3	0.328	0.328	-0.119	-0.321	0.342
3.754	-1.384E-2	6.181E-2	6.335E-2	-3.696E-3	0.320	0.320	0.179	-0.521	0.550
3.770	-1.404E-2	6.706E-2	6.851E-2	-3.584E-3	0.310	0.310	-0.105	1.102E-2	0.106
3.787	-1.396E-2	7.215E-2	7.349E-2	-2.713E-3	0.318	0.318	3.281E-2	-0.343	0.345
3.804	-1.413E-2	7.767E-2	7.895E-2	-6.250E-3	0.306	0.306	-0.126	-0.741	0.752
3.820	-1.417E-2	8.237E-2	8.358E-2	-4.528E-3	0.284	0.284	0.226	-0.655	0.693
3.837	-1.428E-2	8.715E-2	8.831E-2	-6.538E-4	0.288	0.288	2.467E-2	3.839E-2	4.564E-2
3.854	-1.419E-2	9.199E-2	9.308E-2	-8.755E-4	0.286	0.286	-8.367E-2	-0.177	0.196
3.871	-1.431E-2	9.669E-2	9.775E-2	-6.140E-3	0.281	0.281	-0.264	-0.523	0.586
3.887	-1.440E-2	0.101	0.102	-8.182E-3	0.270	0.271	2.013E-2	-0.660	0.661
3.904	-1.458E-2	0.106	0.107	-6.984E-3	0.257	0.257	0.119	-0.472	0.486
3.921	-1.463E-2	0.110	0.111	-2.688E-3	0.255	0.255	0.112	-0.319	0.338
3.937	-1.467E-2	0.114	0.115	-3.609E-3	0.248	0.248	-0.152	-8.618E-2	0.175
3.954	-1.475E-2	0.118	0.119	-7.712E-3	0.248	0.248	3.021E-2	-0.489	0.490
3.971	-1.493E-2	0.123	0.123	-4.201E-3	0.238	0.238	8.086E-2	-0.439	0.447
3.987	-1.489E-2	0.126	0.127	-2.121E-3	0.226	0.226	-2.165E-2	-0.416	0.416
4.004	-1.500E-2	0.130	0.131	-7.023E-3	0.229	0.229	-0.200	-0.179	0.269
4.021	-1.512E-2	0.134	0.135	-8.216E-3	0.219	0.219	0.370	-0.547	0.660
4.037	-1.527E-2	0.137	0.138	3.435E-3	0.210	0.210	0.151	-0.327	0.361
4.054	-1.501E-2	0.141	0.142	2.359E-3	0.208	0.208	-0.224	-0.209	0.306
4.071	-1.519E-2	0.144	0.145	-9.796E-3	0.204	0.205	-0.363	8.499E-2	0.372
4.087	-1.534E-2	0.148	0.148	-7.607E-3	0.208	0.209	0.124	-7.720E-2	0.146
4.104	-1.545E-2	0.151	0.152	-5.695E-3	0.207	0.207	0.277	-0.394	0.482
4.121	-1.553E-2	0.155	0.155	9.752E-4	0.192	0.192	8.317E-2	-0.383	0.392
4.137	-1.541E-2	0.158	0.158	-4.153E-4	0.193	0.193	-0.150	-0.391	0.419
4.154	-1.554E-2	0.161	0.162	-6.944E-3	0.183	0.183	-0.212	-2.570E-2	0.213
4.171	-1.565E-2	0.164	0.165	-6.318E-3	0.184	0.185	-5.168E-2	-0.100	0.113
4.188	-1.575E-2	0.167	0.168	-8.422E-3	0.189	0.189	0.236	-0.152	0.281
4.204	-1.593E-2	0.170	0.171	-5.106E-4	0.174	0.174	0.290	-0.829	0.879
4.221	-1.577E-2	0.173	0.174	5.096E-3	0.163	0.163	-2.029E-2	-0.646	0.646
4.238	-1.576E-2	0.176	0.176	-3.338E-3	0.151	0.151	-0.352	0.245	0.429
4.254	-1.588E-2	0.178	0.179	-7.165E-3	0.168	0.168	2.517E-2	-4.597E-2	5.241E-2
4.271	-1.600E-2	0.181	0.182	-2.535E-3	0.161	0.161	0.107	-0.259	0.280
4.288	-1.596E-2	0.183	0.184	-1.807E-3	0.146	0.146	0.168	2.182E-3	0.168
4.304	-1.606E-2	0.186	0.187	4.817E-4	0.168	0.168	1.962E-2	7.430E-2	7.684E-2
4.321	-1.595E-2	0.189	0.190	1.793E-3	0.152	0.152	-0.115	-0.742	0.751
4.338	-1.600E-2	0.191	0.192	-5.254E-3	0.134	0.135	-0.118	-0.319	0.340
4.354	-1.612E-2	0.193	0.194	-2.800E-3	0.146	0.146	-0.145	0.300	0.333
4.371	-1.609E-2	0.196	0.197	-7.117E-3	0.145	0.146	8.034E-2	0.183	0.200
4.388	-1.636E-2	0.198	0.199	-4.992E-3	0.149	0.149	-1.837E-2	9.652E-2	9.825E-2
4.404	-1.626E-2	0.201	0.202	-2.053E-3	0.152	0.152	0.368	-0.370	0.522
4.421	-1.643E-2	0.203	0.204	1.622E-3	0.136	0.136	-2.948E-2	-0.645	0.646
4.438	-1.620E-2	0.205	0.206	3.054E-3	0.127	0.127	-0.166	-3.190E-2	0.169
4.454	-1.633E-2	0.208	0.208	-8.472E-3	0.137	0.137	-0.321	-0.342	0.469
4.471	-1.649E-2	0.210	0.211	-6.830E-3	0.120	0.120	-0.185	-0.706	0.730
4.488	-1.655E-2	0.212	0.212	-1.255E-2	0.105	0.106	-0.128	-8.388E-2	0.153
4.505	-1.690E-2	0.213	0.214	-1.476E-2	0.121	0.122	5.562E-2	0.338	0.343
4.521	-1.705E-2	0.216	0.216	-7.838E-3	0.119	0.120	0.169	-6.960E-2	0.183
4.538	-1.717E-2	0.217	0.218	-9.443E-3	0.114	0.114	0.149	-0.379	0.407
4.555	-1.736E-2	0.219	0.220	-4.661E-3	0.111	0.111	-9.951E-3	8.639E-2	8.696E-2
4.571	-1.732E-2	0.221	0.222	-6.172E-3	0.112	0.112	0.118	0.184	0.218
4.588	-1.757E-2	0.223	0.224	-5.545E-3	0.121	0.121	-0.300	-4.322E-2	0.303
4.605	-1.751E-2	0.225	0.226	-1.030E-2	0.111	0.111	0.146	-0.483	0.504
4.621	-1.791E-2	0.227	0.228	-8.284E-3	0.102	0.102	0.269	-0.238	0.360
4.638	-1.778E-2	0.229	0.229	5.582E-3	0.104	0.104	0.398	0.257	0.474
4.655	-1.773E-2	0.230	0.231	2.252E-3	0.110	0.110	-0.624	-0.264	0.678
4.671	-1.771E-2	0.232	0.233	-1.323E-2	9.889E-2	9.977E-2	-0.327	0.141	0.356
4.688	-1.817E-2	0.234	0.234	-1.447E-2	0.106	0.107	-0.276	-8.783E-2	0.290
4.705	-1.819E-2	0.236	0.237	-1.476E-2	0.108	0.109	0.298	-3.723E-2	0.300
4.721	-1.866E-2	0.237	0.238	-1.246E-2	9.435E-2	9.517E-2	6.519E-2	-0.527	0.531
4.738	-1.861E-2	0.239	0.240	-5.019E-3	9.663E-2	9.676E-2	0.482	8.049E-2	0.489
4.755	-1.883E-2	0.240	0.241	-2.501E-3	9.386E-2	9.390E-2	-7.246E-2	0.172	0.187
4.771	-1.869E-2	0.242	0.243	-1.761E-3	0.103	0.103	-3.089E-2	-0.377	0.378
4.788	-1.889E-2	0.244	0.245	-8.406E-3	8.603E-2	8.644E-2	-0.210	-0.577	0.614
4.805	-1.897E-2	0.245	0.246	-6.210E-3	7.455E-2	7.481E-2	0.404	-7.037E-2	0.410
4.821	-1.909E-2	0.246	0.247	2.804E-3	8.996E-2	9.000E-2	0.118	0.270	0.295
4.838	-1.888E-2	0.248	0.249	2.322E-3	8.416E-2	8.419E-2	-0.367	-0.160	0.400
4.855	-1.902E-2	0.249	0.250	-1.324E-2	8.066E-2	8.174E-2	2.686E-2	9.269E-2	9.651E-2
4.872	-1.932E-2	0.251	0.251	6.570E-4	8.974E-2	8.974E-2	0.248	9.905E-2	0.267
4.888	-1.899E-2	0.252	0.253	3.396E-3	8.522E-2	8.528E-2	-0.158	-0.492	0.517
4.905	-1.920E-2	0.254	0.254	-1.198E-2	7.145E-2	7.245E-2	-0.257	-0.243	0.353
4.922	-1.939E-2	0.255	0.255	-3.760E-3	7.518E-2	7.527E-2	0.627	0.275	0.685
4.938	-1.933E-2	0.256	0.257	1.010E-2	8.431E-2	8.491E-2	-0.214	-0.349	0.409
4.955	-1.906E-2	0.257	0.258	-6.845E-3	6.473E-2	6.509E-2	-0.581	-0.408	0.710
4.972	-1.956E-2	0.258	0.259	-1.848E-2	6.287E-2	6.553E-2	-0.389	7.922E-2	0.397
4.988	-1.967E-2	0.260	0.260	-1.239E-2	7.564E-2	7.665E-2	0.290	0.457	0.541
5.005	-1.997E-2	0.261	0.261	-1.279E-2	7.400E-2	7.510E-2	9.201E-2	-0.295	0.309
5.022	-2.010E-2	0.262	0.263	-7.136E-3	6.843E-2	6.880E-2	0.415	-0.711	0.823
5.038	-2.021E-2	0.263	0.264	-4.025E-4	4.908E-2	4.908E-2	0.312	0.268	0.411
5.055	-2.011E-2	0.264	0.264	5.088E-3	7.075E-2	7.093E-2	-0.520	3.106	3.149
5.072	-2.004E-2	0.265	0.266	-1.595E-2	0.156	0.157	-0.504	1.544	1.624
5.088	-2.065E-2	0.269	0.270	-1.980E-2	0.142	0.144	-0.113	-1.683	1.687
5.105	-2.070E-2	0.270	0.271	-1.103E-2	7.365E-2	7.447E-2	0.501	-2.714	2.759
5.122	-2.101E-2	0.271	0.272	-9.024E-3	6.199E-2	6.264E-2	0.489	-0.399	0.631
5.138	-2.100E-2	0.272	0.273	8.092E-3	5.711E-2	5.768E-2	0.527	-0.206	0.566
5.155	-2.074E-2	0.273	0.274	1.008E-2	5.841E-2	5.928E-2	-3.596E-2	-1.202E-2	3.791E-2
5.172	-2.067E-2	0.274	0.275	4.329E-3	5.496E-2	5.513E-2	-0.520	-0.470	0.701
5.189	-2.060E-2	0.275	0.276	-5.267E-3	4.476E-2	4.507E-2	-0.602	-0.283	0.665
5.205	-2.084E-2	0.276	0.276	-1.789E-2	4.154E-2	4.523E-2	6.235E-2	-0.123	0.138
5.222	-2.120E-2	0.276	0.277	-5.122E-3	4.474E-2	4.503E-2	0.125	5.188E-2	0.135
5.239	-2.101E-2	0.277	0.278	-6.190E-3	4.110E-2	4.156E-2	9.123E-2	-0.506	0.515
5.255	-2.140E-2	0.278	0.279	-1.105E-2	3.009E-2	3.205E-2	-0.362	1.733E-2	0.363
5.272	-2.138E-2	0.278	0.279	-1.060E-2	3.597E-2	3.750E-2	0.514	0.234	0.565
5.289	-2.176E-2	0.279	0.280	-1.978E-3	4.551E-2	4.555E-2	0.143	3.139E-2	0.147
5.305	-2.145E-2	0.280	0.280	3.827E-3	3.308E-2	3.330E-2	0.254	-0.636	0.685
5.322	-2.163E-2	0.280	0.281	-1.910E-3	2.453E-2	2.460E-2	-0.227	-6.018E-2	0.235
5.339	-2.151E-2	0.280	0.281	1.669E-3	2.945E-2	2.950E-2	7.816E-2	0.252	0.264
5.355	-2.157E-2	0.281	0.282	-2.316E-3	3.622E-2	3.629E-2	-0.137	-3.405E-3	0.137
5.372	-2.159E-2	0.282	0.282	-1.631E-3	2.841E-2	2.846E-2	-0.149	-0.677	0.693
5.389	-2.163E-2	0.282	0.283	-7.016E-3	1.350E-2	1.521E-2	-0.157	-0.317	0.353
5.405	-2.182E-2	0.282	0.283	-8.543E-3	1.467E-2	1.697E-2	0.211	-0.256	0.331
5.422	-2.191E-2	0.283	0.283	7.102E-4	1.111E-2	1.113E-2	0.244	-0.283	0.374
5.439	-2.180E-2	0.282	0.283	1.634E-3	-4.618E-4	1.698E-3	0.468	0.387	0.607
5.455	-2.186E-2	0.282	0.283	1.179E-2	2.348E-2	2.627E-2	0.362	0.572	0.677
5.472	-2.140E-2	0.283	0.284	1.988E-2	2.714E-2	3.364E-2	4.626E-3	-5.773E-3	7.398E-3
5.489	-2.119E-2	0.283	0.284	8.303E-3	1.424E-2	1.649E-2	-0.364	-0.496	0.615
5.506	-2.113E-2	0.284	0.285	7.091E-3	1.528E-2	1.684E-2	-0.129	-0.450	0.468
5.522	-2.096E-2	0.284	0.285	6.091E-3	-1.006E-3	6.174E-3	-0.106	-0.666	0.674
5.539	-2.092E-2	0.284	0.284	1.926E-3	-1.021E-2	1.039E-2	-0.128	-5.119E-2	0.138
5.556	-2.089E-2	0.284	0.284	2.320E-3	-1.064E-3	2.552E-3	-2.040E-3	0.282	0.282
5.572	-2.085E-2	0.284	0.284	2.086E-3	1.175E-3	2.394E-3	-5.069E-2	4.798E-2	6.979E-2
5.589	-2.082E-2	0.284	0.284	5.035E-4	-1.679E-3	1.753E-3	-3.289E-4	-8.913E-2	8.913E-2
5.606	-2.083E-2	0.284	0.284	1.622E-3	-8.380E-4	1.826E-3	1.821E-2	1.005E-2	2.080E-2
5.622	-2.077E-2	0.284	0.284	2.049E-3	-1.555E-3	2.572E-3	-4.536E-3	-1.537E-2	1.603E-2
5.639	-2.076E-2	0.284	0.284	6.894E-4	-1.476E-3	1.629E-3	-7.122E-3	-2.019E-2	2.141E-2
5.656	-2.075E-2	0.284	0.284	1.961E-3	-1.916E-3	2.741E-3	0.174	-0.170	0.243
5.672	-2.070E-2	0.283	0.284	6.274E-3	-6.898E-3	9.325E-3	-0.133	-0.101	0.167
5.689	-2.054E-2	0.283	0.284	-2.762E-4	-6.909E-3	6.914E-3	-2.981E-2	4.650E-2	5.523E-2
5.706	-2.071E-2	0.283	0.284	4.875E-4	-3.503E-3	3.537E-3	-1.833E-2	9.980E-2	0.101
5.722	-2.052E-2	0.283	0.284	4.487E-3	-4.330E-3	6.235E-3	7.057E-2	-0.142	0.158
5.739	-2.056E-2	0.283	0.284	-7.506E-4	-7.716E-3	7.753E-3	-0.227	0.117	0.256
5.756	-2.055E-2	0.283	0.284	-1.474E-3	-2.528E-3	2.926E-3	0.208	0.171	0.269
5.772	-2.061E-2	0.283	0.284	4.293E-3	1.480E-3	4.541E-3	2.055E-2	-6.235E-3	2.148E-2
5.789	-2.040E-2	0.283	0.284	3.051E-3	-4.915E-3	5.785E-3	-5.971E-2	-0.172	0.182
5.806	-2.050E-2	0.283	0.284	-1.996E-3	-4.540E-3	4.960E-3	-1.973E-2	3.923E-2	4.391E-2
5.822	-2.047E-2	0.283	0.284	4.498E-3	-2.590E-3	5.190E-3	8.155E-2	-0.438	0.446
5.839	-2.035E-2	0.283	0.284	1.609E-3	-1.754E-2	1.761E-2	-0.210	-0.546	0.585
5.856	-2.042E-2	0.282	0.283	-4.312E-3	-2.580E-2	2.616E-2	-9.846E-2	-6.889E-3	9.870E-2
5.873	-2.050E-2	0.282	0.283	-1.557E-3	-1.460E-2	1.468E-2	-1.185E-2	0.408	0.408
5.889	-2.047E-2	0.282	0.282	-2.989E-3	-1.142E-2	1.180E-2	-4.488E-2	-5.083E-2	6.780E-2
5.906	-2.060E-2	0.282	0.282	-5.252E-3	-1.696E-2	1.775E-2	0.118	-0.267	0.292
5.923	-2.064E-2	0.281	0.282	1.718E-3	-2.111E-2	2.118E-2	0.146	0.173	0.226
5.939	-2.054E-2	0.281	0.282	1.235E-3	-1.209E-2	1.215E-2	7.987E-2	0.412	0.420
5.956	-2.060E-2	0.281	0.282	1.576E-3	-4.386E-3	4.660E-3	-6.910E-3	0.117	0.117
5.973	-2.049E-2	0.281	0.281	3.677E-3	-9.517E-3	1.020E-2	7.001E-3	-0.115	0.115
5.989	-2.048E-2	0.280	0.281	1.873E-4	-9.467E-3	9.469E-3	-0.188	-0.334	0.383
6.006	-2.048E-2	0.280	0.281	-1.960E-3	-1.751E-2	1.762E-2	-4.758E-2	-0.598	0.600
6.023	-2.054E-2	0.280	0.281	-2.124E-3	-3.271E-2	3.278E-2	-6.359E-3	-0.304	0.304
6.039	-2.055E-2	0.279	0.280	-1.306E-3	-2.822E-2	2.825E-2	-2.557E-2	0.395	0.395
6.056	-2.059E-2	0.279	0.280	-3.301E-3	-1.713E-2	1.744E-2	0.641	0.362	0.736
6.073	-2.066E-2	0.279	0.279	1.684E-2	-1.616E-2	2.334E-2	0.692	9.966E-3	0.693
6.089	-2.003E-2	0.278	0.279	2.755E-2	-1.783E-2	3.282E-2	-0.512	-0.137	0.530
6.106	-1.974E-2	0.278	0.279	-3.395E-3	-2.001E-2	2.029E-2	-0.552	-0.304	0.630
6.123	-2.014E-2	0.278	0.278	1.249E-3	-2.794E-2	2.797E-2	3.047E-2	2.765E-2	4.115E-2
6.139	-1.970E-2	0.277	0.278	1.001E-2	-2.192E-2	2.410E-2	-0.117	-1.043E-2	0.117
6.156	-1.981E-2	0.277	0.278	-1.029E-2	-2.251E-2	2.475E-2	-0.350	3.959E-3	0.350
6.173	-2.004E-2	0.276	0.277	-2.237E-3	-2.784E-2	2.792E-2	0.441	-0.108	0.454
6.190	-1.988E-2	0.276	0.277	8.632E-3	-2.229E-2	2.390E-2	-5.193E-2	-6.115E-2	8.022E-2
6.206	-1.976E-2	0.276	0.276	-4.361E-3	-3.022E-2	3.053E-2	-0.524	-0.843	0.992
6.223	-2.003E-2	0.275	0.276	-1.255E-2	-5.026E-2	5.181E-2	-0.183	-0.442	0.478
6.240	-2.017E-2	0.274	0.275	-7.907E-3	-4.977E-2	5.039E-2	3.147E-2	0.417	0.418
6.256	-2.029E-2	0.273	0.274	-1.110E-2	-3.118E-2	3.310E-2	-6.195E-2	0.286	0.292
6.273	-2.055E-2	0.273	0.274	-1.184E-2	-3.904E-2	4.080E-2	6.878E-2	-0.289	0.297
6.290	-2.068E-2	0.272	0.273	-7.339E-3	-4.594E-2	4.652E-2	0.404	8.124E-3	0.404
6.306	-2.079E-2	0.271	0.272	4.576E-4	-3.593E-2	3.593E-2	-0.167	0.395	0.429
6.323	-2.067E-2	0.271	0.272	-8.818E-3	-3.227E-2	3.346E-2	-0.153	-0.491	0.514
6.340	-2.108E-2	0.270	0.271	-1.205E-2	-5.056E-2	5.198E-2	0.505	-0.179	0.536
6.356	-2.107E-2	0.269	0.270	1.237E-2	-4.635E-2	4.797E-2	6.493E-2	0.151	0.165
6.373	-2.067E-2	0.269	0.270	-4.371E-3	-3.519E-2	3.546E-2	-0.804	-0.392	0.895
6.390	-2.122E-2	0.268	0.269	-2.527E-2	-6.317E-2	6.804E-2	-0.318	-0.694	0.763
6.406	-2.151E-2	0.267	0.268	-9.958E-3	-6.406E-2	6.483E-2	0.380	0.591	0.703
6.423	-2.155E-2	0.266	0.267	-1.023E-2	-3.773E-2	3.909E-2	8.365E-2	0.214	0.230
6.440	-2.186E-2	0.265	0.266	-1.161E-2	-5.281E-2	5.407E-2	4.679E-2	-0.212	0.218
6.456	-2.194E-2	0.264	0.265	-5.460E-3	-5.646E-2	5.673E-2	6.517E-2	0.315	0.322
6.473	-2.204E-2	0.264	0.264	-1.003E-2	-3.291E-2	3.441E-2	-0.408	-0.224	0.466
6.490	-2.227E-2	0.263	0.264	-1.934E-2	-6.193E-2	6.488E-2	-9.275E-2	-0.320	0.333
6.507	-2.268E-2	0.261	0.262	-1.543E-2	-5.782E-2	5.985E-2	-0.115	-0.115	0.163
6.523	-2.279E-2	0.261	0.262	-1.805E-2	-4.766E-2	5.096E-2	0.272	0.699	0.750
6.540	-2.329E-2	0.260	0.261	-1.345E-2	-4.995E-2	5.173E-2	-3.858E-2	-0.839	0.840
6.557	-2.323E-2	0.259	0.260	-1.092E-2	-6.075E-2	6.172E-2	-0.155	-4.170E-2	0.161
6.573	-2.365E-2	0.258	0.259	-2.497E-2	-6.797E-2	7.241E-2	-0.141	3.851E-2	0.146
6.590	-2.407E-2	0.257	0.258	-1.507E-2	-4.644E-2	4.882E-2	3.028E-2	0.406	0.407
6.607	-2.415E-2	0.256	0.257	-1.910E-2	-5.855E-2	6.158E-2	-0.288	-0.653	0.714
6.623	-2.471E-2	0.255	0.256	-3.049E-2	-6.914E-2	7.556E-2	-8.651E-2	-0.416	0.425
6.640	-2.517E-2	0.254	0.255	-2.032E-2	-7.234E-2	7.514E-2	0.365	0.411	0.549
6.657	-2.538E-2	0.253	0.254	-1.606E-2	-5.709E-2	5.931E-2	1.055E-2	0.157	0.157
6.673	-2.571E-2	0.252	0.253	-2.167E-2	-6.019E-2	6.397E-2	-0.264	-0.533	0.595
6.690	-2.611E-2	0.251	0.252	-2.491E-2	-8.177E-2	8.548E-2	-0.120	-1.163E-2	0.120
6.707	-2.654E-2	0.249	0.251	-2.564E-2	-6.220E-2	6.728E-2	7.492E-2	0.115	0.137
6.723	-2.696E-2	0.249	0.250	-2.262E-2	-6.695E-2	7.067E-2	0.148	-0.192	0.242
6.740	-2.729E-2	0.247	0.249	-1.991E-2	-8.164E-2	8.403E-2	0.147	-1.657E-2	0.148
6.757	-2.763E-2	0.246	0.248	-1.838E-2	-6.095E-2	6.366E-2	-6.165E-2	0.519	0.523
6.773	-2.791E-2	0.245	0.247	-2.090E-2	-6.263E-2	6.602E-2	-0.157	0.230	0.278
6.790	-2.832E-2	0.244	0.246	-2.504E-2	-5.894E-2	6.403E-2	-0.248	-0.290	0.382
6.807	-2.874E-2	0.243	0.245	-2.813E-2	-6.455E-2	7.042E-2	-0.242	-0.235	0.338
6.823	-2.926E-2	0.242	0.244	-3.365E-2	-7.516E-2	8.235E-2	-3.346E-2	-0.244	0.246
6.840	-2.986E-2	0.241	0.242	-3.032E-2	-6.762E-2	7.410E-2	0.285	0.322	0.430
6.857	-3.027E-2	0.240	0.241	-2.246E-2	-6.604E-2	6.976E-2	-0.206	-0.171	0.267
6.874	-3.061E-2	0.238	0.240	-3.529E-2	-7.153E-2	7.976E-2	-0.213	-1.640	1.653
6.890	-3.145E-2	0.237	0.239	-3.614E-2	-0.118	0.123	-5.103E-2	-1.224	1.225
6.907	-3.182E-2	0.235	0.237	-2.974E-2	-0.127	0.130	0.295	1.310	1.342
6.924	-3.244E-2	0.233	0.235	-3.137E-2	-6.461E-2	7.182E-2	0.384	2.127	2.161
6.940	-3.287E-2	0.232	0.235	-1.550E-2	-4.837E-2	5.079E-2	-3.011E-2	1.738E-2	3.477E-2
6.957	-3.296E-2	0.231	0.234	-2.733E-2	-7.208E-2	7.709E-2	-0.311	-0.801	0.860
6.974	-3.378E-2	0.230	0.232	-3.541E-2	-7.565E-2	8.352E-2	-0.428	-0.251	0.497
6.990	-3.414E-2	0.229	0.231	-3.305E-2	-7.732E-2	8.409E-2	-9.678E-3	0.195	0.195
7.007	-3.488E-2	0.227	0.230	-4.131E-2	-7.290E-2	8.379E-2	0.376	0.154	0.406
7.024	-3.552E-2	0.226	0.229	-2.058E-2	-6.769E-2	7.075E-2	0.188	2.138E-2	0.190
7.040	-3.557E-2	0.225	0.228	-2.693E-2	-7.482E-2	7.952E-2	-0.136	-0.317	0.345
7.057	-3.642E-2	0.224	0.227	-3.660E-2	-7.797E-2	8.613E-2	-0.117	-0.371	0.390
7.074	-3.679E-2	0.223	0.226	-2.314E-2	-8.622E-2	8.927E-2	-0.137	-0.142	0.197
7.090	-3.719E-2	0.221	0.224	-4.109E-2	-8.568E-2	9.502E-2	-0.417	-0.177	0.453
7.107	-3.816E-2	0.220	0.223	-4.381E-2	-8.755E-2	9.790E-2	0.178	6.879E-2	0.191
7.124	-3.865E-2	0.218	0.221	-2.877E-2	-8.844E-2	9.301E-2	0.282	-3.250E-2	0.284
7.140	-3.912E-2	0.217	0.220	-3.519E-2	-8.417E-2	9.123E-2	-4.084E-2	0.385	0.387
7.157	-3.983E-2	0.215	0.219	-3.356E-2	-7.939E-2	8.619E-2	-0.214	0.276	0.349
7.174	-4.024E-2	0.214	0.218	-3.701E-2	-7.152E-2	8.053E-2	7.337E-2	-2.257E-3	7.340E-2
7.191	-4.106E-2	0.213	0.217	-3.756E-2	-8.010E-2	8.847E-2	-0.115	-0.565	0.577
7.207	-4.149E-2	0.211	0.215	-3.450E-2	-9.166E-2	9.794E-2	2.411E-2	-0.399	0.400
7.224	-4.221E-2	0.210	0.214	-4.119E-2	-9.390E-2	0.103	-8.409E-2	-0.305	0.316
7.241	-4.287E-2	0.208	0.213	-3.597E-2	-9.954E-2	0.106	0.238	0.524	0.575
7.257	-4.341E-2	0.206	0.211	-3.263E-2	-8.245E-2	8.867E-2	-0.384	-0.134	0.407
7.274	-4.396E-2	0.205	0.210	-4.714E-2	-9.108E-2	0.103	-7.314E-2	-0.164	0.179
7.291	-4.499E-2	0.203	0.208	-4.206E-2	-0.104	0.112	-3.539E-2	-0.300	0.302
7.307	-4.536E-2	0.202	0.207	-3.833E-2	-8.957E-2	9.743E-2	0.272	0.749	0.797
7.324	-4.626E-2	0.200	0.206	-4.209E-2	-8.517E-2	9.500E-2	-0.226	-1.370E-2	0.227
7.341	-4.676E-2	0.199	0.205	-3.884E-2	-8.467E-2	9.315E-2	0.271	-0.540	0.604
7.357	-4.756E-2	0.198	0.203	-3.865E-2	-0.106	0.113	-0.131	-0.159	0.206
7.374	-4.805E-2	0.196	0.201	-3.811E-2	-9.491E-2	0.102	0.293	0.616	0.682
7.391	-4.883E-2	0.194	0.200	-3.440E-2	-7.687E-2	8.422E-2	-0.253	-3.469E-2	0.256
7.407	-4.920E-2	0.193	0.199	-3.935E-2	-9.804E-2	0.106	-0.425	-0.857	0.957
7.424	-5.015E-2	0.191	0.198	-5.544E-2	-0.110	0.124	-0.185	-4.341E-2	0.190
7.441	-5.105E-2	0.189	0.196	-4.417E-2	-9.700E-2	0.107	0.402	0.185	0.442
7.457	-5.162E-2	0.188	0.195	-3.865E-2	-0.101	0.108	0.101	-0.107	0.147
7.474	-5.234E-2	0.186	0.193	-4.352E-2	-0.106	0.115	0.152	2.231E-2	0.153
7.491	-5.307E-2	0.184	0.192	-3.436E-2	-9.662E-2	0.103	0.162	0.264	0.310
7.508	-5.349E-2	0.183	0.190	-3.406E-2	-9.709E-2	0.103	-0.302	-0.338	0.453
7.524	-5.421E-2	0.181	0.189	-4.775E-2	-0.108	0.118	-0.279	0.123	0.305
7.541	-5.508E-2	0.179	0.187	-4.448E-2	-9.732E-2	0.107	0.185	0.263	0.322
7.558	-5.569E-2	0.178	0.186	-3.843E-2	-9.128E-2	9.904E-2	-8.034E-2	-0.300	0.310
7.574	-5.636E-2	0.176	0.185	-4.771E-2	-0.112	0.122	5.036E-2	-0.708	0.710
7.591	-5.728E-2	0.174	0.183	-4.072E-2	-0.116	0.123	-6.989E-3	4.258E-2	4.315E-2
7.608	-5.772E-2	0.172	0.182	-4.066E-2	-0.109	0.116	-4.081E-2	0.744	0.745
7.624	-5.864E-2	0.171	0.180	-4.914E-2	-9.309E-2	0.105	-7.584E-2	3.837E-2	8.500E-2
7.641	-5.936E-2	0.169	0.179	-3.989E-2	-0.101	0.109	0.340	-3.944E-2	0.342
7.658	-5.997E-2	0.167	0.178	-3.757E-2	-0.105	0.111	0.284	-0.671	0.729
7.674	-6.061E-2	0.166	0.176	-3.207E-2	-0.112	0.117	-0.379	-0.201	0.429
7.691	-6.104E-2	0.163	0.174	-4.539E-2	-0.123	0.131	-0.145	-0.291	0.326
7.708	-6.213E-2	0.162	0.173	-4.620E-2	-0.114	0.123	0.220	0.226	0.315
7.724	-6.258E-2	0.160	0.171	-2.947E-2	-0.119	0.122	0.185	0.208	0.278
7.741	-6.311E-2	0.158	0.170	-4.194E-2	-0.108	0.116	-0.227	-4.879E-2	0.232
7.758	-6.398E-2	0.156	0.169	-4.120E-2	-0.114	0.122	-4.062E-2	-0.145	0.151
7.774	-6.449E-2	0.154	0.167	-3.765E-2	-0.121	0.127	0.182	-0.108	0.211
7.791	-6.524E-2	0.152	0.165	-3.958E-2	-0.112	0.119	0.193	0.356	0.405
7.808	-6.581E-2	0.150	0.164	-2.929E-2	-0.112	0.116	0.159	-6.712E-2	0.173
7.824	-6.622E-2	0.148	0.162	-3.252E-2	-0.113	0.117	-0.323	-0.377	0.496
7.841	-6.689E-2	0.146	0.161	-4.275E-2	-0.124	0.132	1.972E-2	-0.373	0.373
7.858	-6.764E-2	0.144	0.159	-3.303E-2	-0.128	0.132	0.170	-4.809E-2	0.177
7.875	-6.800E-2	0.142	0.157	-3.184E-2	-0.123	0.127	0.184	0.141	0.232
7.891	-6.870E-2	0.140	0.156	-3.299E-2	-0.124	0.128	2.479E-2	-2.723E-2	3.682E-2
7.908	-6.910E-2	0.138	0.154	-2.634E-2	-0.124	0.127	-0.153	0.259	0.301
7.925	-6.958E-2	0.136	0.153	-3.889E-2	-0.116	0.123	-0.149	3.049E-2	0.152
7.941	-7.039E-2	0.134	0.151	-3.551E-2	-0.119	0.125	-0.190	-0.399	0.442
7.958	-7.077E-2	0.132	0.150	-3.791E-2	-0.133	0.139	0.181	-0.190	0.263
7.975	-7.166E-2	0.130	0.148	-3.793E-2	-0.127	0.132	9.435E-2	-0.120	0.152
7.991	-7.203E-2	0.128	0.147	-2.745E-2	-0.132	0.135	0.279	-0.231	0.362
8.008	-7.257E-2	0.125	0.145	-3.226E-2	-0.141	0.145	-0.224	-3.258E-2	0.227
8.025	-7.311E-2	0.123	0.143	-3.394E-2	-0.130	0.134	5.398E-2	0.584	0.587
8.041	-7.371E-2	0.121	0.142	-3.158E-2	-0.121	0.125	5.623E-2	0.187	0.196
8.058	-7.416E-2	0.119	0.140	-3.022E-2	-0.123	0.126	-0.120	-0.398	0.416
8.075	-7.472E-2	0.117	0.139	-3.648E-2	-0.135	0.140	-0.300	-0.548	0.625
8.091	-7.538E-2	0.114	0.137	-4.071E-2	-0.143	0.148	0.145	0.415	0.440
8.108	-7.607E-2	0.112	0.135	-3.262E-2	-0.123	0.127	0.539	0.432	0.690
8.125	-7.647E-2	0.110	0.134	-2.056E-2	-0.120	0.122	4.829E-2	-0.187	0.193
8.141	-7.676E-2	0.108	0.132	-2.961E-2	-0.137	0.140	-0.266	-0.636	0.690
8.158	-7.746E-2	0.106	0.131	-3.446E-2	-0.139	0.143	0.230	-2.553E-2	0.232
8.175	-7.791E-2	0.103	0.129	-1.918E-2	-0.139	0.140	0.321	-2.323E-2	0.322
8.192	-7.810E-2	0.101	0.128	-2.114E-2	-0.138	0.140	-0.479	-8.489E-2	0.486
8.208	-7.862E-2	9.874E-2	0.126	-3.807E-2	-0.142	0.147	-0.273	-0.252	0.371
8.225	-7.937E-2	9.632E-2	0.125	-3.265E-2	-0.147	0.150	0.312	0.281	0.420
8.242	-7.970E-2	9.384E-2	0.123	-2.270E-2	-0.135	0.137	3.644E-2	-8.813E-2	9.537E-2
8.258	-8.013E-2	9.182E-2	0.122	-3.288E-2	-0.142	0.146	-0.124	3.906E-2	0.130
8.275	-8.080E-2	8.909E-2	0.120	-3.010E-2	-0.144	0.147	0.163	0.260	0.307
8.292	-8.113E-2	8.700E-2	0.119	-2.294E-2	-0.125	0.127	-5.085E-2	1.466	1.467
8.308	-8.157E-2	8.491E-2	0.118	-3.319E-2	-0.102	0.107	-0.435	1.279	1.351
8.325	-8.224E-2	8.361E-2	0.117	-3.915E-2	-7.607E-2	8.556E-2	-0.292	1.303	1.335
8.342	-8.287E-2	8.237E-2	0.117	-4.118E-2	-6.262E-2	7.494E-2	-0.161	1.106	1.118
8.358	-8.361E-2	8.152E-2	0.117	-4.541E-2	-3.794E-2	5.918E-2	7.329E-2	1.074	1.076
8.375	-8.439E-2	8.111E-2	0.117	-3.960E-2	-2.476E-2	4.670E-2	0.660	0.211	0.693
8.392	-8.493E-2	8.070E-2	0.117	-2.267E-2	-3.171E-2	3.898E-2	0.819	-0.230	0.851
8.408	-8.514E-2	8.005E-2	0.117	-1.069E-2	-3.503E-2	3.663E-2	0.651	-0.230	0.691
8.425	-8.529E-2	7.953E-2	0.117	-2.663E-3	-3.653E-2	3.662E-2	0.257	-0.416	0.489
8.442	-8.523E-2	7.883E-2	0.116	-1.718E-4	-4.981E-2	4.981E-2	8.884E-2	-0.448	0.457
8.458	-8.530E-2	7.787E-2	0.115	-1.840E-3	-5.362E-2	5.365E-2	0.160	-0.197	0.254
8.475	-8.530E-2	7.704E-2	0.115	5.442E-3	-5.348E-2	5.375E-2	2.162E-2	-3.997E-2	4.544E-2
8.492	-8.511E-2	7.608E-2	0.114	1.495E-3	-5.681E-2	5.683E-2	-0.214	-0.233	0.317
8.509	-8.525E-2	7.515E-2	0.114	-5.493E-3	-5.993E-2	6.018E-2	-0.141	5.053E-2	0.150
8.525	-8.530E-2	7.408E-2	0.113	-1.434E-3	-5.725E-2	5.727E-2	0.150	-0.128	0.197
8.542	-8.529E-2	7.324E-2	0.112	-2.771E-4	-6.041E-2	6.041E-2	4.255E-2	-6.625E-2	7.873E-2
8.559	-8.531E-2	7.207E-2	0.112	-4.590E-4	-6.402E-2	6.402E-2	-0.168	-0.235	0.289
8.575	-8.531E-2	7.110E-2	0.111	-5.018E-3	-6.425E-2	6.445E-2	0.208	-0.163	0.264
8.592	-8.547E-2	6.992E-2	0.110	3.145E-3	-7.193E-2	7.200E-2	0.109	-0.414	0.428
8.609	-8.520E-2	6.870E-2	0.109	4.715E-3	-7.703E-2	7.717E-2	-2.773E-2	-0.310	0.311
8.625	-8.532E-2	6.735E-2	0.109	-3.417E-3	-8.283E-2	8.290E-2	-0.154	-1.972E-2	0.155
8.642	-8.532E-2	6.594E-2	0.108	1.915E-3	-7.865E-2	7.867E-2	0.159	0.479	0.505
8.659	-8.525E-2	6.473E-2	0.107	2.215E-3	-6.572E-2	6.575E-2	0.110	0.102	0.150
8.675	-8.524E-2	6.374E-2	0.106	4.300E-3	-7.233E-2	7.246E-2	-0.112	-0.356	0.373
8.692	-8.511E-2	6.232E-2	0.105	8.033E-4	-8.274E-2	8.274E-2	-0.300	-0.277	0.408
8.709	-8.522E-2	6.098E-2	0.105	-8.073E-3	-7.899E-2	7.941E-2	-5.199E-2	0.339	0.343
8.725	-8.538E-2	5.968E-2	0.104	-1.533E-3	-7.241E-2	7.243E-2	0.212	0.108	0.238
8.742	-8.527E-2	5.857E-2	0.103	2.202E-3	-7.298E-2	7.301E-2	0.198	-7.465E-2	0.211
8.759	-8.531E-2	5.724E-2	0.103	2.018E-3	-7.773E-2	7.775E-2	-0.136	-0.112	0.176
8.775	-8.520E-2	5.597E-2	0.102	3.508E-4	-7.548E-2	7.548E-2	-0.149	-0.246	0.288
8.792	-8.529E-2	5.473E-2	0.101	-5.308E-3	-8.454E-2	8.471E-2	-8.048E-2	8.590E-2	0.118
8.809	-8.538E-2	5.315E-2	0.101	-1.866E-3	-7.787E-2	7.789E-2	-9.350E-3	0.476	0.476
8.825	-8.536E-2	5.213E-2	0.100	-3.993E-3	-6.241E-2	6.254E-2	5.163E-2	7.840E-2	9.388E-2
8.842	-8.551E-2	5.107E-2	9.960E-2	-3.009E-3	-7.608E-2	7.614E-2	7.185E-2	-0.872	0.875
8.859	-8.546E-2	4.959E-2	9.880E-2	1.248E-3	-9.420E-2	9.420E-2	0.135	-0.343	0.369
8.876	-8.547E-2	4.793E-2	9.799E-2	-7.377E-5	-8.883E-2	8.883E-2	-1.871E-2	7.950E-2	8.167E-2
8.892	-8.546E-2	4.663E-2	9.735E-2	1.055E-3	-8.646E-2	8.647E-2	0.177	0.251	0.308
8.909	-8.543E-2	4.504E-2	9.658E-2	5.307E-3	-8.571E-2	8.588E-2	-0.177	0.196	0.264
8.926	-8.528E-2	4.377E-2	9.586E-2	-2.188E-3	-7.613E-2	7.616E-2	-0.205	0.160	0.260
8.942	-8.551E-2	4.250E-2	9.549E-2	-6.331E-3	-8.086E-2	8.111E-2	-0.119	-0.250	0.277
8.959	-8.549E-2	4.107E-2	9.484E-2	-2.066E-3	-8.598E-2	8.600E-2	0.130	-3.653E-2	0.135
8.976	-8.558E-2	3.963E-2	9.431E-2	-3.995E-3	-8.193E-2	8.203E-2	0.131	5.232E-2	0.141
8.992	-8.563E-2	3.833E-2	9.382E-2	2.263E-3	-8.243E-2	8.246E-2	0.107	-9.976E-2	0.146
9.009	-8.550E-2	3.688E-2	9.312E-2	1.772E-3	-8.712E-2	8.714E-2	-0.174	-0.369	0.409
9.026	-8.557E-2	3.543E-2	9.261E-2	-5.710E-3	-9.328E-2	9.346E-2	-0.118	-0.121	0.169
9.042	-8.569E-2	3.377E-2	9.211E-2	-2.526E-3	-9.365E-2	9.368E-2	-9.702E-3	0.205	0.205
9.059	-8.565E-2	3.230E-2	9.154E-2	-3.540E-3	-8.448E-2	8.455E-2	-0.185	0.158	0.243
9.076	-8.581E-2	3.095E-2	9.122E-2	-1.088E-2	-8.727E-2	8.795E-2	-9.771E-2	5.990E-2	0.115
9.092	-8.601E-2	2.939E-2	9.090E-2	-7.104E-3	-8.588E-2	8.618E-2	-0.104	0.356	0.371
9.109	-8.605E-2	2.809E-2	9.051E-2	-1.133E-2	-7.304E-2	7.391E-2	7.692E-2	0.372	0.380
9.126	-8.639E-2	2.695E-2	9.050E-2	-9.571E-3	-7.244E-2	7.307E-2	-0.119	0.513	0.527
9.142	-8.637E-2	2.567E-2	9.010E-2	-9.219E-3	-6.033E-2	6.103E-2	9.060E-2	0.352	0.364
9.159	-8.670E-2	2.494E-2	9.022E-2	-1.234E-2	-5.382E-2	5.522E-2	0.101	0.128	0.163
9.176	-8.678E-2	2.387E-2	9.000E-2	-2.402E-3	-6.168E-2	6.173E-2	0.201	0.127	0.238
9.193	-8.678E-2	2.288E-2	8.975E-2	-5.346E-3	-4.896E-2	4.925E-2	-0.449	0.160	0.477
9.209	-8.696E-2	2.224E-2	8.975E-2	-1.811E-2	-5.179E-2	5.486E-2	-0.248	3.283E-2	0.250
9.226	-8.738E-2	2.115E-2	8.991E-2	-1.637E-2	-5.463E-2	5.703E-2	5.646E-3	-0.187	0.187
9.243	-8.750E-2	2.042E-2	8.985E-2	-1.328E-2	-5.204E-2	5.371E-2	0.259	0.434	0.505
9.259	-8.783E-2	1.942E-2	8.995E-2	-1.192E-2	-4.589E-2	4.741E-2	3.075E-2	-0.537	0.538
9.276	-8.790E-2	1.888E-2	8.991E-2	-8.585E-3	-6.073E-2	6.133E-2	-9.257E-2	-0.387	0.398
9.293	-8.811E-2	1.739E-2	8.981E-2	-1.675E-2	-7.159E-2	7.352E-2	-0.227	-0.313	0.387
9.309	-8.846E-2	1.650E-2	8.998E-2	-1.715E-2	-6.089E-2	6.326E-2	3.979E-2	0.136	0.142
9.326	-8.869E-2	1.536E-2	9.001E-2	-1.384E-2	-7.125E-2	7.258E-2	0.208	-0.416	0.465
9.343	-8.892E-2	1.412E-2	9.003E-2	-1.119E-2	-7.459E-2	7.543E-2	0.329	0.300	0.446
9.359	-8.906E-2	1.287E-2	8.998E-2	-2.808E-3	-6.261E-2	6.267E-2	0.159	0.522	0.546
9.376	-8.901E-2	1.203E-2	8.982E-2	-3.767E-3	-5.324E-2	5.337E-2	-0.159	-0.519	0.543
9.393	-8.919E-2	1.109E-2	8.987E-2	-1.070E-2	-7.920E-2	7.992E-2	-0.231	-0.214	0.315
9.409	-8.937E-2	9.387E-3	8.986E-2	-1.074E-2	-7.104E-2	7.184E-2	-0.110	0.175	0.206
9.426	-8.954E-2	8.724E-3	8.997E-2	-1.372E-2	-5.848E-2	6.006E-2	-4.649E-2	0.488	0.490
9.443	-8.983E-2	7.436E-3	9.014E-2	-1.378E-2	-6.615E-2	6.757E-2	-8.331E-2	-1.974E-2	8.562E-2
9.459	-9.000E-2	6.517E-3	9.024E-2	-1.450E-2	-5.354E-2	5.547E-2	-1.876E-3	3.882E-2	3.887E-2
9.476	-9.031E-2	5.650E-3	9.049E-2	-1.585E-2	-6.422E-2	6.615E-2	0.165	-0.188	0.250
9.493	-9.053E-2	4.374E-3	9.064E-2	-8.348E-3	-6.516E-2	6.569E-2	-6.972E-2	0.251	0.260
9.510	-9.059E-2	3.476E-3	9.066E-2	-1.547E-2	-5.123E-2	5.352E-2	-0.165	0.744	0.762
9.526	-9.105E-2	2.664E-3	9.109E-2	-1.913E-2	-4.214E-2	4.628E-2	2.884E-2	0.659	0.660
9.543	-9.123E-2	2.070E-3	9.125E-2	-1.048E-2	-2.874E-2	3.059E-2	0.443	0.541	0.699
9.560	-9.140E-2	1.705E-3	9.141E-2	-6.019E-3	-2.290E-2	2.368E-2	0.125	0.446	0.463
9.576	-9.143E-2	1.306E-3	9.144E-2	-4.766E-3	-1.625E-2	1.694E-2	-0.238	0.836	0.870
9.593	-9.156E-2	1.163E-3	9.156E-2	-1.440E-2	5.375E-3	1.537E-2	-0.377	0.723	0.815
9.610	-9.191E-2	1.485E-3	9.192E-2	-1.918E-2	1.180E-2	2.252E-2	0.171	-0.217	0.276
9.626	-9.220E-2	1.557E-3	9.221E-2	-8.410E-3	-4.697E-3	9.633E-3	0.564	-0.803	0.982
9.643	-9.219E-2	1.328E-3	9.220E-2	1.665E-3	-1.616E-2	1.625E-2	5.455E-2	-0.176	0.184
9.660	-9.214E-2	1.018E-3	9.215E-2	-6.159E-3	-1.106E-2	1.266E-2	1.020E-2	0.806	0.806
9.676	-9.240E-2	9.592E-4	9.240E-2	-2.608E-3	1.115E-2	1.145E-2	0.171	1.290	1.301
9.693	-9.223E-2	1.390E-3	9.224E-2	5.180E-3	3.392E-2	3.432E-2	0.145	1.231	1.239
9.710	-9.222E-2	2.091E-3	9.225E-2	-8.275E-4	5.114E-2	5.115E-2	-0.243	0.476	0.534
9.726	-9.226E-2	3.096E-3	9.231E-2	-2.469E-3	5.236E-2	5.242E-2	3.180E-2	0.179	0.181
9.743	-9.231E-2	3.838E-3	9.239E-2	-1.679E-4	5.242E-2	5.242E-2	0.173	9.601E-2	0.198
9.760	-9.226E-2	4.845E-3	9.239E-2	3.992E-3	5.913E-2	5.927E-2	0.148	-0.149	0.210
9.776	-9.217E-2	5.811E-3	9.236E-2	4.822E-3	4.746E-2	4.770E-2	3.980E-2	-0.394	0.396
9.793	-9.210E-2	6.429E-3	9.232E-2	4.909E-3	4.240E-2	4.268E-2	-0.124	-7.175E-2	0.143
9.810	-9.201E-2	7.226E-3	9.229E-2	1.503E-3	4.806E-2	4.809E-2	-0.188	-0.207	0.279
9.826	-9.205E-2	8.032E-3	9.240E-2	-2.558E-3	3.650E-2	3.658E-2	7.200E-3	-0.448	0.448
9.843	-9.209E-2	8.444E-3	9.248E-2	1.674E-3	2.907E-2	2.912E-2	-2.857E-2	-0.484	0.485
9.860	-9.199E-2	9.002E-3	9.243E-2	-1.237E-3	2.456E-2	2.459E-2	4.954E-2	-0.276	0.281
9.877	-9.214E-2	9.263E-3	9.260E-2	-4.909E-4	1.654E-2	1.655E-2	-1.702E-4	-0.175	0.175
9.893	-9.201E-2	9.554E-3	9.251E-2	2.742E-3	1.990E-2	2.009E-2	2.238E-2	-5.365E-2	5.813E-2
9.910	-9.204E-2	9.927E-3	9.258E-2	-2.205E-3	1.620E-2	1.635E-2	-0.101	-0.354	0.368
9.927	-9.208E-2	1.009E-2	9.264E-2	-3.062E-4	6.480E-3	6.487E-3	7.729E-2	-0.491	0.497
9.943	-9.205E-2	1.014E-2	9.261E-2	1.107E-3	8.198E-5	1.110E-3	3.127E-2	-0.261	0.263
9.960	-9.205E-2	1.010E-2	9.260E-2	2.580E-4	-2.549E-3	2.562E-3	-5.422E-2	-8.456E-2	0.100
9.977	-9.205E-2	1.006E-2	9.259E-2	-5.517E-4	-2.285E-3	2.351E-3	-2.540E-2	7.131E-2	7.570E-2
9.993	-9.207E-2	1.002E-2	9.261E-2	-8.126E-4	-4.369E-4	9.226E-4	0.447	-7.974E-2	0.454
10.010	-9.207E-2	1.004E-2	9.262E-2	1.269E-2	-3.719E-3	1.322E-2	0.101	-0.120	0.157
10.027	-9.164E-2	9.897E-3	9.218E-2	8.699E-3	-6.466E-3	1.084E-2	-0.360	-8.345E-2	0.370
10.043	-9.178E-2	9.828E-3	9.231E-2	-6.373E-3	-4.994E-3	8.096E-3	-0.439	-0.177	0.473
10.060	-9.186E-2	9.731E-3	9.237E-2	-3.096E-3	-1.205E-2	1.244E-2	0.311	-0.465	0.559
10.077	-9.189E-2	9.426E-3	9.237E-2	3.326E-3	-2.166E-2	2.191E-2	0.157	-0.423	0.451
10.093	-9.174E-2	9.008E-3	9.219E-2	4.061E-3	-2.609E-2	2.641E-2	0.222	-0.268	0.348
10.110	-9.175E-2	8.555E-3	9.215E-2	7.604E-3	-3.000E-2	3.095E-2	0.138	-0.309	0.338
10.127	-9.149E-2	8.007E-3	9.184E-2	1.208E-2	-3.654E-2	3.848E-2	0.133	-9.087E-2	0.161
10.143	-9.135E-2	7.336E-3	9.164E-2	9.728E-3	-3.448E-2	3.583E-2	-6.625E-3	0.156	0.156
10.160	-9.117E-2	6.856E-3	9.142E-2	1.246E-2	-2.914E-2	3.169E-2	-9.063E-2	0.258	0.274
10.177	-9.093E-2	6.364E-3	9.115E-2	7.876E-3	-2.713E-2	2.825E-2	-0.192	0.165	0.253
10.194	-9.090E-2	5.951E-3	9.110E-2	3.773E-3	-2.314E-2	2.344E-2	-0.125	1.541E-2	0.126
10.210	-9.081E-2	5.592E-3	9.098E-2	5.257E-3	-2.587E-2	2.640E-2	3.171E-2	0.195	0.197
10.227	-9.073E-2	5.088E-3	9.087E-2	4.408E-3	-1.963E-2	2.012E-2	-4.381E-2	0.394	0.397
10.244	-9.066E-2	4.937E-3	9.079E-2	3.845E-3	-9.062E-3	9.843E-3	7.013E-2	0.395	0.401
10.260	-9.060E-2	4.786E-3	9.073E-2	6.308E-3	-8.101E-3	1.027E-2	-0.226	8.590E-2	0.242
10.277	-9.045E-2	4.667E-3	9.057E-2	-1.381E-3	-6.063E-3	6.219E-3	-0.270	-9.054E-2	0.284
10.294	-9.065E-2	4.583E-3	9.076E-2	-6.790E-3	-1.022E-2	1.227E-2	7.769E-2	-0.555	0.560
10.310	-9.068E-2	4.326E-3	9.078E-2	3.407E-3	-2.486E-2	2.510E-2	0.320	-0.472	0.570
10.327	-9.053E-2	3.754E-3	9.061E-2	5.138E-3	-2.871E-2	2.916E-2	4.632E-2	-4.841E-2	6.700E-2
10.344	-9.050E-2	3.368E-3	9.057E-2	3.046E-3	-2.348E-2	2.368E-2	-2.616E-2	0.219	0.221
10.360	-9.043E-2	2.970E-3	9.048E-2	5.042E-3	-2.250E-2	2.305E-2	0.321	-0.159	0.358
10.377	-9.034E-2	2.617E-3	9.037E-2	1.276E-2	-2.743E-2	3.025E-2	0.281	-0.188	0.338
10.394	-9.000E-2	2.055E-3	9.003E-2	1.678E-2	-3.113E-2	3.537E-2	-8.653E-2	0.339	0.350
10.410	-8.978E-2	1.579E-3	8.979E-2	8.714E-3	-1.624E-2	1.843E-2	-0.273	0.871	0.913
10.427	-8.971E-2	1.513E-3	8.973E-2	6.283E-3	4.493E-4	6.299E-3	-0.145	0.502	0.523
10.444	-8.957E-2	1.594E-3	8.958E-2	5.779E-3	6.091E-4	5.811E-3	-8.347E-2	-4.362E-2	9.418E-2
10.460	-8.952E-2	1.533E-3	8.953E-2	2.298E-3	-2.933E-3	3.726E-3	-4.302E-2	2.145E-2	4.807E-2
10.477	-8.949E-2	1.496E-3	8.950E-2	4.331E-3	1.574E-3	4.608E-3	0.158	9.987E-2	0.187
10.494	-8.938E-2	1.586E-3	8.939E-2	8.129E-3	1.898E-3	8.347E-3	0.106	2.646E-2	0.109
10.511	-8.922E-2	1.559E-3	8.923E-2	8.106E-3	5.926E-4	8.128E-3	-0.103	-3.126E-2	0.107
10.527	-8.911E-2	1.606E-3	8.912E-2	4.424E-3	2.086E-3	4.891E-3	0.118	0.291	0.314
10.544	-8.907E-2	1.629E-3	8.909E-2	1.043E-2	8.729E-3	1.360E-2	0.316	0.373	0.489
10.561	-8.876E-2	1.897E-3	8.878E-2	1.779E-2	1.665E-2	2.437E-2	8.132E-2	0.367	0.376
10.577	-8.848E-2	2.184E-3	8.850E-2	1.234E-2	1.974E-2	2.328E-2	-0.251	0.275	0.373
10.594	-8.835E-2	2.556E-3	8.838E-2	8.189E-3	2.595E-2	2.721E-2	-0.276	-0.151	0.314
10.611	-8.820E-2	3.050E-3	8.826E-2	4.482E-3	1.718E-2	1.775E-2	-4.053E-2	-0.570	0.572
10.627	-8.820E-2	3.129E-3	8.825E-2	4.962E-3	3.065E-3	5.832E-3	0.472	-0.589	0.755
10.644	-8.804E-2	3.152E-3	8.809E-2	2.055E-2	-8.487E-4	2.057E-2	0.323	-0.254	0.411
10.661	-8.751E-2	3.100E-3	8.757E-2	1.990E-2	-5.498E-3	2.065E-2	-5.122E-2	-0.272	0.277
10.677	-8.737E-2	2.969E-3	8.742E-2	1.322E-2	-9.985E-3	1.657E-2	-0.182	-0.312	0.362
10.694	-8.707E-2	2.767E-3	8.711E-2	1.709E-2	-1.567E-2	2.319E-2	-1.992E-2	0.250	0.251
10.711	-8.680E-2	2.446E-3	8.684E-2	1.208E-2	-4.480E-3	1.288E-2			
10.727	-8.667E-2	2.618E-3	8.671E-2						
