	mass C									
t	x	y	r	vx	vy	v	ax	ay	a	
0.000	-3.295E-4	-6.528E-4	7.312E-4						
0.017	-4.514E-4	-6.175E-4	7.649E-4	-4.823E-3	3.146E-3	5.758E-3			
0.033	-4.905E-4	-5.478E-4	7.353E-4	-2.689E-3	1.771E-3	3.220E-3	0.212	-8.963E-2	0.230
0.050	-5.411E-4	-5.584E-4	7.776E-4	1.198E-3	-6.755E-4	1.376E-3	1.369E-2	-2.251E-2	2.635E-2
0.067	-4.505E-4	-5.703E-4	7.268E-4	-1.733E-4	1.095E-3	1.109E-3	-0.118	-2.885E-2	0.122
0.083	-5.469E-4	-5.219E-4	7.559E-4	-5.052E-3	-6.136E-4	5.089E-3	-2.590E-3	2.987E-2	2.999E-2
0.100	-6.190E-4	-5.908E-4	8.557E-4	1.140E-4	2.086E-4	2.377E-4	0.218	-1.952E-2	0.219
0.117	-5.431E-4	-5.149E-4	7.484E-4	3.544E-3	9.862E-4	3.679E-3	-0.132	5.257E-2	0.142
0.133	-5.008E-4	-5.579E-4	7.497E-4	-4.244E-3	-3.759E-5	4.244E-3	-0.132	-0.111	0.173
0.150	-6.847E-4	-5.162E-4	8.575E-4	-3.699E-3	-9.958E-4	3.831E-3	5.212E-2	-0.126	0.136
0.167	-6.242E-4	-5.911E-4	8.597E-4	9.393E-4	-5.456E-3	5.537E-3	7.210E-2	-9.979E-2	0.123
0.184	-6.533E-4	-6.982E-4	9.562E-4	-2.936E-3	-4.391E-3	5.282E-3	-0.114	0.187	0.219
0.200	-7.222E-4	-7.377E-4	1.032E-3	-2.984E-3	1.006E-3	3.149E-3	0.142	0.218	0.260
0.217	-7.529E-4	-6.647E-4	1.004E-3	1.769E-3	3.667E-3	4.071E-3	-5.422E-2	-3.346E-2	6.371E-2
0.234	-6.632E-4	-6.153E-4	9.046E-4	-2.762E-3	-3.244E-4	2.781E-3	-4.482E-2	-0.134	0.142
0.250	-8.450E-4	-6.755E-4	1.082E-3	-3.610E-3	-1.896E-3	4.077E-3	0.231	0.117	0.259
0.267	-7.836E-4	-6.786E-4	1.037E-3	7.627E-3	3.945E-3	8.587E-3	0.220	0.118	0.250
0.284	-5.906E-4	-5.439E-4	8.029E-4	4.793E-3	3.611E-3	6.001E-3	-0.229	-8.820E-2	0.245
0.300	-6.237E-4	-5.581E-4	8.369E-4	-2.438E-3	-8.611E-4	2.586E-3	-0.165	-8.633E-2	0.186
0.317	-6.719E-4	-5.726E-4	8.828E-4	-2.377E-4	1.085E-3	1.111E-3	5.477E-2	6.530E-2	8.522E-2
0.334	-6.316E-4	-5.219E-4	8.193E-4	4.875E-4	2.024E-3	2.082E-3	9.821E-2	-9.793E-2	0.139
0.350	-6.556E-4	-5.051E-4	8.276E-4	1.666E-3	-2.283E-3	2.826E-3	-5.901E-2	-0.106	0.121
0.367	-5.760E-4	-5.981E-4	8.304E-4	3.178E-4	-2.721E-3	2.739E-3	-2.959E-2	8.554E-2	9.052E-2
0.384	-6.450E-4	-5.959E-4	8.781E-4	-1.425E-3	1.640E-3	2.173E-3	-6.046E-2	0.129	0.143
0.400	-6.236E-4	-5.433E-4	8.271E-4	-9.201E-5	1.812E-3	1.814E-3	4.695E-2	-8.552E-2	9.756E-2
0.417	-6.481E-4	-5.354E-4	8.407E-4	-7.433E-4	-1.525E-3	1.697E-3	7.657E-2	-0.118	0.141
0.434	-6.484E-4	-5.942E-4	8.795E-4	2.507E-3	-2.636E-3	3.638E-3	6.600E-2	-4.791E-2	8.156E-2
0.450	-5.645E-4	-6.234E-4	8.410E-4	2.446E-3	-2.480E-3	3.483E-3	6.008E-3	9.326E-3	1.109E-2
0.467	-5.668E-4	-6.770E-4	8.829E-4	1.390E-3	-2.730E-3	3.064E-3	4.275E-3	8.816E-2	8.826E-2
0.484	-5.181E-4	-7.145E-4	8.826E-4	3.335E-3	3.353E-4	3.352E-3	-2.136E-2	8.097E-2	8.374E-2
0.501	-4.555E-4	-6.658E-4	8.067E-4	9.742E-4	9.255E-4	1.344E-3	-6.808E-4	-6.714E-2	6.714E-2
0.517	-4.856E-4	-6.836E-4	8.385E-4	1.927E-3	-2.622E-3	3.253E-3	-6.187E-2	-1.978E-2	6.496E-2
0.534	-3.912E-4	-7.533E-4	8.488E-4	1.032E-3	-4.288E-4	1.118E-3	-0.129	0.120	0.177
0.551	-4.511E-4	-6.979E-4	8.310E-4	-4.161E-3	2.761E-3	4.994E-3	-3.573E-2	0.113	0.118
0.567	-5.301E-4	-6.611E-4	8.474E-4	-2.957E-4	2.578E-3	2.595E-3	0.128	-0.129	0.182
0.584	-4.610E-4	-6.119E-4	7.661E-4	1.800E-3	-8.157E-4	1.977E-3	0.130	-0.245	0.278
0.601	-4.700E-4	-6.884E-4	8.335E-4	2.336E-3	-6.472E-3	6.881E-3	2.082E-2	-3.297E-2	3.899E-2
0.617	-3.830E-4	-8.279E-4	9.122E-4	3.846E-3	-2.723E-3	4.712E-3	3.716E-2	0.284	0.287
0.634	-3.417E-4	-7.792E-4	8.508E-4	2.739E-3	4.645E-3	5.392E-3	-3.296E-2	0.230	0.232
0.651	-2.917E-4	-6.729E-4	7.334E-4	3.013E-3	4.847E-3	5.707E-3	0.190	-6.944E-2	0.202
0.667	-2.411E-4	-6.175E-4	6.629E-4	8.283E-3	1.854E-3	8.488E-3	-4.018E-2	-0.192	0.196
0.684	-1.530E-5	-6.110E-4	6.112E-4	4.467E-3	-1.490E-3	4.709E-3	-0.272	-0.133	0.303
0.701	-9.209E-5	-6.672E-4	6.735E-4	-4.199E-3	-2.980E-3	5.149E-3	-0.283	0.174	0.332
0.717	-1.554E-4	-7.104E-4	7.272E-4	-3.584E-3	3.785E-3	5.213E-3	0.216	-3.561E-2	0.219
0.734	-2.117E-4	-5.409E-4	5.809E-4	2.214E-3	-8.315E-4	2.365E-3	0.121	-5.566E-2	0.133
0.751	-8.156E-5	-7.382E-4	7.427E-4	2.747E-3	-3.336E-3	4.322E-3	-1.147E-2	-2.113E-4	1.147E-2
0.767	-1.200E-4	-6.522E-4	6.632E-4	-6.477E-4	3.406E-3	3.467E-3	-0.138	0.184	0.230
0.784	-1.032E-4	-6.245E-4	6.330E-4	-4.490E-4	1.173E-3	1.256E-3	4.255E-2	-9.499E-2	0.104
0.801	-1.350E-4	-6.131E-4	6.278E-4	-1.354E-4	3.887E-4	4.116E-4	2.124E-2	-6.298E-2	6.646E-2
0.817	-1.077E-4	-6.116E-4	6.210E-4	1.058E-3	-8.139E-4	1.335E-3	0.180	-6.322E-2	0.191
0.834	-9.972E-5	-6.403E-4	6.480E-4	4.832E-3	-1.910E-3	5.195E-3	0.128	-1.738E-2	0.129
0.851	5.353E-5	-6.753E-4	6.774E-4	6.966E-3	-1.416E-3	7.109E-3	-0.116	4.020E-2	0.123
0.868	1.327E-4	-6.875E-4	7.002E-4	3.425E-4	-3.944E-4	5.224E-4	-0.232	-4.493E-2	0.236
0.884	6.496E-5	-6.885E-4	6.915E-4	-2.013E-3	-2.559E-3	3.256E-3	3.584E-2	-5.335E-3	3.623E-2
0.901	6.556E-5	-7.729E-4	7.757E-4	2.413E-3	-1.802E-3	3.012E-3	-7.863E-2	0.220	0.233
0.918	1.455E-4	-7.486E-4	7.626E-4	-3.120E-3	5.486E-3	6.311E-3	6.490E-2	6.143E-2	8.936E-2
0.934	-3.854E-5	-5.899E-4	5.911E-4	3.531E-4	2.006E-3	2.036E-3	0.210	-0.246	0.324
0.951	1.573E-4	-6.816E-4	6.996E-4	8.698E-3	-5.462E-3	1.027E-2	0.108	-8.236E-2	0.136
0.968	2.517E-4	-7.721E-4	8.121E-4	1.999E-3	-3.788E-4	2.035E-3	-0.377	0.226	0.439
0.984	2.240E-4	-6.943E-4	7.295E-4	-4.141E-3	3.649E-3	5.520E-3	-0.164	9.526E-2	0.190
1.001	1.135E-4	-6.503E-4	6.602E-4	-4.026E-3	1.895E-3	4.450E-3	0.103	-0.113	0.153
1.018	8.963E-5	-6.311E-4	6.374E-4	1.681E-4	-1.510E-5	1.688E-4	0.200	-7.226E-3	0.200
1.034	1.191E-4	-6.508E-4	6.616E-4	2.606E-3	1.099E-3	2.829E-3	9.363E-2	-6.340E-2	0.113
1.051	1.766E-4	-5.944E-4	6.201E-4	3.321E-3	-7.239E-4	3.399E-3	-0.133	-2.576E-2	0.135
1.068	2.299E-4	-6.750E-4	7.131E-4	-1.333E-3	-1.707E-3	2.166E-3	-0.242	-1.286E-2	0.243
1.084	1.321E-4	-6.513E-4	6.646E-4	-6.019E-3	4.628E-4	6.037E-3	-0.272	0.127	0.300
1.101	2.909E-5	-6.595E-4	6.602E-4	-9.340E-3	1.531E-3	9.464E-3	5.763E-2	8.101E-2	9.942E-2
1.118	-1.795E-4	-6.003E-4	6.265E-4	-5.919E-3	3.839E-3	7.055E-3	0.419	-0.196	0.462
1.134	-1.684E-4	-5.314E-4	5.575E-4	6.172E-3	-4.047E-3	7.380E-3	0.288	-9.663E-2	0.304
1.151	2.641E-5	-7.353E-4	7.358E-4	5.240E-3	-3.068E-3	6.072E-3	-6.556E-2	-1.134E-2	6.653E-2
1.168	6.437E-6	-6.338E-4	6.338E-4	1.039E-3	1.979E-4	1.058E-3	-9.618E-2	9.938E-2	0.138
1.185	6.108E-5	-7.287E-4	7.312E-4	3.550E-3	-3.109E-3	4.719E-3	-6.035E-2	0.188	0.197
1.201	1.249E-4	-7.375E-4	7.480E-4	-5.854E-4	6.968E-3	6.993E-3	-0.143	6.572E-2	0.157
1.218	4.155E-5	-4.962E-4	4.979E-4	-2.821E-3	2.559E-3	3.809E-3	-9.083E-2	-0.176	0.198
1.235	3.078E-5	-6.521E-4	6.529E-4	-2.150E-3	-4.138E-3	4.663E-3	6.119E-2	-0.267	0.274
1.251	-3.018E-5	-6.342E-4	6.350E-4	-1.786E-3	-2.634E-3	3.183E-3	4.684E-2	0.151	0.158
1.268	-2.882E-5	-7.400E-4	7.406E-4	1.518E-4	-1.593E-3	1.600E-3	2.635E-2	5.687E-2	6.267E-2
1.285	-2.511E-5	-6.874E-4	6.879E-4	-9.819E-4	1.400E-3	1.710E-3	-5.815E-2	-1.838E-2	6.099E-2
1.301	-6.158E-5	-6.933E-4	6.960E-4	-2.148E-3	-3.007E-3	3.695E-3	4.829E-2	-1.713E-2	5.124E-2
1.318	-9.678E-5	-7.877E-4	7.937E-4	4.469E-4	-4.267E-4	6.179E-4	1.248E-2	0.199	0.199
1.335	-4.667E-5	-7.076E-4	7.091E-4	-5.052E-4	5.419E-3	5.443E-3	-2.364E-3	2.721E-3	3.605E-3
1.351	-1.136E-4	-6.069E-4	6.175E-4	-1.377E-3	-4.080E-5	1.377E-3	-0.116	-0.221	0.249
1.368	-9.260E-5	-7.089E-4	7.149E-4	-2.577E-3	-4.064E-3	4.812E-3	9.401E-2	-8.442E-2	0.126
1.385	-1.996E-4	-7.425E-4	7.689E-4	-5.512E-4	-1.481E-3	1.580E-3	5.445E-2	3.607E-2	6.531E-2
1.401	-1.110E-4	-7.583E-4	7.664E-4	1.945E-3	-2.744E-3	3.363E-3	9.650E-2	-0.127	0.159
1.418	-1.348E-4	-8.341E-4	8.449E-4	5.818E-4	-6.086E-3	6.114E-3	9.301E-3	-4.018E-2	4.124E-2
1.435	-9.158E-5	-9.614E-4	9.657E-4	3.219E-3	-4.690E-3	5.688E-3	8.081E-2	-0.196	0.212
1.451	-2.734E-5	-9.906E-4	9.909E-4	3.257E-3	-1.035E-2	1.085E-2	-0.251	-5.042E-2	0.256
1.468	1.709E-5	-1.307E-3	1.307E-3	-4.392E-3	-1.046E-2	1.135E-2	-0.274	-0.311	0.415
1.485	-1.739E-4	-1.340E-3	1.351E-3	-8.275E-3	-1.519E-2	1.730E-2	-0.306	-0.248	0.394
1.502	-2.590E-4	-1.813E-3	1.832E-3	-1.175E-2	-2.431E-2	2.700E-2	0.388	-0.166	0.422
1.518	-5.658E-4	-2.151E-3	2.224E-3	-2.755E-4	-1.800E-2	1.801E-2	0.439	0.618	0.758
1.535	-2.682E-4	-2.414E-3	2.429E-3	1.013E-2	-5.159E-3	1.137E-2	0.173	0.227	0.286
1.552	-2.277E-4	-2.323E-3	2.334E-3	9.197E-4	-6.050E-3	6.119E-3	-0.487	0.131	0.504
1.568	-2.375E-4	-2.616E-3	2.627E-3	-4.830E-3	-7.105E-3	8.592E-3	-0.393	-0.281	0.483
1.585	-3.889E-4	-2.560E-3	2.589E-3	-1.267E-2	-9.033E-3	1.556E-2	0.192	-0.407	0.450
1.602	-6.604E-4	-2.917E-3	2.991E-3	-1.034E-3	-2.517E-2	2.519E-2	0.444	-0.150	0.469
1.618	-4.234E-4	-3.400E-3	3.426E-3	7.916E-3	-1.529E-2	1.722E-2	0.131	0.167	0.212
1.635	-3.963E-4	-3.428E-3	3.450E-3	-3.684E-4	-1.347E-2	1.348E-2	-0.574	9.584E-3	0.574
1.652	-4.357E-4	-3.850E-3	3.874E-3	-9.836E-3	-2.092E-2	2.312E-2	-0.156	-0.235	0.282
1.668	-7.245E-4	-4.126E-3	4.189E-3	-8.656E-3	-1.815E-2	2.010E-2	0.248	0.108	0.271
1.685	-7.245E-4	-4.455E-3	4.514E-3	1.736E-3	-1.857E-2	1.865E-2	0.151	0.112	0.188
1.702	-6.665E-4	-4.745E-3	4.792E-3	-3.390E-3	-1.428E-2	1.468E-2	-4.711E-2	0.171	0.177
1.718	-8.376E-4	-4.932E-3	5.002E-3	-3.070E-3	-1.203E-2	1.242E-2	-0.139	-7.754E-2	0.159
1.735	-7.690E-4	-5.147E-3	5.204E-3	-3.847E-3	-1.697E-2	1.740E-2	0.229	-0.245	0.335
1.752	-9.659E-4	-5.498E-3	5.582E-3	-3.598E-4	-2.122E-2	2.122E-2	-2.394E-2	3.163E-2	3.966E-2
1.768	-7.810E-4	-5.855E-3	5.907E-3	1.177E-3	-1.613E-2	1.617E-2	0.179	0.270	0.324
1.785	-9.267E-4	-6.036E-3	6.107E-3	-9.418E-5	-1.072E-2	1.073E-2	3.976E-2	0.294	0.297
1.802	-7.841E-4	-6.212E-3	6.262E-3	6.657E-3	-7.471E-3	1.001E-2	0.124	-3.412E-2	0.129
1.818	-7.046E-4	-6.285E-3	6.325E-3	2.594E-3	-1.017E-2	1.050E-2	-0.569	-0.377	0.683
1.835	-6.976E-4	-6.552E-3	6.589E-3	-1.105E-2	-2.137E-2	2.406E-2	-0.403	-0.436	0.593
1.852	-1.073E-3	-6.998E-3	7.080E-3	-1.489E-2	-2.560E-2	2.962E-2	-0.116	-4.739E-2	0.125
1.869	-1.195E-3	-7.406E-3	7.502E-3	-1.061E-2	-2.217E-2	2.458E-2	0.147	0.561	0.580
1.885	-1.427E-3	-7.738E-3	7.869E-3	-1.228E-2	-8.073E-3	1.470E-2	0.230	0.425	0.483
1.902	-1.604E-3	-7.675E-3	7.841E-3	-3.050E-3	-3.849E-3	4.911E-3	0.293	0.151	0.330
1.919	-1.529E-3	-7.867E-3	8.014E-3	6.432E-5	-7.477E-3	7.478E-3	5.471E-2	0.118	0.130
1.935	-1.602E-3	-7.925E-3	8.085E-3	-3.672E-3	1.577E-3	3.997E-3	-0.346	2.133E-2	0.347
1.952	-1.652E-3	-7.814E-3	7.987E-3	-9.682E-3	-4.316E-3	1.060E-2	3.086E-2	-0.526	0.527
1.969	-1.925E-3	-8.069E-3	8.295E-3	-6.128E-3	-1.928E-2	2.023E-2	0.138	-0.497	0.516
1.985	-1.856E-3	-8.457E-3	8.658E-3	-5.197E-4	-2.082E-2	2.083E-2	0.196	6.252E-2	0.206
2.002	-1.943E-3	-8.764E-3	8.976E-3	-2.732E-3	-1.623E-2	1.646E-2	-0.313	0.498	0.588
2.019	-1.947E-3	-8.999E-3	9.207E-3	-8.423E-3	-5.217E-3	9.908E-3	-0.363	-0.102	0.377
2.035	-2.224E-3	-8.938E-3	9.210E-3	-1.740E-2	-1.478E-2	2.283E-2	-3.364E-2	-0.621	0.622
2.052	-2.528E-3	-9.492E-3	9.823E-3	-9.825E-3	-3.256E-2	3.401E-2	0.302	-8.486E-2	0.314
2.069	-2.551E-3	-1.002E-2	1.034E-2	-4.365E-3	-1.694E-2	1.749E-2	0.159	0.588	0.609
2.085	-2.673E-3	-1.006E-2	1.041E-2	-6.669E-3	-7.920E-3	1.035E-2	-4.889E-2	0.413	0.416
2.102	-2.774E-3	-1.029E-2	1.066E-2	-5.467E-3	-7.867E-3	9.580E-3	-6.586E-2	0.106	0.124
2.119	-2.856E-3	-1.032E-2	1.071E-2	-8.316E-3	-1.828E-3	8.514E-3	-0.230	0.283	0.365
2.135	-3.051E-3	-1.035E-2	1.079E-2	-1.389E-2	4.213E-4	1.390E-2	0.181	-0.209	0.277
2.152	-3.319E-3	-1.031E-2	1.083E-2	-4.133E-3	-6.830E-3	7.983E-3	0.221	-0.373	0.434
2.169	-3.189E-3	-1.058E-2	1.105E-2	-1.468E-3	-1.521E-2	1.528E-2	7.682E-2	-0.470	0.476
2.186	-3.368E-3	-1.081E-2	1.133E-2	-6.526E-3	-1.999E-2	2.103E-2	-2.510E-2	-2.230E-2	3.358E-2
2.202	-3.407E-3	-1.124E-2	1.175E-2	-9.420E-5	-1.880E-2	1.880E-2	0.251	2.599E-2	0.253
2.219	-3.372E-3	-1.144E-2	1.193E-2	1.923E-3	-1.570E-2	1.582E-2	-2.169E-2	6.643E-2	6.988E-2
2.236	-3.343E-3	-1.177E-2	1.223E-2	-8.284E-4	-1.885E-2	1.886E-2	-0.156	-0.104	0.187
2.252	-3.399E-3	-1.207E-2	1.254E-2	-3.894E-3	-1.833E-2	1.874E-2	-0.339	-0.176	0.382
2.269	-3.473E-3	-1.238E-2	1.286E-2	-1.098E-2	-2.414E-2	2.652E-2	-0.149	-3.673E-2	0.153
2.286	-3.766E-3	-1.287E-2	1.341E-2	-1.153E-2	-2.215E-2	2.497E-2	-0.249	0.369	0.445
2.302	-3.857E-3	-1.312E-2	1.367E-2	-1.523E-2	-9.608E-3	1.801E-2	0.164	0.232	0.284
2.319	-4.274E-3	-1.320E-2	1.387E-2	-1.160E-2	-1.285E-2	1.732E-2	0.356	-0.245	0.432
2.336	-4.245E-3	-1.355E-2	1.420E-2	1.846E-3	-2.090E-2	2.098E-2	3.063E-2	-0.104	0.108
2.352	-4.212E-3	-1.389E-2	1.452E-2	-1.067E-2	-1.577E-2	1.904E-2	-0.258	0.274	0.376
2.369	-4.600E-3	-1.407E-2	1.481E-2	-1.199E-2	-1.047E-2	1.592E-2	0.280	6.705E-2	0.288
2.386	-4.612E-3	-1.424E-2	1.497E-2	3.148E-3	-1.360E-2	1.396E-2	0.259	-0.262	0.368
2.402	-4.495E-3	-1.453E-2	1.521E-2	-2.507E-3	-1.990E-2	2.006E-2	-0.152	-0.161	0.222
2.419	-4.696E-3	-1.491E-2	1.563E-2	-6.060E-3	-1.969E-2	2.060E-2	0.176	-3.375E-2	0.179
2.436	-4.698E-3	-1.519E-2	1.590E-2	5.613E-3	-1.940E-2	2.020E-2	0.307	0.271	0.409
2.452	-4.509E-3	-1.555E-2	1.619E-2	5.746E-3	-1.311E-2	1.432E-2	-0.381	0.510	0.637
2.469	-4.506E-3	-1.562E-2	1.626E-2	-8.306E-3	-2.780E-5	8.306E-3	-0.292	0.346	0.453
2.486	-4.786E-3	-1.555E-2	1.627E-2	-7.012E-3	-9.465E-4	7.076E-3	0.316	-0.392	0.504
2.503	-4.740E-3	-1.565E-2	1.636E-2	5.811E-3	-1.399E-2	1.515E-2	0.485	-0.248	0.544
2.519	-4.592E-3	-1.602E-2	1.667E-2	8.660E-3	-1.221E-2	1.497E-2	-1.027E-2	0.125	0.126
2.536	-4.451E-3	-1.606E-2	1.667E-2	5.409E-3	-5.436E-3	7.668E-3	-0.226	-0.265	0.348
2.553	-4.411E-3	-1.620E-2	1.679E-2	5.527E-4	-2.146E-2	2.147E-2	0.113	-0.701	0.710
2.569	-4.432E-3	-1.678E-2	1.735E-2	7.804E-3	-3.241E-2	3.334E-2	5.042E-2	0.250	0.255
2.586	-4.151E-3	-1.728E-2	1.778E-2	6.555E-3	-1.314E-2	1.468E-2	-0.126	0.933	0.941
2.603	-4.214E-3	-1.722E-2	1.772E-2	-1.032E-3	3.429E-3	3.581E-3	-0.280	0.560	0.627
2.619	-4.185E-3	-1.717E-2	1.767E-2	-2.679E-4	2.892E-3	2.904E-3	0.388	-0.185	0.430
2.636	-4.223E-3	-1.712E-2	1.763E-2	9.312E-3	-1.911E-3	9.506E-3	2.467E-2	-0.223	0.224
2.653	-3.875E-3	-1.723E-2	1.766E-2	6.222E-3	-6.083E-3	8.701E-3	-0.338	-0.520	0.620
2.669	-4.015E-3	-1.732E-2	1.778E-2	-7.869E-3	-1.673E-2	1.849E-2	-0.511	-0.466	0.691
2.686	-4.137E-3	-1.779E-2	1.827E-2	-8.430E-3	-2.538E-2	2.674E-2	0.186	-2.373E-2	0.187
2.703	-4.296E-3	-1.817E-2	1.867E-2	-2.997E-3	-1.605E-2	1.632E-2	0.713	0.187	0.737
2.719	-4.237E-3	-1.833E-2	1.881E-2	1.566E-2	-1.661E-2	2.283E-2	0.133	0.289	0.318
2.736	-3.774E-3	-1.872E-2	1.910E-2	6.945E-3	-1.118E-2	1.316E-2	-0.531	0.132	0.547
2.753	-4.006E-3	-1.870E-2	1.912E-2	-1.026E-2	-6.471E-3	1.213E-2	-0.500	-0.231	0.551
2.769	-4.116E-3	-1.894E-2	1.938E-2	-5.843E-3	-2.187E-2	2.263E-2	0.337	-0.484	0.590
2.786	-4.201E-3	-1.943E-2	1.988E-2	-3.137E-5	-2.437E-2	2.437E-2	0.123	0.122	0.173
2.803	-4.117E-3	-1.975E-2	2.018E-2	2.587E-4	-1.581E-2	1.581E-2	9.933E-2	0.500	0.509
2.819	-4.192E-3	-1.996E-2	2.039E-2	5.025E-4	-8.005E-3	8.020E-3	0.163	0.372	0.406
2.836	-4.101E-3	-2.002E-2	2.044E-2	7.511E-3	-2.839E-3	8.029E-3	-0.135	0.228	0.265
2.853	-3.941E-3	-2.005E-2	2.044E-2	-2.427E-3	-8.916E-4	2.585E-3	-0.298	1.003E-2	0.298
2.870	-4.182E-3	-2.005E-2	2.048E-2	-7.160E-3	-2.035E-3	7.444E-3	0.162	-0.582	0.604
2.886	-4.180E-3	-2.012E-2	2.055E-2	5.913E-3	-1.897E-2	1.987E-2	0.356	-0.441	0.567
2.903	-3.984E-3	-2.068E-2	2.106E-2	6.147E-3	-2.229E-2	2.312E-2	-0.285	5.686E-2	0.291
2.920	-3.975E-3	-2.086E-2	2.124E-2	-5.208E-3	-1.159E-2	1.270E-2	-0.156	0.439	0.466
2.936	-4.158E-3	-2.107E-2	2.148E-2	-1.285E-3	-9.848E-3	9.932E-3	1.638E-3	-0.168	0.168
2.953	-4.018E-3	-2.119E-2	2.157E-2	-3.232E-4	-1.524E-2	1.525E-2	-6.790E-2	-0.360	0.366
2.970	-4.169E-3	-2.158E-2	2.198E-2	-7.624E-3	-2.429E-2	2.546E-2	-5.548E-2	-8.601E-2	0.102
2.986	-4.272E-3	-2.200E-2	2.241E-2	-1.237E-3	-1.834E-2	1.838E-2	0.164	0.240	0.291
3.003	-4.210E-3	-2.219E-2	2.259E-2	-3.423E-4	-1.373E-2	1.373E-2	0.118	0.166	0.204
3.020	-4.284E-3	-2.246E-2	2.287E-2	1.542E-4	-1.474E-2	1.474E-2	-7.625E-2	-5.583E-3	7.646E-2
3.036	-4.205E-3	-2.268E-2	2.307E-2	-2.804E-4	-1.314E-2	1.315E-2	-5.914E-3	6.096E-2	6.125E-2
3.053	-4.293E-3	-2.290E-2	2.330E-2	-2.524E-3	-1.291E-2	1.316E-2	-3.759E-2	0.127	0.132
3.070	-4.289E-3	-2.311E-2	2.351E-2	5.948E-6	-9.380E-3	9.380E-3	6.011E-2	6.583E-2	8.914E-2
3.086	-4.293E-3	-2.321E-2	2.361E-2	-8.880E-4	-9.289E-3	9.331E-3	-6.041E-3	-0.209	0.209
3.103	-4.319E-3	-2.342E-2	2.382E-2	-4.986E-4	-1.713E-2	1.714E-2	-0.223	-0.415	0.471
3.120	-4.310E-3	-2.378E-2	2.417E-2	-6.863E-3	-2.369E-2	2.466E-2	-4.466E-2	-0.145	0.152
3.136	-4.548E-3	-2.421E-2	2.464E-2	-5.507E-3	-2.237E-2	2.304E-2	0.320	0.157	0.357
3.153	-4.493E-3	-2.453E-2	2.494E-2	6.874E-3	-1.743E-2	1.874E-2	0.206	0.294	0.359
3.170	-4.318E-3	-2.479E-2	2.517E-2	2.314E-3	-1.299E-2	1.319E-2	-0.243	0.287	0.377
3.187	-4.416E-3	-2.496E-2	2.535E-2	-4.322E-3	-7.627E-3	8.767E-3	-9.726E-2	0.211	0.232
3.203	-4.463E-3	-2.505E-2	2.544E-2	2.450E-4	-5.573E-3	5.578E-3	9.420E-3	-0.163	0.163
3.220	-4.408E-3	-2.515E-2	2.553E-2	-2.534E-3	-1.261E-2	1.287E-2	-4.043E-3	-0.375	0.375
3.237	-4.547E-3	-2.547E-2	2.587E-2	-2.775E-3	-1.979E-2	1.999E-2	9.122E-2	-3.863E-2	9.906E-2
3.253	-4.501E-3	-2.581E-2	2.620E-2	2.911E-3	-1.405E-2	1.435E-2	-5.676E-2	0.251	0.258
3.270	-4.450E-3	-2.594E-2	2.632E-2	-4.371E-3	-9.278E-3	1.026E-2	7.262E-2	-2.805E-3	7.267E-2
3.287	-4.646E-3	-2.612E-2	2.653E-2	1.329E-3	-1.492E-2	1.498E-2	0.250	-0.297	0.388
3.303	-4.406E-3	-2.644E-2	2.680E-2	9.468E-3	-1.997E-2	2.210E-2	0.202	0.223	0.301
3.320	-4.330E-3	-2.679E-2	2.713E-2	4.753E-3	-8.919E-3	1.011E-2	-0.506	0.476	0.694
3.337	-4.247E-3	-2.673E-2	2.707E-2	-5.173E-3	-6.928E-5	5.174E-3	-0.271	-0.198	0.336
3.353	-4.503E-3	-2.679E-2	2.716E-2	-8.251E-3	-1.629E-2	1.826E-2	4.082E-2	-0.681	0.682
3.370	-4.522E-3	-2.728E-2	2.765E-2	-4.322E-4	-2.647E-2	2.648E-2	0.283	0.105	0.302
3.387	-4.518E-3	-2.767E-2	2.804E-2	3.630E-4	-1.180E-2	1.181E-2	0.152	0.469	0.493
3.403	-4.510E-3	-2.767E-2	2.804E-2	4.033E-3	-6.878E-3	7.973E-3	9.216E-2	9.640E-2	0.133
3.420	-4.383E-3	-2.790E-2	2.824E-2	4.852E-3	-1.244E-2	1.335E-2	-1.287E-2	-0.128	0.129
3.437	-4.348E-3	-2.809E-2	2.842E-2	2.269E-3	-9.961E-3	1.022E-2	-8.834E-2	-0.307	0.320
3.453	-4.307E-3	-2.823E-2	2.856E-2	2.370E-3	-2.084E-2	2.097E-2	0.114	-0.172	0.206
3.470	-4.269E-3	-2.878E-2	2.910E-2	5.542E-3	-2.099E-2	2.171E-2	-0.180	0.344	0.388
3.487	-4.122E-3	-2.893E-2	2.923E-2	-1.254E-3	-4.870E-3	5.029E-3	-0.245	-0.104	0.266
3.504	-4.311E-3	-2.894E-2	2.926E-2	-6.635E-3	-2.191E-2	2.289E-2	-3.206E-3	-0.612	0.612
3.520	-4.344E-3	-2.967E-2	2.998E-2	9.925E-4	-3.337E-2	3.339E-2	0.152	6.087E-2	0.164
3.537	-4.278E-3	-3.006E-2	3.036E-2	-7.269E-4	-1.522E-2	1.524E-2	4.714E-2	0.855	0.857
3.554	-4.368E-3	-3.017E-2	3.049E-2	3.525E-5	-4.241E-3	4.241E-3	0.136	0.268	0.301
3.570	-4.277E-3	-3.020E-2	3.050E-2	5.973E-3	-6.070E-3	8.516E-3	0.309	-0.140	0.339
3.587	-4.169E-3	-3.038E-2	3.066E-2	9.318E-3	-1.057E-2	1.409E-2	-0.111	-3.140E-3	0.111
3.604	-3.966E-3	-3.055E-2	3.081E-2	4.142E-3	-6.170E-3	7.431E-3	-0.319	0.183	0.368
3.620	-4.030E-3	-3.058E-2	3.085E-2	-4.015E-3	-3.024E-3	5.027E-3	-0.295	-0.169	0.340
3.637	-4.100E-3	-3.065E-2	3.093E-2	-4.547E-3	-1.173E-2	1.258E-2	0.133	-0.297	0.326
3.654	-4.182E-3	-3.097E-2	3.125E-2	-3.189E-4	-1.542E-2	1.543E-2	0.405	-0.355	0.539
3.670	-4.111E-3	-3.117E-2	3.144E-2	9.596E-3	-2.021E-2	2.238E-2	0.203	9.927E-2	0.226
3.687	-3.862E-3	-3.165E-2	3.188E-2	8.252E-3	-1.680E-2	1.871E-2	-0.226	0.414	0.472
3.704	-3.835E-3	-3.173E-2	3.196E-2	-3.328E-4	-2.143E-3	2.168E-3	-0.313	0.476	0.570
3.720	-3.873E-3	-3.172E-2	3.195E-2	-1.866E-3	-1.543E-3	2.421E-3	4.832E-3	-0.401	0.401
3.737	-3.897E-3	-3.178E-2	3.202E-2	1.132E-5	-1.489E-2	1.489E-2	0.131	-0.548	0.564
3.754	-3.873E-3	-3.222E-2	3.245E-2	2.683E-3	-2.318E-2	2.334E-2	7.032E-2	-0.227	0.238
3.770	-3.808E-3	-3.255E-2	3.277E-2	2.664E-3	-2.004E-2	2.022E-2	-7.005E-2	0.514	0.518
3.787	-3.784E-3	-3.288E-2	3.310E-2	2.848E-5	-8.094E-3	8.094E-3	0.244	-6.141E-2	0.251
3.804	-3.807E-3	-3.282E-2	3.304E-2	9.070E-3	-1.595E-2	1.835E-2	0.454	6.355E-2	0.459
3.820	-3.481E-3	-3.342E-2	3.360E-2	1.852E-2	-1.605E-2	2.451E-2	5.807E-2	-4.568E-3	5.825E-2
3.837	-3.189E-3	-3.336E-2	3.351E-2	1.026E-2	-6.323E-3	1.205E-2	-0.261	1.303E-2	0.261
3.854	-3.139E-3	-3.363E-2	3.377E-2	7.280E-3	-2.057E-2	2.182E-2	6.430E-3	-0.444	0.444
3.871	-2.946E-3	-3.404E-2	3.417E-2	1.259E-2	-2.152E-2	2.493E-2	4.185E-2	-0.156	0.161
3.887	-2.719E-3	-3.435E-2	3.445E-2	9.019E-3	-2.336E-2	2.504E-2	-0.227	0.444	0.499
3.904	-2.645E-3	-3.482E-2	3.492E-2	3.663E-3	-1.123E-2	1.181E-2	-0.110	0.325	0.343
3.921	-2.597E-3	-3.472E-2	3.482E-2	5.427E-3	-5.131E-3	7.469E-3	-0.134	9.764E-2	0.166
3.937	-2.464E-3	-3.500E-2	3.508E-2	1.017E-3	-1.407E-2	1.410E-2	-0.133	-0.217	0.255
3.954	-2.563E-3	-3.519E-2	3.528E-2	-1.922E-3	-1.025E-2	1.043E-2	-8.815E-2	-3.467E-2	9.472E-2
3.971	-2.528E-3	-3.534E-2	3.543E-2	4.380E-4	-1.439E-2	1.440E-2	0.172	-5.433E-2	0.180
3.987	-2.548E-3	-3.567E-2	3.576E-2	2.286E-3	-1.459E-2	1.477E-2	2.572E-2	-0.142	0.144
4.004	-2.452E-3	-3.582E-2	3.591E-2	2.927E-3	-1.587E-2	1.614E-2	1.333E-2	-0.222	0.223
4.021	-2.450E-3	-3.620E-2	3.628E-2	1.257E-3	-2.439E-2	2.442E-2	-0.221	-0.233	0.321
4.037	-2.410E-3	-3.664E-2	3.672E-2	-2.946E-3	-2.363E-2	2.381E-2	-0.110	0.285	0.306
4.054	-2.549E-3	-3.699E-2	3.708E-2	-4.632E-3	-1.473E-2	1.544E-2	-5.618E-2	0.656	0.658
4.071	-2.564E-3	-3.713E-2	3.722E-2	-2.745E-3	-1.371E-3	3.068E-3	0.165	0.160	0.230
4.087	-2.640E-3	-3.703E-2	3.713E-2	-7.020E-4	-6.505E-3	6.543E-3	2.541E-2	-0.421	0.422
4.104	-2.588E-3	-3.735E-2	3.744E-2	-8.378E-5	-1.979E-2	1.979E-2	5.656E-2	-0.386	0.390
4.121	-2.643E-3	-3.769E-2	3.779E-2	-6.610E-4	-1.828E-2	1.829E-2	-5.710E-2	2.835E-3	5.717E-2
4.137	-2.610E-3	-3.796E-2	3.805E-2	-4.291E-4	-1.844E-2	1.844E-2	-9.279E-2	0.307	0.320
4.154	-2.657E-3	-3.831E-2	3.840E-2	-4.576E-3	-1.068E-2	1.162E-2	-4.512E-4	0.227	0.227
4.171	-2.763E-3	-3.831E-2	3.841E-2	-1.310E-3	-6.566E-3	6.696E-3	-5.509E-2	4.452E-2	7.083E-2
4.188	-2.701E-3	-3.853E-2	3.862E-2	-3.684E-3	-1.255E-2	1.308E-2	-1.066E-2	-7.229E-2	7.307E-2
4.204	-2.885E-3	-3.873E-2	3.884E-2	-5.308E-3	-8.498E-3	1.002E-2	-0.100	5.248E-2	0.113
4.221	-2.878E-3	-3.881E-2	3.892E-2	-3.730E-3	-9.173E-3	9.902E-3	0.191	-0.270	0.331
4.238	-3.010E-3	-3.904E-2	3.915E-2	-1.830E-3	-1.857E-2	1.866E-2	0.255	-0.128	0.286
4.254	-2.939E-3	-3.943E-2	3.954E-2	6.764E-3	-1.541E-2	1.683E-2	0.241	4.312E-2	0.245
4.271	-2.784E-3	-3.955E-2	3.965E-2	6.466E-3	-1.322E-2	1.472E-2	-0.273	0.170	0.322
4.288	-2.723E-3	-3.987E-2	3.997E-2	-2.631E-3	-1.345E-2	1.370E-2	-0.438	-0.109	0.451
4.304	-2.872E-3	-4.000E-2	4.010E-2	-9.446E-3	-1.353E-2	1.650E-2	-2.537E-2	-0.192	0.193
4.321	-3.039E-3	-4.032E-2	4.044E-2	-3.641E-3	-2.197E-2	2.227E-2	0.305	4.995E-2	0.309
4.338	-2.994E-3	-4.073E-2	4.084E-2	2.637E-3	-1.336E-2	1.362E-2	0.181	0.331	0.377
4.354	-2.951E-3	-4.077E-2	4.088E-2	1.621E-3	-6.711E-3	6.904E-3	-7.399E-2	-8.999E-2	0.116
4.371	-2.939E-3	-4.096E-2	4.106E-2	1.007E-6	-1.826E-2	1.826E-2	-0.105	-8.573E-3	0.105
4.388	-2.951E-3	-4.138E-2	4.148E-2	-1.771E-3	-1.047E-2	1.062E-2	3.959E-2	0.386	0.388
4.404	-2.999E-3	-4.131E-2	4.142E-2	6.051E-4	4.132E-4	7.327E-4	1.659E-2	0.310	0.310
4.421	-2.930E-3	-4.137E-2	4.147E-2	4.528E-4	-3.384E-3	3.414E-3	3.135E-2	5.334E-3	3.180E-2
4.438	-2.983E-3	-4.142E-2	4.153E-2	-2.955E-4	6.312E-4	6.969E-4	-0.289	-0.192	0.347
4.454	-2.940E-3	-4.134E-2	4.145E-2	-6.548E-3	-7.050E-3	9.622E-3	2.193E-2	-0.347	0.348
4.471	-3.202E-3	-4.166E-2	4.178E-2	-4.224E-3	-1.529E-2	1.586E-2	0.309	-0.267	0.408
4.488	-3.081E-3	-4.185E-2	4.197E-2	8.198E-3	-1.318E-2	1.552E-2	0.193	7.931E-2	0.208
4.505	-2.928E-3	-4.209E-2	4.220E-2	1.883E-3	-1.358E-2	1.371E-2	-0.211	-1.609E-2	0.211
4.521	-3.018E-3	-4.231E-2	4.242E-2	-1.591E-3	-1.324E-2	1.333E-2	2.085E-2	-4.351E-2	4.825E-2
4.538	-2.981E-3	-4.254E-2	4.264E-2	4.392E-3	-1.509E-2	1.571E-2	-7.558E-2	0.139	0.158
4.555	-2.872E-3	-4.281E-2	4.291E-2	-2.706E-3	-9.878E-3	1.024E-2	-0.139	0.406	0.429
4.571	-3.072E-3	-4.287E-2	4.298E-2	-4.296E-3	6.318E-5	4.296E-3	-0.143	7.466E-2	0.162
4.588	-3.015E-3	-4.281E-2	4.292E-2	-3.044E-3	-6.022E-3	6.748E-3	9.934E-2	-0.691	0.699
4.605	-3.173E-3	-4.307E-2	4.318E-2	-4.615E-3	-2.484E-2	2.527E-2	0.100	-0.350	0.365
4.621	-3.169E-3	-4.364E-2	4.375E-2	2.320E-3	-2.095E-2	2.107E-2	0.254	9.389E-2	0.271
4.638	-3.096E-3	-4.377E-2	4.388E-2	3.845E-3	-1.546E-2	1.593E-2	-0.174	0.485	0.516
4.655	-3.041E-3	-4.415E-2	4.426E-2	-3.029E-3	-1.067E-2	1.110E-2	-0.470	0.247	0.531
4.671	-3.197E-3	-4.412E-2	4.424E-2	-1.303E-2	-1.945E-3	1.317E-2	-0.171	-0.298	0.343
4.688	-3.476E-3	-4.422E-2	4.436E-2	-9.856E-3	-2.129E-2	2.346E-2	0.450	-0.400	0.602
4.705	-3.526E-3	-4.483E-2	4.497E-2	3.534E-3	-2.136E-2	2.165E-2	0.444	0.189	0.482
4.721	-3.358E-3	-4.493E-2	4.506E-2	6.374E-3	-8.067E-3	1.028E-2	8.656E-2	0.370	0.380
4.738	-3.313E-3	-4.510E-2	4.522E-2	4.208E-3	-1.161E-2	1.235E-2	-6.461E-2	-0.148	0.161
4.755	-3.217E-3	-4.532E-2	4.543E-2	5.258E-3	-1.309E-2	1.411E-2	1.352E-2	0.208	0.209
4.771	-3.138E-3	-4.554E-2	4.565E-2	4.357E-3	-5.558E-3	7.062E-3	-0.438	0.299	0.531
4.788	-3.072E-3	-4.550E-2	4.561E-2	-7.739E-3	-5.565E-4	7.759E-3	-6.581E-2	-0.524	0.528
4.805	-3.396E-3	-4.556E-2	4.568E-2	-3.407E-3	-2.216E-2	2.242E-2	0.309	-0.422	0.523
4.821	-3.186E-3	-4.624E-2	4.635E-2	9.281E-3	-2.238E-2	2.423E-2	0.289	1.863E-2	0.290
4.838	-3.086E-3	-4.630E-2	4.641E-2	3.366E-3	-1.223E-2	1.268E-2	-0.114	0.327	0.346
4.855	-3.073E-3	-4.665E-2	4.675E-2	4.673E-3	-1.714E-2	1.776E-2	-0.387	-8.380E-2	0.396
4.872	-2.930E-3	-4.688E-2	4.697E-2	-5.982E-3	-1.282E-2	1.415E-2	-0.253	9.979E-2	0.272
4.888	-3.273E-3	-4.708E-2	4.719E-2	-9.994E-3	-1.392E-2	1.713E-2	0.172	-0.318	0.362
4.905	-3.264E-3	-4.734E-2	4.745E-2	4.301E-3	-2.297E-2	2.337E-2	0.572	-0.211	0.610
4.922	-3.129E-3	-4.785E-2	4.795E-2	8.593E-3	-2.374E-2	2.525E-2	-0.274	-7.882E-2	0.285
4.938	-2.977E-3	-4.813E-2	4.822E-2	-3.438E-3	-2.199E-2	2.226E-2	-0.208	2.918E-2	0.210
4.955	-3.244E-3	-4.858E-2	4.869E-2	-3.758E-3	-2.530E-2	2.558E-2	6.892E-2	0.328	0.335
4.972	-3.103E-3	-4.898E-2	4.907E-2	4.696E-3	-1.166E-2	1.257E-2	0.368	0.354	0.510
4.988	-3.087E-3	-4.897E-2	4.907E-2	5.077E-3	-8.902E-3	1.025E-2	-8.861E-2	0.327	0.339
5.005	-2.933E-3	-4.927E-2	4.936E-2	4.194E-3	-6.792E-3	7.983E-3	-0.109	0.200	0.228
5.022	-2.947E-3	-4.920E-2	4.928E-2	-6.189E-4	2.685E-3	2.756E-3	-0.199	-5.099E-2	0.206
5.038	-2.954E-3	-4.918E-2	4.927E-2	-1.503E-3	-9.287E-3	9.407E-3	3.620E-2	-0.240	0.243
5.055	-2.998E-3	-4.950E-2	4.960E-2	-1.243E-4	-9.298E-3	9.299E-3	-8.584E-2	-0.141	0.165
5.072	-2.958E-3	-4.949E-2	4.958E-2	-2.758E-3	-8.424E-3	8.864E-3	-3.812E-2	-0.320	0.323
5.088	-3.090E-3	-4.979E-2	4.988E-2	-3.806E-3	-2.319E-2	2.350E-2	1.784E-2	-0.259	0.260
5.105	-3.085E-3	-5.027E-2	5.036E-2	-1.924E-4	-1.884E-2	1.884E-2	0.378	0.170	0.415
5.122	-3.096E-3	-5.041E-2	5.051E-2	7.000E-3	-1.321E-2	1.495E-2	9.089E-2	0.474	0.482
5.138	-2.851E-3	-5.071E-2	5.079E-2	6.295E-3	-7.215E-3	9.575E-3	-0.261	-6.945E-2	0.270
5.155	-2.886E-3	-5.066E-2	5.074E-2	-4.811E-3	-1.004E-2	1.113E-2	-0.313	-0.217	0.381
5.172	-3.012E-3	-5.104E-2	5.113E-2	-4.210E-3	-2.016E-2	2.059E-2	0.118	-0.253	0.279
5.189	-3.026E-3	-5.133E-2	5.142E-2	3.105E-4	-1.587E-2	1.587E-2	0.351	0.270	0.443
5.205	-3.002E-3	-5.157E-2	5.166E-2	6.620E-3	-1.167E-2	1.342E-2	0.125	6.121E-2	0.139
5.222	-2.806E-3	-5.172E-2	5.179E-2	6.523E-3	-1.258E-2	1.417E-2	-0.312	-0.245	0.396
5.239	-2.784E-3	-5.199E-2	5.207E-2	-5.091E-3	-2.078E-2	2.140E-2	-0.299	-0.374	0.479
5.255	-2.975E-3	-5.241E-2	5.250E-2	-5.416E-3	-2.563E-2	2.620E-2	0.235	8.002E-3	0.235
5.272	-2.965E-3	-5.285E-2	5.293E-2	4.812E-3	-2.083E-2	2.138E-2	0.322	0.386	0.502
5.289	-2.815E-3	-5.311E-2	5.318E-2	6.070E-3	-1.169E-2	1.318E-2	-9.430E-2	0.240	0.258
5.305	-2.762E-3	-5.324E-2	5.331E-2	6.080E-4	-1.193E-2	1.195E-2	-0.192	0.204	0.280
5.322	-2.795E-3	-5.350E-2	5.358E-2	-8.089E-4	-7.744E-3	7.787E-3	4.822E-2	0.309	0.313
5.339	-2.789E-3	-5.350E-2	5.357E-2	2.587E-3	1.203E-3	2.854E-3	-5.817E-2	0.352	0.357
5.355	-2.708E-3	-5.346E-2	5.353E-2	-1.381E-3	2.907E-3	3.218E-3	7.333E-5	-0.264	0.264
5.372	-2.835E-3	-5.340E-2	5.347E-2	-5.209E-4	-6.040E-3	6.062E-3	7.470E-3	-0.955	0.955
5.389	-2.726E-3	-5.367E-2	5.373E-2	2.378E-3	-2.993E-2	3.002E-2	7.973E-2	-0.480	0.486
5.405	-2.756E-3	-5.440E-2	5.447E-2	-2.841E-4	-2.703E-2	2.703E-2	-0.381	0.337	0.508
5.422	-2.735E-3	-5.457E-2	5.464E-2	-7.976E-3	-1.166E-2	1.413E-2	-6.578E-2	0.737	0.740
5.439	-3.022E-3	-5.479E-2	5.487E-2	-6.811E-3	-6.273E-3	9.260E-3	0.183	-3.291E-2	0.186
5.455	-2.962E-3	-5.478E-2	5.486E-2	2.563E-3	-9.174E-3	9.526E-3	0.349	-0.378	0.515
5.472	-2.936E-3	-5.509E-2	5.517E-2	2.879E-3	-2.221E-2	2.239E-2	8.198E-3	-0.103	0.104
5.489	-2.866E-3	-5.552E-2	5.559E-2	3.462E-3	-1.381E-2	1.423E-2	-5.707E-2	0.192	0.200
5.506	-2.821E-3	-5.555E-2	5.563E-2	8.449E-4	-1.078E-2	1.082E-2	-0.151	-0.153	0.215
5.522	-2.838E-3	-5.588E-2	5.595E-2	-1.882E-3	-2.259E-2	2.267E-2	-9.476E-2	-8.678E-2	0.128
5.539	-2.884E-3	-5.631E-2	5.638E-2	-2.344E-3	-1.491E-2	1.510E-2	-9.569E-2	0.145	0.174
5.556	-2.916E-3	-5.638E-2	5.645E-2	-4.484E-3	-1.292E-2	1.368E-2	3.156E-2	-3.997E-2	5.093E-2
5.572	-3.033E-3	-5.674E-2	5.682E-2	-2.684E-3	-2.052E-2	2.070E-2	0.122	-0.173	0.211
5.589	-3.006E-3	-5.706E-2	5.714E-2	1.228E-3	-1.732E-2	1.737E-2	6.123E-2	0.204	0.213
5.606	-2.992E-3	-5.732E-2	5.740E-2	-1.102E-3	-1.361E-2	1.365E-2	-0.168	0.291	0.336
5.622	-3.043E-3	-5.751E-2	5.759E-2	-4.630E-3	-7.919E-3	9.173E-3	0.155	0.388	0.418
5.639	-3.147E-3	-5.758E-2	5.767E-2	2.631E-3	-3.412E-4	2.653E-3	-9.585E-2	-1.725E-2	9.739E-2
5.656	-2.955E-3	-5.753E-2	5.760E-2	-2.994E-3	-6.579E-3	7.228E-3	-8.610E-2	-0.645	0.651
5.672	-3.247E-3	-5.780E-2	5.789E-2	-7.130E-3	-2.415E-2	2.518E-2	-3.607E-3	-0.215	0.215
5.689	-3.193E-3	-5.833E-2	5.842E-2	2.080E-3	-1.667E-2	1.680E-2	0.124	0.470	0.486
5.706	-3.177E-3	-5.836E-2	5.844E-2	-4.077E-3	-2.874E-3	4.988E-3	-9.682E-2	0.462	0.472
5.722	-3.329E-3	-5.843E-2	5.852E-2	-3.251E-3	-3.854E-3	5.042E-3	0.191	-0.430	0.470
5.739	-3.286E-3	-5.849E-2	5.858E-2	4.426E-3	-1.524E-2	1.587E-2	0.210	-0.328	0.389
5.756	-3.181E-3	-5.894E-2	5.902E-2	3.815E-3	-1.929E-2	1.966E-2	-0.238	2.323E-2	0.239
5.772	-3.158E-3	-5.913E-2	5.921E-2	-3.754E-3	-1.072E-2	1.135E-2	-0.316	0.270	0.415
5.789	-3.306E-3	-5.929E-2	5.939E-2	-7.956E-3	-1.097E-2	1.355E-2	0.136	-0.396	0.419
5.806	-3.424E-3	-5.950E-2	5.959E-2	6.720E-4	-2.284E-2	2.285E-2	0.407	-0.224	0.465
5.822	-3.284E-3	-6.006E-2	6.015E-2	7.775E-3	-2.289E-2	2.418E-2	-4.839E-3	0.212	0.212
5.839	-3.164E-3	-6.026E-2	6.034E-2	2.247E-4	-1.131E-2	1.131E-2	-0.265	0.139	0.299
5.856	-3.276E-3	-6.043E-2	6.052E-2	-3.419E-3	-1.838E-2	1.870E-2	9.279E-4	-0.122	0.122
5.873	-3.279E-3	-6.087E-2	6.096E-2	1.899E-3	-1.885E-2	1.894E-2	0.107	0.239	0.262
5.889	-3.213E-3	-6.106E-2	6.115E-2	7.132E-4	-7.652E-3	7.685E-3	-8.301E-3	0.470	0.470
5.906	-3.255E-3	-6.113E-2	6.121E-2	5.259E-5	-3.290E-3	3.290E-3	3.778E-2	-0.194	0.198
5.923	-3.211E-3	-6.117E-2	6.126E-2	3.090E-3	-1.299E-2	1.335E-2	0.101	-9.234E-2	0.137
5.939	-3.152E-3	-6.156E-2	6.164E-2	3.246E-3	-1.117E-2	1.164E-2	-1.417E-2	0.199	0.200
5.956	-3.103E-3	-6.154E-2	6.162E-2	2.510E-3	-1.079E-3	2.732E-3	-0.108	0.386	0.400
5.973	-3.068E-3	-6.160E-2	6.167E-2	-1.226E-4	-9.687E-4	9.764E-4	-4.874E-2	8.143E-2	9.490E-2
5.989	-3.107E-3	-6.158E-2	6.165E-2	-2.817E-5	2.403E-3	2.403E-3	-0.171	-0.169	0.241
6.006	-3.069E-3	-6.152E-2	6.159E-2	-3.944E-3	-5.336E-3	6.635E-3	-5.086E-2	-0.812	0.814
6.023	-3.239E-3	-6.175E-2	6.184E-2	-4.633E-3	-2.576E-2	2.618E-2	0.104	-0.439	0.451
6.039	-3.223E-3	-6.238E-2	6.246E-2	1.865E-3	-2.392E-2	2.399E-2	0.253	0.250	0.356
6.056	-3.177E-3	-6.255E-2	6.263E-2	3.222E-3	-1.177E-2	1.220E-2	1.302E-2	0.661	0.661
6.073	-3.116E-3	-6.277E-2	6.285E-2	2.450E-3	-5.224E-3	5.770E-3	-1.517E-2	0.117	0.118
6.089	-3.095E-3	-6.273E-2	6.280E-2	2.188E-3	-4.482E-3	4.988E-3	-0.250	-5.439E-2	0.256
6.106	-3.043E-3	-6.292E-2	6.299E-2	-4.388E-3	-1.032E-2	1.122E-2	-0.108	-0.584	0.594
6.123	-3.241E-3	-6.307E-2	6.315E-2	-4.699E-3	-2.093E-2	2.146E-2	0.106	-0.229	0.252
6.139	-3.200E-3	-6.362E-2	6.370E-2	2.288E-3	-2.290E-2	2.301E-2	0.394	-7.931E-3	0.394
6.156	-3.165E-3	-6.384E-2	6.391E-2	6.702E-3	-1.625E-2	1.758E-2	5.377E-2	0.456	0.459
6.173	-2.976E-3	-6.416E-2	6.423E-2	6.163E-3	-1.117E-2	1.276E-2	-0.221	0.119	0.251
6.190	-2.959E-3	-6.421E-2	6.428E-2	-2.318E-3	-8.661E-3	8.966E-3	-0.259	-0.299	0.395
6.206	-3.053E-3	-6.445E-2	6.452E-2	-3.056E-3	-2.276E-2	2.297E-2	8.759E-2	-0.288	0.301
6.223	-3.061E-3	-6.497E-2	6.504E-2	1.536E-3	-2.123E-2	2.129E-2	0.197	0.303	0.362
6.240	-3.002E-3	-6.516E-2	6.523E-2	3.694E-3	-8.964E-3	9.695E-3	-0.164	0.465	0.493
6.256	-2.938E-3	-6.527E-2	6.533E-2	-3.173E-3	-6.463E-3	7.200E-3	-0.133	-0.202	0.242
6.273	-3.108E-3	-6.537E-2	6.545E-2	-3.714E-3	-1.480E-2	1.525E-2	2.638E-2	-0.238	0.240
6.290	-3.062E-3	-6.576E-2	6.583E-2	8.403E-4	-1.765E-2	1.767E-2	0.179	-8.485E-2	0.198
6.306	-3.080E-3	-6.596E-2	6.603E-2	5.377E-4	-1.448E-2	1.449E-2	1.237E-3	0.118	0.118
6.323	-3.044E-3	-6.624E-2	6.631E-2	1.692E-3	-1.542E-2	1.551E-2	5.631E-2	-0.193	0.201
6.340	-3.024E-3	-6.648E-2	6.655E-2	1.944E-3	-1.938E-2	1.947E-2	-0.121	-1.148E-3	0.121
6.356	-2.979E-3	-6.689E-2	6.696E-2	-1.470E-3	-1.817E-2	1.823E-2	-7.324E-2	7.752E-2	0.107
6.373	-3.073E-3	-6.708E-2	6.715E-2	-2.266E-3	-1.379E-2	1.398E-2	-2.481E-2	-0.172	0.174
6.390	-3.055E-3	-6.735E-2	6.742E-2	-5.212E-4	-2.432E-2	2.433E-2	9.603E-2	2.267E-2	9.867E-2
6.406	-3.090E-3	-6.789E-2	6.796E-2	-2.626E-4	-1.726E-2	1.726E-2	0.141	0.317	0.347
6.423	-3.063E-3	-6.793E-2	6.800E-2	4.511E-3	-7.397E-3	8.664E-3	0.188	0.273	0.331
6.440	-2.939E-3	-6.814E-2	6.820E-2	6.674E-3	-1.202E-2	1.375E-2	-0.260	-0.131	0.291
6.456	-2.841E-3	-6.833E-2	6.839E-2	-3.465E-3	-1.081E-2	1.135E-2	-0.212	-0.250	0.327
6.473	-3.055E-3	-6.850E-2	6.857E-2	-4.205E-3	-1.912E-2	1.958E-2	-2.910E-2	-2.615E-2	3.912E-2
6.490	-2.981E-3	-6.897E-2	6.903E-2	9.076E-6	-1.592E-2	1.592E-2	0.170	2.208E-2	0.172
6.507	-3.055E-3	-6.903E-2	6.910E-2	-1.455E-3	-1.253E-2	1.261E-2	-4.234E-2	-4.815E-3	4.261E-2
6.523	-3.030E-3	-6.938E-2	6.945E-2	2.572E-4	-2.031E-2	2.031E-2	5.234E-2	-0.214	0.221
6.540	-3.046E-3	-6.971E-2	6.978E-2	-5.549E-4	-1.842E-2	1.843E-2	4.131E-2	0.207	0.211
6.557	-3.048E-3	-7.000E-2	7.006E-2	1.686E-3	-1.367E-2	1.377E-2	3.119E-2	5.839E-2	6.620E-2
6.573	-2.990E-3	-7.017E-2	7.023E-2	1.254E-3	-1.493E-2	1.498E-2	-1.694E-2	0.206	0.207
6.590	-3.006E-3	-7.050E-2	7.056E-2	7.722E-5	-1.007E-2	1.007E-2	1.017E-2	0.238	0.238
6.607	-2.987E-3	-7.050E-2	7.057E-2	2.076E-3	-3.125E-3	3.752E-3	3.564E-2	-0.161	0.165
6.623	-2.937E-3	-7.060E-2	7.066E-2	1.591E-3	-1.616E-2	1.624E-2	-4.049E-2	-0.653	0.654
6.640	-2.934E-3	-7.104E-2	7.110E-2	1.779E-4	-2.733E-2	2.733E-2	-0.115	0.133	0.175
6.657	-2.931E-3	-7.151E-2	7.157E-2	-1.747E-3	-1.273E-2	1.285E-2	0.138	0.149	0.203
6.673	-2.993E-3	-7.147E-2	7.153E-2	3.237E-3	-1.523E-2	1.557E-2	-0.150	-0.199	0.249
6.690	-2.823E-3	-7.202E-2	7.208E-2	-2.649E-3	-2.753E-2	2.765E-2	-0.119	-0.312	0.334
6.707	-3.081E-3	-7.238E-2	7.245E-2	-6.643E-3	-2.149E-2	2.249E-2	1.334E-2	0.497	0.497
6.723	-3.045E-3	-7.274E-2	7.280E-2	2.150E-3	-1.285E-2	1.303E-2	0.267	0.298	0.400
6.740	-3.009E-3	-7.281E-2	7.288E-2	1.145E-3	-8.647E-3	8.722E-3	6.084E-2	0.211	0.220
6.757	-3.006E-3	-7.303E-2	7.309E-2	3.436E-3	-8.734E-3	9.385E-3	-6.543E-2	-9.282E-2	0.114
6.773	-2.895E-3	-7.310E-2	7.316E-2	8.703E-4	-9.353E-3	9.393E-3	-6.137E-2	0.189	0.199
6.790	-2.977E-3	-7.334E-2	7.340E-2	-1.274E-3	-5.536E-3	5.681E-3	3.506E-2	-0.114	0.120
6.807	-2.937E-3	-7.329E-2	7.335E-2	3.740E-3	-8.468E-3	9.257E-3	0.390	0.144	0.415
6.823	-2.853E-3	-7.362E-2	7.368E-2	1.076E-2	-7.032E-3	1.286E-2	-8.313E-2	-6.993E-2	0.109
6.840	-2.578E-3	-7.352E-2	7.357E-2	4.163E-3	-4.103E-3	5.845E-3	-0.423	-0.449	0.617
6.857	-2.714E-3	-7.376E-2	7.381E-2	-7.747E-3	-2.507E-2	2.624E-2	-0.383	-0.354	0.522
6.874	-2.836E-3	-7.436E-2	7.441E-2	-6.834E-3	-1.998E-2	2.112E-2	0.194	0.313	0.369
6.890	-2.942E-3	-7.442E-2	7.448E-2	-1.807E-3	-7.844E-3	8.050E-3	0.218	0.330	0.396
6.907	-2.897E-3	-7.462E-2	7.468E-2	1.783E-3	-1.236E-2	1.249E-2	0.156	-0.144	0.212
6.924	-2.882E-3	-7.484E-2	7.489E-2	2.292E-3	-1.229E-2	1.250E-2	-0.125	-0.130	0.181
6.940	-2.820E-3	-7.503E-2	7.509E-2	-1.164E-3	-1.588E-2	1.592E-2	-0.119	-0.425	0.442
6.957	-2.921E-3	-7.537E-2	7.542E-2	-3.629E-3	-2.678E-2	2.702E-2	-9.595E-3	0.141	0.142
6.974	-2.941E-3	-7.593E-2	7.598E-2	-2.362E-4	-1.513E-2	1.514E-2	0.135	0.573	0.588
6.990	-2.929E-3	-7.587E-2	7.593E-2	8.066E-4	-8.602E-4	1.179E-3	4.584E-2	0.395	0.398
7.007	-2.914E-3	-7.595E-2	7.601E-2	1.135E-3	-5.669E-3	5.782E-3	-2.186E-2	-0.250	0.251
7.024	-2.891E-3	-7.606E-2	7.612E-2	2.997E-4	-8.501E-3	8.507E-3	-3.784E-2	0.219	0.223
7.040	-2.904E-3	-7.624E-2	7.629E-2	-5.184E-4	-3.416E-4	6.209E-4	-2.789E-2	3.474E-2	4.455E-2
7.057	-2.908E-3	-7.607E-2	7.613E-2	-3.748E-4	-2.329E-3	2.359E-3	-4.312E-2	-0.256	0.260
7.074	-2.917E-3	-7.632E-2	7.637E-2	-1.845E-3	-1.398E-2	1.410E-2	4.078E-2	-0.537	0.539
7.090	-2.970E-3	-7.654E-2	7.660E-2	1.487E-4	-1.768E-2	1.769E-2	2.817E-2	2.366E-3	2.827E-2
7.107	-2.912E-3	-7.691E-2	7.696E-2	6.413E-4	-1.609E-2	1.610E-2	-1.737E-2	-7.757E-2	7.949E-2
7.124	-2.949E-3	-7.708E-2	7.713E-2	-1.777E-3	-1.698E-2	1.707E-2	-0.173	-7.984E-2	0.190
7.140	-2.971E-3	-7.747E-2	7.753E-2	-4.196E-3	-2.184E-2	2.224E-2	4.554E-2	-0.300	0.303
7.157	-3.089E-3	-7.780E-2	7.787E-2	-1.866E-3	-2.474E-2	2.481E-2	2.981E-2	-4.957E-2	5.784E-2
7.174	-3.034E-3	-7.830E-2	7.836E-2	-7.417E-4	-2.572E-2	2.573E-2	0.119	0.362	0.382
7.191	-3.113E-3	-7.866E-2	7.872E-2	-4.097E-4	-1.221E-2	1.222E-2	-0.155	0.255	0.299
7.207	-3.047E-3	-7.871E-2	7.876E-2	-3.082E-3	-1.346E-2	1.381E-2	0.387	-0.101	0.400
7.224	-3.216E-3	-7.911E-2	7.918E-2	7.362E-3	-2.058E-2	2.186E-2	3.014E-2	-4.974E-2	5.816E-2
7.241	-2.802E-3	-7.939E-2	7.944E-2	6.544E-3	-1.304E-2	1.459E-2	-0.274	0.310	0.414
7.257	-2.998E-3	-7.955E-2	7.960E-2	-9.792E-3	-9.626E-3	1.373E-2	-0.454	0.178	0.488
7.274	-3.128E-3	-7.971E-2	7.977E-2	-5.724E-3	-8.033E-3	9.863E-3	0.210	-0.155	0.261
7.291	-3.189E-3	-7.981E-2	7.988E-2	-2.613E-3	-1.315E-2	1.341E-2	0.267	5.137E-2	0.272
7.307	-3.215E-3	-8.015E-2	8.022E-2	2.575E-3	-1.008E-2	1.041E-2	6.708E-2	0.207	0.218
7.324	-3.103E-3	-8.015E-2	8.021E-2	1.431E-3	-2.014E-3	2.471E-3	-0.272	-2.001E-2	0.273
7.341	-3.168E-3	-8.022E-2	8.028E-2	-8.020E-3	-1.172E-2	1.420E-2	-0.192	-0.370	0.417
7.357	-3.371E-3	-8.054E-2	8.061E-2	-6.236E-3	-1.661E-2	1.774E-2	0.208	-0.206	0.293
7.374	-3.376E-3	-8.077E-2	8.084E-2	1.017E-3	-1.639E-2	1.642E-2	0.320	0.261	0.413
7.391	-3.337E-3	-8.109E-2	8.116E-2	3.762E-3	-1.023E-2	1.090E-2	5.725E-2	1.412	1.414
7.407	-3.250E-3	-8.112E-2	8.118E-2	3.395E-3	2.917E-2	2.937E-2	-3.047E-2	5.229	5.229
7.424	-3.223E-3	-8.012E-2	8.018E-2	1.983E-3	0.158	0.158	-0.263	5.151	5.157
7.441	-3.184E-3	-7.585E-2	7.592E-2	-4.114E-3	0.228	0.229	-0.163	2.716	2.721
7.457	-3.361E-3	-7.249E-2	7.257E-2	-6.000E-3	0.223	0.224	-0.200	1.159	1.176
7.474	-3.384E-3	-6.839E-2	6.848E-2	-7.656E-3	0.273	0.274	-0.210	2.287	2.297
7.491	-3.616E-3	-6.337E-2	6.347E-2	-1.525E-2	0.304	0.305	-0.195	2.059	2.068
7.508	-3.893E-3	-5.824E-2	5.837E-2	-1.402E-2	0.335	0.335	-9.870E-3	1.768	1.768
7.524	-4.084E-3	-5.219E-2	5.235E-2	-1.424E-2	0.370	0.370	-0.379	1.992	2.028
7.541	-4.368E-3	-4.591E-2	4.611E-2	-2.648E-2	0.397	0.397	0.238	0.793	0.828
7.558	-4.967E-3	-3.896E-2	3.927E-2	-1.202E-2	0.403	0.403	0.888	0.805	1.198
7.574	-4.769E-3	-3.246E-2	3.281E-2	1.138E-2	0.413	0.413	0.553	1.112	1.242
7.591	-4.588E-3	-2.517E-2	2.558E-2	3.883E-3	0.447	0.447	3.215E-2	0.366	0.368
7.608	-4.640E-3	-1.754E-2	1.814E-2	8.817E-3	0.429	0.429	0.136	-1.127E-2	0.136
7.624	-4.294E-3	-1.085E-2	1.167E-2	1.381E-2	0.433	0.433	0.804	0.419	0.906
7.641	-4.179E-3	-3.095E-3	5.200E-3	2.881E-2	0.457	0.458	8.580E-2	0.257	0.271
7.658	-3.332E-3	4.407E-3	5.525E-3	2.729E-2	0.436	0.437	-0.223	-1.727	1.741
7.674	-3.268E-3	1.147E-2	1.192E-2	1.057E-2	0.400	0.400	-0.531	-0.977	1.112
7.691	-2.979E-3	1.777E-2	1.801E-2	1.516E-2	0.396	0.397	0.474	-0.557	0.732
7.708	-2.763E-3	2.470E-2	2.485E-2	2.334E-2	0.394	0.394	-0.105	-0.709	0.717
7.724	-2.201E-3	3.090E-2	3.098E-2	1.727E-2	0.365	0.365	9.472E-2	-0.804	0.810
7.741	-2.186E-3	3.687E-2	3.693E-2	1.790E-2	0.367	0.367	-0.377	-9.223E-2	0.388
7.758	-1.603E-3	4.313E-2	4.316E-2	1.479E-2	0.366	0.367	-0.402	-0.786	0.883
7.774	-1.693E-3	4.910E-2	4.913E-2	-3.909E-3	0.339	0.339	-0.273	-1.274	1.303
7.791	-1.734E-3	5.445E-2	5.448E-2	7.535E-3	0.320	0.320	8.364E-2	-0.681	0.686
7.808	-1.441E-3	5.978E-2	5.980E-2	3.533E-3	0.319	0.319	-0.460	-1.117E-2	0.460
7.824	-1.616E-3	6.510E-2	6.512E-2	-1.290E-2	0.320	0.320	-0.205	2.277E-2	0.206
7.841	-1.872E-3	7.044E-2	7.047E-2	-3.659E-3	0.320	0.320	0.414	-0.199	0.460
7.858	-1.738E-3	7.578E-2	7.580E-2	5.036E-3	0.314	0.314	0.104	-0.753	0.760
7.875	-1.704E-3	8.091E-2	8.093E-2	-2.128E-3	0.295	0.295	-0.117	-0.936	0.944
7.891	-1.809E-3	8.562E-2	8.564E-2	-4.742E-4	0.280	0.280	7.026E-2	-0.169	0.183
7.908	-1.719E-3	9.025E-2	9.027E-2	2.840E-3	0.289	0.289	-8.175E-2	0.263	0.276
7.925	-1.714E-3	9.526E-2	9.528E-2	-4.120E-3	0.293	0.293	-0.539	-0.114	0.551
7.941	-1.857E-3	0.100	0.100	-1.512E-2	0.282	0.283	0.168	-0.619	0.642
7.958	-2.219E-3	0.105	0.105	-2.508E-3	0.273	0.273	-0.104	-0.879	0.885
7.975	-1.941E-3	0.109	0.109	-8.578E-3	0.254	0.254	-0.108	-0.451	0.463
7.991	-2.505E-3	0.113	0.113	-1.830E-2	0.253	0.253	-0.453	-0.150	0.477
8.008	-2.551E-3	0.118	0.118	-1.405E-2	0.256	0.257	0.277	0.176	0.328
8.025	-2.974E-3	0.122	0.122	-1.586E-2	0.253	0.254	0.340	-8.845E-2	0.351
8.041	-3.080E-3	0.126	0.126	5.992E-4	0.257	0.257	0.297	-4.343E-2	0.300
8.058	-2.954E-3	0.130	0.130	-3.700E-3	0.251	0.251	-0.163	-0.558	0.582
8.075	-3.204E-3	0.134	0.134	-9.807E-3	0.239	0.239	-3.913E-2	-0.210	0.214
8.091	-3.281E-3	0.138	0.138	-2.250E-3	0.240	0.240	-5.298E-2	5.259E-2	7.465E-2
8.108	-3.279E-3	0.142	0.142	-1.017E-2	0.245	0.245	-0.695	-0.498	0.856
8.125	-3.620E-3	0.146	0.146	-2.770E-2	0.223	0.225	-0.307	-0.697	0.761
8.141	-4.203E-3	0.150	0.150	-2.276E-2	0.216	0.218	0.597	-0.578	0.831
8.158	-4.379E-3	0.154	0.154	-4.182E-3	0.211	0.211	0.273	-6.193E-3	0.273
8.175	-4.343E-3	0.157	0.157	-1.158E-2	0.209	0.209	0.215	-4.310E-2	0.219
8.192	-4.766E-3	0.161	0.161	-4.808E-3	0.216	0.216	2.378E-2	0.115	0.117
8.208	-4.503E-3	0.164	0.164	-6.042E-4	0.210	0.210	-0.400	-0.467	0.615
8.225	-4.786E-3	0.168	0.168	-2.467E-2	0.202	0.203	-0.342	-0.361	0.497
8.242	-5.326E-3	0.171	0.171	-1.444E-2	0.196	0.197	0.536	-0.164	0.561
8.258	-5.268E-3	0.174	0.174	-5.212E-5	0.197	0.197	0.181	-0.338	0.383
8.275	-5.328E-3	0.177	0.178	-1.094E-2	0.187	0.187	-0.751	0.152	0.767
8.292	-5.633E-3	0.180	0.180	-2.567E-2	0.196	0.198	-0.125	-0.341	0.364
8.308	-6.184E-3	0.184	0.184	-1.828E-2	0.187	0.188	0.408	-0.729	0.835
8.325	-6.243E-3	0.187	0.187	-6.375E-3	0.160	0.160	-1.784E-3	-0.680	0.680
8.342	-6.397E-3	0.189	0.189	-1.976E-2	0.168	0.170	-0.195	0.653	0.681
8.358	-6.902E-3	0.192	0.192	-1.735E-2	0.182	0.183	0.221	-0.131	0.257
8.375	-6.976E-3	0.195	0.196	-6.834E-3	0.168	0.169	0.190	-0.622	0.651
8.392	-7.130E-3	0.198	0.198	-1.302E-2	0.153	0.154	-0.291	-0.336	0.445
8.408	-7.410E-3	0.201	0.201	-1.722E-2	0.161	0.162	-0.135	0.260	0.292
8.425	-7.705E-3	0.203	0.203	-1.717E-2	0.162	0.163	-0.208	0.172	0.269
8.442	-7.983E-3	0.206	0.206	-2.303E-2	0.166	0.167	-4.746E-2	-1.038	1.039
8.458	-8.473E-3	0.209	0.209	-2.173E-2	0.134	0.136	0.401	-0.719	0.823
8.475	-8.708E-3	0.210	0.211	-7.505E-3	0.126	0.126	0.561	0.861	1.028
8.492	-8.724E-3	0.213	0.213	-2.050E-3	0.174	0.174	-0.164	1.199	1.210
8.509	-8.777E-3	0.216	0.216	-1.286E-2	0.171	0.171	-0.517	-1.226	1.331
8.525	-9.153E-3	0.219	0.219	-2.199E-2	0.127	0.129	8.701E-2	-0.573	0.579
8.542	-9.511E-3	0.220	0.221	-1.004E-2	0.143	0.144	0.246	-0.150	0.288
8.559	-9.488E-3	0.223	0.224	-9.116E-3	0.142	0.142	0.202	-0.364	0.416
8.575	-9.815E-3	0.225	0.225	-9.396E-3	0.113	0.113	0.113	-0.485	0.498
8.592	-9.802E-3	0.227	0.227	-7.161E-4	0.133	0.133	-1.286E-2	0.501	0.502
8.609	-9.839E-3	0.230	0.230	-1.053E-2	0.132	0.132	1.516E-2	-0.412	0.412
8.625	-1.015E-2	0.232	0.232	-4.422E-3	0.116	0.116	0.129	0.229	0.263
8.642	-9.986E-3	0.233	0.234	4.378E-4	0.136	0.136	-7.665E-2	0.108	0.133
8.659	-1.014E-2	0.236	0.236	-1.143E-2	0.132	0.132	-0.588	-0.237	0.634
8.675	-1.037E-2	0.238	0.238	-1.788E-2	0.114	0.115	0.158	-0.564	0.586
8.692	-1.073E-2	0.240	0.240	-8.886E-3	0.121	0.122	0.253	-0.178	0.309
8.709	-1.066E-2	0.242	0.242	-3.928E-3	0.107	0.107	-2.945E-2	-0.753	0.754
8.725	-1.087E-2	0.243	0.244	-1.382E-2	9.404E-2	9.505E-2	-0.383	-0.635	0.742
8.742	-1.113E-2	0.245	0.245	-1.599E-2	8.695E-2	8.841E-2	0.314	0.285	0.424
8.759	-1.140E-2	0.246	0.247	-4.881E-3	9.982E-2	9.994E-2	0.384	0.523	0.649
8.775	-1.129E-2	0.248	0.249	9.938E-4	0.111	0.111	4.514E-2	3.057E-2	5.452E-2
8.792	-1.137E-2	0.250	0.250	-6.394E-3	9.742E-2	9.763E-2	-0.474	-0.867	0.988
8.809	-1.150E-2	0.252	0.252	-1.371E-2	8.227E-2	8.341E-2	-0.590	-0.901	1.077
8.825	-1.182E-2	0.253	0.253	-2.642E-2	6.714E-2	7.215E-2	-3.808E-2	0.716	0.717
8.842	-1.238E-2	0.254	0.254	-1.838E-2	9.959E-2	0.101	0.989	1.100	1.480
8.859	-1.244E-2	0.256	0.256	1.004E-2	0.119	0.119	0.157	-0.177	0.237
8.876	-1.205E-2	0.258	0.258	-7.152E-3	8.434E-2	8.464E-2	-0.314	-1.202	1.242
8.892	-1.268E-2	0.259	0.259	-1.436E-2	7.668E-2	7.801E-2	-0.300	-0.438	0.531
8.909	-1.253E-2	0.260	0.261	-4.288E-3	7.501E-2	7.514E-2	0.220	0.459	0.509
8.926	-1.282E-2	0.261	0.262	-1.451E-2	8.577E-2	8.699E-2	-0.442	-0.270	0.518
8.942	-1.301E-2	0.263	0.264	-1.572E-2	7.681E-2	7.840E-2	-0.368	-0.765	0.849
8.959	-1.334E-2	0.264	0.264	-2.733E-2	4.927E-2	5.634E-2	0.197	-9.940E-2	0.221
8.976	-1.392E-2	0.265	0.265	-1.370E-2	7.430E-2	7.555E-2	0.448	0.390	0.594
8.992	-1.380E-2	0.267	0.267	-3.717E-3	7.277E-2	7.286E-2	0.197	-0.298	0.357
9.009	-1.405E-2	0.267	0.268	-1.348E-2	5.272E-2	5.442E-2	-0.175	-0.154	0.233
9.026	-1.425E-2	0.268	0.269	-8.157E-3	7.112E-2	7.158E-2	7.987E-4	0.767	0.767
9.042	-1.432E-2	0.270	0.270	-1.147E-2	8.147E-2	8.227E-2	4.723E-2	0.207	0.213
9.059	-1.463E-2	0.271	0.271	-1.043E-2	7.601E-2	7.672E-2	-0.377	-0.426	0.569
9.076	-1.467E-2	0.272	0.273	-1.831E-2	6.746E-2	6.990E-2	0.207	-0.138	0.249
9.092	-1.524E-2	0.273	0.274	-1.250E-2	6.926E-2	7.038E-2	0.251	-0.380	0.455
9.109	-1.508E-2	0.275	0.275	1.990E-5	5.998E-2	5.998E-2	-0.344	-0.873	0.939
9.126	-1.524E-2	0.275	0.276	-2.730E-2	3.551E-2	4.479E-2	-0.721	-0.280	0.774
9.142	-1.600E-2	0.276	0.276	-2.994E-2	4.783E-2	5.643E-2	0.711	0.261	0.757
9.159	-1.624E-2	0.277	0.277	1.032E-3	5.328E-2	5.329E-2	0.566	0.670	0.877
9.176	-1.596E-2	0.278	0.278	-5.497E-3	5.997E-2	6.022E-2	-0.480	0.273	0.552
9.193	-1.643E-2	0.279	0.279	-2.414E-2	7.202E-2	7.596E-2	-0.241	-0.387	0.456
9.209	-1.677E-2	0.280	0.280	-1.068E-2	4.392E-2	4.520E-2	0.239	-0.966	0.995
9.226	-1.678E-2	0.280	0.281	-1.229E-2	3.452E-2	3.664E-2	-0.603	0.265	0.659
9.243	-1.718E-2	0.281	0.282	-3.397E-2	5.626E-2	6.572E-2	-0.368	0.824	0.902
9.259	-1.792E-2	0.282	0.283	-2.817E-2	6.484E-2	7.070E-2	0.535	8.029E-2	0.541
9.276	-1.812E-2	0.283	0.284	-1.029E-2	5.663E-2	5.756E-2	0.299	-0.279	0.409
9.293	-1.826E-2	0.284	0.285	-1.854E-2	5.457E-2	5.763E-2	-0.537	1.943	2.016
9.309	-1.874E-2	0.285	0.286	-3.100E-2	0.114	0.119	-0.504	0.213	0.547
9.326	-1.929E-2	0.288	0.289	-3.446E-2	8.963E-2	9.603E-2	0.311	-1.927	1.952
9.343	-1.988E-2	0.288	0.289	-2.243E-2	1.694E-2	2.810E-2	0.798	-1.915	2.075
9.359	-2.004E-2	0.288	0.289	-4.631E-3	3.863E-2	3.890E-2	-0.401	0.631	0.747
9.376	-2.004E-2	0.289	0.290	-3.177E-2	4.129E-2	5.209E-2	-0.122	4.303E-2	0.129
9.393	-2.110E-2	0.290	0.291	-2.412E-2	3.529E-2	4.274E-2	0.285	-0.333	0.438
9.409	-2.084E-2	0.290	0.291	-3.707E-3	3.316E-2	3.336E-2	0.192	-0.133	0.234
9.426	-2.122E-2	0.291	0.292	-2.805E-2	2.875E-2	4.017E-2	-0.435	0.314	0.536
9.443	-2.178E-2	0.291	0.292	-1.902E-2	4.280E-2	4.683E-2	8.453E-2	0.141	0.164
9.459	-2.186E-2	0.292	0.293	-1.845E-2	3.942E-2	4.353E-2	8.050E-2	-9.130E-2	0.122
9.476	-2.240E-2	0.293	0.294	-2.352E-2	3.188E-2	3.962E-2	-0.396	-0.565	0.690
9.493	-2.264E-2	0.293	0.294	-2.568E-2	2.740E-2	3.755E-2	3.158E-2	1.032E-2	3.323E-2
9.510	-2.325E-2	0.294	0.295	-2.799E-2	2.546E-2	3.784E-2	0.339	-3.450E-2	0.340
9.526	-2.358E-2	0.294	0.295	-1.156E-2	3.214E-2	3.416E-2	-0.328	-0.333	0.467
9.543	-2.364E-2	0.295	0.296	-3.360E-2	1.333E-2	3.614E-2	-1.037	-0.444	1.129
9.560	-2.470E-2	0.295	0.296	-5.685E-2	1.217E-2	5.814E-2	0.529	0.285	0.601
9.576	-2.553E-2	0.295	0.296	-1.477E-2	2.805E-2	3.170E-2	1.351	0.517	1.447
9.593	-2.519E-2	0.296	0.297	2.689E-4	2.880E-2	2.880E-2	0.150	-0.160	0.219
9.610	-2.553E-2	0.296	0.297	-2.053E-2	2.223E-2	3.026E-2	-0.800	-0.495	0.941
9.626	-2.588E-2	0.296	0.298	-2.336E-2	1.221E-2	2.636E-2	-6.506E-2	-0.536	0.540
9.643	-2.631E-2	0.297	0.298	-2.359E-2	3.694E-3	2.388E-2	-1.002E-2	-0.292	0.293
9.660	-2.666E-2	0.297	0.298	-2.261E-2	2.289E-3	2.273E-2	-0.249	-9.817E-2	0.267
9.676	-2.706E-2	0.297	0.298	-3.140E-2	1.512E-3	3.143E-2	0.310	0.266	0.408
9.693	-2.771E-2	0.297	0.298	-1.741E-2	8.994E-3	1.960E-2	0.166	0.629	0.651
9.710	-2.764E-2	0.297	0.298	-1.571E-2	2.469E-2	2.926E-2	0.398	0.104	0.411
9.726	-2.824E-2	0.297	0.299	-1.578E-2	1.507E-2	2.182E-2	-0.145	-0.308	0.340
9.743	-2.817E-2	0.297	0.299	-9.986E-3	7.851E-3	1.270E-2	-3.648E-3	-0.429	0.429
9.760	-2.857E-2	0.298	0.299	-2.293E-2	6.778E-3	2.392E-2	-0.280	-0.147	0.316
9.776	-2.893E-2	0.298	0.299	-1.759E-2	-1.202E-3	1.763E-2	4.556E-2	-0.294	0.297
9.793	-2.916E-2	0.298	0.299	-1.951E-2	-1.020E-3	1.953E-2	8.371E-2	9.508E-3	8.425E-2
9.810	-2.958E-2	0.298	0.299	-1.820E-2	-1.619E-3	1.827E-2	-5.442E-2	-6.561E-2	8.524E-2
9.826	-2.976E-2	0.298	0.299	-1.739E-2	-2.541E-3	1.757E-2	-9.923E-2	-3.768E-2	0.106
9.843	-3.016E-2	0.298	0.299	-2.440E-2	-3.574E-3	2.466E-2	-0.239	-7.242E-2	0.250
9.860	-3.058E-2	0.297	0.299	-2.458E-2	-4.316E-3	2.495E-2	9.630E-2	-0.223	0.243
9.877	-3.098E-2	0.297	0.299	-2.147E-2	-1.081E-2	2.404E-2	-2.454E-2	5.815E-2	6.311E-2
9.893	-3.129E-2	0.297	0.299	-2.386E-2	-5.155E-3	2.441E-2	-0.135	0.395	0.417
9.910	-3.178E-2	0.297	0.299	-2.804E-2	6.080E-3	2.869E-2	-3.126E-2	0.336	0.337
9.927	-3.223E-2	0.297	0.299	-2.423E-2	4.895E-3	2.472E-2	0.692	-2.689E-2	0.692
9.943	-3.259E-2	0.297	0.299	-6.472E-3	4.449E-3	7.853E-3	0.352	-0.363	0.506
9.960	-3.245E-2	0.297	0.299	-6.439E-3	-5.084E-3	8.204E-3	-0.474	-0.196	0.513
9.977	-3.280E-2	0.297	0.299	-2.780E-2	-6.671E-3	2.859E-2	-0.417	6.492E-2	0.422
9.993	-3.337E-2	0.297	0.299	-2.179E-2	1.408E-3	2.184E-2	0.367	0.261	0.450
10.010	-3.353E-2	0.297	0.299	-1.091E-2	3.911E-4	1.091E-2	0.444	-0.105	0.456
10.027	-3.374E-2	0.297	0.299	-9.580E-3	-1.598E-3	9.713E-3	-0.160	-0.370	0.403
10.043	-3.385E-2	0.297	0.299	-1.418E-2	-1.144E-2	1.822E-2	-0.457	-0.154	0.482
10.060	-3.421E-2	0.297	0.299	-2.662E-2	-9.963E-3	2.842E-2	-0.302	0.302	0.427
10.077	-3.474E-2	0.297	0.299	-2.550E-2	1.990E-3	2.558E-2	-0.597	-6.800E-2	0.601
10.093	-3.506E-2	0.297	0.299	-4.097E-2	-1.059E-2	4.231E-2	0.114	-0.790	0.798
10.110	-3.611E-2	0.297	0.299	-3.299E-2	-2.872E-2	4.374E-2	0.793	-0.388	0.883
10.127	-3.616E-2	0.296	0.298	-3.002E-3	-2.334E-2	2.353E-2	0.616	0.498	0.792
10.143	-3.621E-2	0.296	0.298	-1.480E-2	-1.007E-2	1.790E-2	-0.802	0.548	0.972
10.160	-3.666E-2	0.296	0.298	-3.251E-2	-4.811E-3	3.287E-2	-0.432	0.167	0.463
10.177	-3.729E-2	0.296	0.298	-3.017E-2	-5.081E-3	3.059E-2	9.499E-2	-0.275	0.291
10.194	-3.766E-2	0.295	0.298	-2.580E-2	-1.308E-2	2.892E-2	0.239	-0.475	0.532
10.210	-3.815E-2	0.295	0.298	-2.495E-2	-2.270E-2	3.373E-2	-5.177E-2	-0.387	0.390
10.227	-3.849E-2	0.295	0.297	-2.513E-2	-2.543E-2	3.575E-2	0.399	0.335	0.521
10.244	-3.899E-2	0.294	0.297	-1.557E-2	-1.323E-2	2.043E-2	3.500E-2	5.162E-2	6.237E-2
10.260	-3.901E-2	0.294	0.297	-1.705E-2	-1.752E-2	2.445E-2	-0.562	-0.490	0.745
10.277	-3.956E-2	0.294	0.296	-3.977E-2	-3.607E-2	5.369E-2	-9.838E-2	-4.148E-2	0.107
10.294	-4.034E-2	0.293	0.296	-2.349E-2	-1.946E-2	3.050E-2	0.862	0.740	1.136
10.310	-4.034E-2	0.293	0.296	-2.892E-3	-5.440E-3	6.160E-3	-0.352	-2.917E-2	0.354
10.327	-4.044E-2	0.293	0.296	-3.518E-2	-2.234E-2	4.168E-2	-1.099	-0.921	1.434
10.344	-4.152E-2	0.292	0.295	-4.970E-2	-3.875E-2	6.303E-2	-0.666	-0.292	0.727
10.360	-4.210E-2	0.292	0.295	-4.714E-2	-3.265E-2	5.734E-2	0.473	0.167	0.502
10.377	-4.309E-2	0.291	0.294	-4.208E-2	-2.905E-2	5.113E-2	4.322E-2	0.336	0.339
10.394	-4.350E-2	0.291	0.294	-3.715E-2	-2.587E-2	4.527E-2	0.344	-1.722E-2	0.344
10.410	-4.433E-2	0.290	0.294	-3.831E-2	-2.493E-2	4.570E-2	2.364E-2	-0.181	0.183
10.427	-4.478E-2	0.290	0.293	-3.078E-2	-3.531E-2	4.684E-2	0.603	6.095E-2	0.606
10.444	-4.536E-2	0.289	0.293	-2.263E-2	-2.419E-2	3.313E-2	-0.350	3.310E-4	0.350
10.460	-4.553E-2	0.289	0.293	-3.500E-2	-2.870E-2	4.526E-2	-0.225	3.040E-2	0.227
10.477	-4.652E-2	0.288	0.292	-4.138E-2	-3.216E-2	5.241E-2	-0.323	-0.391	0.508
10.494	-4.691E-2	0.288	0.292	-3.546E-2	-3.300E-2	4.844E-2	0.228	0.141	0.268
10.511	-4.771E-2	0.287	0.291	-4.074E-2	-3.560E-2	5.411E-2	0.179	0.207	0.274
10.527	-4.827E-2	0.287	0.291	-2.687E-2	-2.071E-2	3.392E-2	4.414E-2	2.698E-2	5.173E-2
10.544	-4.860E-2	0.286	0.291	-3.590E-2	-3.361E-2	4.918E-2	-0.658	-0.957	1.161
10.561	-4.947E-2	0.286	0.290	-5.414E-2	-5.629E-2	7.810E-2	-0.341	-0.410	0.533
10.577	-5.041E-2	0.285	0.289	-4.689E-2	-4.928E-2	6.802E-2	0.370	0.614	0.717
10.594	-5.104E-2	0.284	0.289	-3.865E-2	-3.116E-2	4.965E-2	0.236	0.400	0.464
10.611	-5.170E-2	0.284	0.288	-4.055E-2	-3.574E-2	5.405E-2	1.295E-3	-0.217	0.217
10.627	-5.239E-2	0.283	0.288	-3.901E-2	-4.166E-2	5.708E-2	0.278	-0.266	0.385
10.644	-5.300E-2	0.282	0.287	-3.126E-2	-4.233E-2	5.262E-2	0.575	-3.143E-3	0.575
10.661	-5.343E-2	0.281	0.286	-1.951E-2	-4.328E-2	4.748E-2	-0.229	-6.180E-2	0.237
10.677	-5.365E-2	0.281	0.286	-3.476E-2	-4.308E-2	5.536E-2	-1.123	-0.385	1.187
10.694	-5.459E-2	0.280	0.285	-6.309E-2	-5.548E-2	8.402E-2	-0.373	-0.202	0.424
10.711	-5.576E-2	0.279	0.284	-4.902E-2	-5.423E-2	7.310E-2	0.217	9.341E-2	0.236
10.727	-5.623E-2	0.278	0.284	-4.635E-2	-4.688E-2	6.593E-2	0.104	-2.226E-2	0.107
10.744	-5.730E-2	0.277	0.283	-5.505E-2	-5.708E-2	7.929E-2	0.667	-0.113	0.677
10.761	-5.806E-2	0.276	0.282	-2.215E-2	-5.309E-2	5.752E-2	0.766	3.051E-2	0.767
10.777	-5.804E-2	0.275	0.282	-2.095E-2	-5.129E-2	5.540E-2	-0.413	-0.123	0.431
10.794	-5.876E-2	0.274	0.281	-4.534E-2	-6.068E-2	7.575E-2	-1.119	-0.160	1.130
10.811	-5.956E-2	0.273	0.280	-5.469E-2	-5.666E-2	7.875E-2	0.621	3.208E-2	0.622
10.827	-6.059E-2	0.273	0.279	-3.081E-2	-5.703E-2	6.483E-2	0.306	6.925E-2	0.313
10.844	-6.058E-2	0.272	0.278	-3.023E-2	-5.753E-2	6.499E-2	-0.263	-0.283	0.386
10.861	-6.160E-2	0.271	0.278	-5.375E-2	-6.265E-2	8.255E-2	-0.509	1.037E-2	0.509
10.878	-6.238E-2	0.269	0.277	-4.160E-2	-6.243E-2	7.503E-2	0.223	-0.103	0.246
10.894	-6.298E-2	0.269	0.276	-4.466E-2	-6.034E-2	7.507E-2	0.133	0.491	0.509
10.911	-6.387E-2	0.267	0.275	-4.182E-2	-5.236E-2	6.701E-2	-0.189	-0.203	0.277
10.928	-6.438E-2	0.267	0.275	-4.464E-2	-5.801E-2	7.320E-2	-0.173	-0.459	0.490
10.944	-6.536E-2	0.266	0.273	-5.379E-2	-7.684E-2	9.380E-2	-0.150	-0.314	0.348
10.961	-6.618E-2	0.264	0.272	-4.665E-2	-6.551E-2	8.043E-2	0.103	0.333	0.349
10.978	-6.691E-2	0.263	0.272	-4.956E-2	-6.313E-2	8.026E-2	0.493	0.314	0.584
10.994	-6.783E-2	0.262	0.271	-3.493E-2	-5.914E-2	6.869E-2	-0.412	-0.486	0.637
11.011	-6.808E-2	0.261	0.270	-5.160E-2	-7.252E-2	8.901E-2	-0.320	-0.159	0.358
11.028	-6.955E-2	0.260	0.269	-6.260E-2	-7.528E-2	9.790E-2	-2.802E-2	-0.122	0.125
11.044	-7.017E-2	0.259	0.268	-3.960E-2	-6.598E-2	7.695E-2	0.475	1.067E-2	0.475
11.061	-7.087E-2	0.258	0.267	-5.005E-2	-8.042E-2	9.473E-2	-0.429	-0.345	0.551
11.078	-7.184E-2	0.256	0.266	-5.604E-2	-7.782E-2	9.590E-2	8.340E-2	0.166	0.186
11.094	-7.274E-2	0.255	0.265	-4.671E-2	-7.252E-2	8.626E-2	-5.924E-2	-0.348	0.353
11.111	-7.340E-2	0.254	0.264	-5.401E-2	-8.840E-2	0.104	-4.605E-2	-0.246	0.250
11.128	-7.454E-2	0.252	0.263	-5.546E-2	-8.722E-2	0.103	-0.196	0.129	0.235
11.144	-7.525E-2	0.251	0.262	-5.307E-2	-7.651E-2	9.311E-2	0.717	0.447	0.845
11.161	-7.631E-2	0.249	0.261	-4.001E-2	-7.693E-2	8.671E-2	0.207	-0.111	0.235
11.178	-7.658E-2	0.248	0.260	-3.501E-2	-7.720E-2	8.476E-2	0.347	0.191	0.396
11.195	-7.748E-2	0.247	0.259	-3.939E-2	-7.404E-2	8.387E-2	-1.023	-0.203	1.043
11.211	-7.790E-2	0.246	0.258	-5.754E-2	-7.886E-2	9.762E-2	-0.369	-7.266E-2	0.376
11.228	-7.940E-2	0.244	0.257	-6.657E-2	-8.282E-2	0.106	-0.241	-0.477	0.535
11.245	-8.012E-2	0.243	0.256	-5.270E-2	-8.812E-2	0.103	0.707	-0.157	0.724
11.261	-8.116E-2	0.241	0.255	-5.089E-2	-9.474E-2	0.108	0.355	-1.009E-2	0.355
11.278	-8.181E-2	0.240	0.253	-3.647E-2	-8.440E-2	9.194E-2	-5.519E-2	0.349	0.353
11.295	-8.238E-2	0.239	0.252	-5.114E-2	-8.339E-2	9.782E-2	-3.922E-2	-0.127	0.133
11.311	-8.352E-2	0.237	0.251	-4.631E-2	-8.875E-2	0.100	6.064E-3	2.224E-2	2.305E-2
11.328	-8.392E-2	0.236	0.250	-3.986E-2	-8.477E-2	9.367E-2	0.550	0.134	0.566
11.345	-8.485E-2	0.234	0.249	-3.813E-2	-8.081E-2	8.935E-2	-0.424	0.159	0.453
11.361	-8.520E-2	0.233	0.248	-4.350E-2	-8.216E-2	9.296E-2	-0.709	-0.113	0.718
11.378	-8.630E-2	0.232	0.247	-7.027E-2	-8.276E-2	0.109	-4.019E-2	-8.318E-2	9.238E-2
11.395	-8.754E-2	0.230	0.246	-4.663E-2	-8.625E-2	9.804E-2	0.802	0.237	0.836
11.411	-8.786E-2	0.229	0.245	-3.309E-2	-7.591E-2	8.281E-2	0.335	7.052E-2	0.342
11.428	-8.864E-2	0.228	0.244	-4.385E-2	-7.894E-2	9.030E-2	-0.595	-0.815	1.009
11.445	-8.932E-2	0.226	0.243	-4.883E-2	-0.106	0.117	0.105	-0.619	0.628
11.461	-9.027E-2	0.224	0.242	-4.491E-2	-0.104	0.113	0.195	0.483	0.521
11.478	-9.082E-2	0.223	0.240	-3.707E-2	-8.413E-2	9.193E-2	-0.118	0.344	0.363
11.495	-9.151E-2	0.221	0.239	-5.050E-2	-9.226E-2	0.105	-0.110	-0.503	0.514
11.512	-9.251E-2	0.219	0.238	-4.482E-2	-0.105	0.114	-0.233	-8.435E-2	0.248
11.528	-9.301E-2	0.218	0.237	-4.990E-2	-9.510E-2	0.107	0.280	-0.421	0.506
11.545	-9.417E-2	0.216	0.236	-4.659E-2	-0.112	0.121	6.639E-2	-2.592E-2	7.127E-2
11.562	-9.456E-2	0.214	0.234	-3.637E-2	-0.109	0.115	0.579	0.299	0.652
11.578	-9.538E-2	0.213	0.233	-3.616E-2	-8.834E-2	9.545E-2	-0.645	0.346	0.732
11.595	-9.577E-2	0.211	0.232	-4.861E-2	-0.103	0.114	-0.459	-0.331	0.566
11.612	-9.701E-2	0.209	0.231	-6.237E-2	-0.101	0.119	0.244	-0.104	0.265
11.628	-9.785E-2	0.208	0.230	-3.554E-2	-0.102	0.108	0.479	-9.237E-2	0.488
11.645	-9.819E-2	0.206	0.228	-4.090E-2	-0.109	0.116	0.207	0.304	0.368
11.662	-9.921E-2	0.204	0.227	-3.966E-2	-9.182E-2	0.100	-0.217	-6.750E-2	0.227
11.678	-9.951E-2	0.203	0.226	-3.646E-2	-0.104	0.110	-0.380	-0.667	0.768
11.695	-0.100	0.201	0.224	-5.994E-2	-0.124	0.138	-0.298	-0.245	0.386
11.712	-0.102	0.199	0.223	-4.772E-2	-0.108	0.118	0.880	0.681	1.112
11.728	-0.102	0.197	0.222	-2.560E-2	-9.901E-2	0.102	-0.296	-0.331	0.444
11.745	-0.102	0.195	0.220	-5.397E-2	-0.119	0.130	-0.707	-0.447	0.836
11.762	-0.104	0.193	0.219	-6.283E-2	-0.121	0.136	-0.168	0.287	0.333
11.778	-0.104	0.191	0.218	-4.672E-2	-0.102	0.113	0.504	0.678	0.845
11.795	-0.105	0.190	0.217	-5.222E-2	-9.971E-2	0.113	0.500	-0.522	0.723
11.812	-0.106	0.188	0.216	-3.078E-2	-0.118	0.122	0.748	-1.574E-2	0.748
11.828	-0.106	0.186	0.214	-2.102E-2	-0.109	0.111	-0.579	-9.271E-2	0.587
11.845	-0.107	0.184	0.213	-5.219E-2	-0.107	0.119	-1.078	-0.342	1.131
11.862	-0.108	0.182	0.212	-6.359E-2	-0.131	0.146	0.100	-0.297	0.314
11.879	-0.109	0.180	0.210	-4.387E-2	-0.116	0.124	0.351	9.818E-2	0.364
11.895	-0.110	0.178	0.209	-4.889E-2	-0.121	0.130	0.367	-0.253	0.446
11.912	-0.111	0.176	0.208	-4.012E-2	-0.133	0.139	-0.120	-0.155	0.196
11.929	-0.111	0.174	0.206	-4.104E-2	-0.121	0.128	-2.819E-2	0.324	0.325
11.945	-0.112	0.172	0.205	-5.276E-2	-0.122	0.133	-0.353	-0.179	0.396
11.962	-0.113	0.170	0.204	-4.540E-2	-0.129	0.137	0.529	2.175E-2	0.530
11.979	-0.114	0.167	0.202	-3.958E-2	-0.123	0.129	-0.122	0.429	0.446
11.995	-0.114	0.166	0.201	-4.377E-2	-0.112	0.120	7.436E-2	0.119	0.140
12.012	-0.115	0.164	0.200	-4.469E-2	-0.118	0.126	0.125	-0.221	0.254
12.029	-0.116	0.162	0.199	-3.329E-2	-0.122	0.127	9.616E-2	-0.336	0.350
12.045	-0.116	0.160	0.197	-4.300E-2	-0.126	0.133	-0.271	-0.217	0.348
12.062	-0.117	0.157	0.196	-4.495E-2	-0.132	0.140	0.264	8.307E-2	0.277
12.079	-0.118	0.155	0.195	-3.252E-2	-0.123	0.127	-0.338	-0.258	0.425
12.095	-0.118	0.153	0.194	-5.136E-2	-0.136	0.145	-0.159	0.239	0.287
12.112	-0.119	0.151	0.192	-5.004E-2	-0.127	0.136	0.249	-0.462	0.525
12.129	-0.120	0.149	0.191	-3.056E-2	-0.134	0.138	0.681	0.160	0.699
12.145	-0.120	0.146	0.189	-3.396E-2	-0.141	0.145	-0.652	-0.152	0.670
12.162	-0.121	0.144	0.188	-4.753E-2	-0.123	0.132	6.373E-2	0.788	0.791
12.179	-0.122	0.142	0.187	-4.097E-2	-0.125	0.131	7.886E-2	-0.519	0.525
12.196	-0.122	0.140	0.186	-3.307E-2	-0.132	0.136	0.206	6.831E-2	0.217
12.212	-0.123	0.138	0.185	-4.314E-2	-0.132	0.139	-0.191	-0.375	0.421
12.229	-0.124	0.136	0.184	-3.549E-2	-0.133	0.138	-0.155	-0.334	0.368
12.246	-0.124	0.133	0.182	-4.702E-2	-0.153	0.160	-0.299	0.230	0.377
12.262	-0.125	0.131	0.181	-5.064E-2	-0.126	0.136	-0.213	0.431	0.481
12.279	-0.126	0.129	0.180	-4.862E-2	-0.127	0.136	0.340	-0.539	0.637
12.296	-0.127	0.126	0.179	-4.432E-2	-0.155	0.161	-0.255	-0.505	0.565
12.312	-0.127	0.124	0.178	-5.030E-2	-0.143	0.151	-1.937E-2	0.694	0.694
12.329	-0.129	0.122	0.177	-5.363E-2	-0.128	0.139	0.243	0.247	0.346
12.346	-0.129	0.120	0.176	-3.615E-2	-0.135	0.139	0.480	4.448E-4	0.480
12.362	-0.130	0.117	0.175	-3.796E-2	-0.132	0.137	-4.257E-3	-0.466	0.466
12.379	-0.130	0.115	0.174	-3.884E-2	-0.143	0.148	-0.524	-9.034E-2	0.531
12.396	-0.131	0.112	0.173	-5.112E-2	-0.146	0.154	-0.228	-0.327	0.399
12.412	-0.132	0.110	0.172	-5.377E-2	-0.143	0.153	0.411	0.143	0.435
12.429	-0.133	0.108	0.171	-3.218E-2	-0.150	0.153	0.483	0.192	0.520
12.446	-0.133	0.105	0.170	-3.582E-2	-0.132	0.137	-0.384	0.892	0.971
12.462	-0.134	0.103	0.169	-4.907E-2	-0.120	0.130	-0.354	-0.488	0.603
12.479	-0.135	0.101	0.169	-4.711E-2	-0.144	0.152	0.400	-0.682	0.791
12.496	-0.136	9.847E-2	0.168	-3.546E-2	-0.155	0.159	0.240	0.142	0.279
12.513	-0.136	9.621E-2	0.167	-3.621E-2	-0.130	0.135	8.453E-2	0.484	0.492
12.529	-0.137	9.411E-2	0.166	-3.725E-2	-0.138	0.143	-0.130	-0.514	0.530
12.546	-0.137	9.161E-2	0.165	-3.626E-2	-0.152	0.156	-7.983E-3	0.468	0.468
12.563	-0.138	8.905E-2	0.164	-4.073E-2	-0.125	0.131	-0.506	1.366	1.457
12.579	-0.139	8.744E-2	0.164	-5.003E-2	-9.770E-2	0.110	0.170	0.759	0.777
12.596	-0.140	8.579E-2	0.164	-4.143E-2	-0.103	0.111	0.676	0.341	0.757
12.613	-0.140	8.399E-2	0.163	-2.034E-2	-8.999E-2	9.226E-2	0.526	1.047	1.172
12.629	-0.140	8.279E-2	0.163	-2.547E-2	-6.382E-2	6.872E-2	0.502	1.477	1.560
12.646	-0.141	8.187E-2	0.163	-8.837E-3	-4.266E-2	4.356E-2	0.426	1.638	1.693
12.663	-0.141	8.137E-2	0.162	-1.558E-3	-9.607E-3	9.733E-3	0.245	0.298	0.386
12.679	-0.141	8.154E-2	0.163	-9.516E-3	-2.380E-2	2.563E-2	-1.238E-2	-0.405	0.405
12.696	-0.141	8.057E-2	0.162	1.935E-3	-3.868E-2	3.872E-2	0.316	1.829E-2	0.316
12.713	-0.141	8.025E-2	0.162	1.570E-3	-1.346E-2	1.355E-2	-0.345	0.198	0.398
12.729	-0.141	8.012E-2	0.162	-1.020E-2	-3.009E-2	3.177E-2	-0.645	-0.727	0.972
12.746	-0.141	7.925E-2	0.162	-2.109E-2	-4.580E-2	5.042E-2	-0.431	9.105E-2	0.441
12.763	-0.142	7.859E-2	0.162	-2.440E-2	-2.417E-2	3.435E-2	0.227	0.327	0.398
12.779	-0.142	7.844E-2	0.162	-1.449E-2	-2.872E-2	3.217E-2	0.449	-0.405	0.605
12.796	-0.142	7.764E-2	0.162	-6.292E-3	-4.582E-2	4.625E-2	0.327	-0.359	0.486
12.813	-0.142	7.691E-2	0.162	-5.832E-3	-3.792E-2	3.837E-2	0.117	0.396	0.413
12.829	-0.142	7.637E-2	0.161	-1.759E-3	-3.159E-2	3.164E-2	9.670E-2	0.159	0.186
12.846	-0.142	7.586E-2	0.161	-2.101E-3	-3.279E-2	3.286E-2	0.181	8.799E-2	0.201
12.863	-0.142	7.528E-2	0.161	2.443E-3	-3.012E-2	3.022E-2	-0.456	-0.356	0.578
12.880	-0.142	7.486E-2	0.161	-1.206E-2	-4.074E-2	4.249E-2	-0.442	-0.234	0.501
12.896	-0.143	7.392E-2	0.161	-2.108E-2	-4.470E-2	4.942E-2	-0.116	-0.582	0.594
12.913	-0.143	7.336E-2	0.161	-9.359E-3	-5.197E-2	5.281E-2	0.403	0.103	0.416
12.930	-0.143	7.218E-2	0.160	-9.537E-3	-5.111E-2	5.199E-2	-9.669E-2	0.158	0.185
12.946	-0.143	7.166E-2	0.160	-1.203E-2	-3.753E-2	3.942E-2	0.185	3.575E-2	0.188
12.963	-0.143	7.093E-2	0.160	-5.534E-3	-5.311E-2	5.340E-2	-0.105	-0.835	0.841
12.980	-0.143	6.989E-2	0.160	-1.046E-2	-6.664E-2	6.746E-2	0.163	-7.172E-2	0.178
12.996	-0.144	6.871E-2	0.159	-7.889E-3	-5.723E-2	5.777E-2	0.417	0.328	0.531
13.013	-0.144	6.798E-2	0.159	1.012E-2	-5.034E-2	5.135E-2	0.333	5.478E-2	0.338
13.030	-0.143	6.703E-2	0.158	2.442E-3	-5.892E-2	5.897E-2	-0.629	-0.662	0.913
13.046	-0.144	6.601E-2	0.158	-1.268E-2	-7.067E-2	7.180E-2	-0.375	-0.107	0.390
13.063	-0.144	6.467E-2	0.158	-1.162E-2	-6.691E-2	6.791E-2	2.226E-3	0.332	0.332
13.080	-0.144	6.378E-2	0.157	-8.972E-3	-5.423E-2	5.497E-2	-0.212	0.243	0.322
13.096	-0.144	6.286E-2	0.157	-2.012E-2	-6.023E-2	6.350E-2	-0.667	-0.372	0.764
13.113	-0.145	6.177E-2	0.157	-3.169E-2	-6.768E-2	7.474E-2	-3.340E-2	-0.646	0.646
13.130	-0.145	6.060E-2	0.157	-2.363E-2	-8.022E-2	8.363E-2	0.815	4.851E-2	0.816
13.146	-0.145	5.909E-2	0.157	-1.331E-3	-7.139E-2	7.140E-2	0.287	0.319	0.429
13.163	-0.145	5.822E-2	0.157	-1.066E-2	-6.138E-2	6.230E-2	-0.147	0.235	0.277
13.180	-0.146	5.704E-2	0.157	-1.487E-2	-6.907E-2	7.066E-2	-0.308	0.241	0.391
13.197	-0.146	5.591E-2	0.156	-1.251E-2	-5.366E-2	5.510E-2	0.215	-0.464	0.512
13.213	-0.146	5.525E-2	0.156	-1.456E-2	-7.561E-2	7.700E-2	3.300E-2	-0.449	0.450
13.230	-0.146	5.339E-2	0.156	-6.621E-3	-8.477E-2	8.503E-2	0.449	-0.437	0.626
13.247	-0.146	5.243E-2	0.156	-2.416E-3	-7.496E-2	7.500E-2	-0.312	0.112	0.332
13.263	-0.146	5.089E-2	0.155	-1.268E-2	-9.002E-2	9.091E-2	-0.691	-0.108	0.699
13.280	-0.147	4.942E-2	0.155	-3.077E-2	-7.714E-2	8.305E-2	4.207E-2	0.237	0.240
13.297	-0.147	4.832E-2	0.155	-1.231E-2	-7.765E-2	7.862E-2	0.868	-0.389	0.951
13.313	-0.147	4.683E-2	0.155	4.654E-3	-9.422E-2	9.433E-2	0.169	-0.286	0.333
13.330	-0.147	4.517E-2	0.154	-8.966E-3	-8.857E-2	8.903E-2	-0.307	0.411	0.513
13.347	-0.148	4.388E-2	0.154	-9.524E-3	-7.683E-2	7.742E-2	5.525E-2	0.184	0.192
13.363	-0.148	4.261E-2	0.154	-2.426E-3	-8.273E-2	8.276E-2	-3.424E-2	-0.856	0.857
13.380	-0.148	4.112E-2	0.153	-1.190E-2	-0.105	0.106	-0.566	-0.708	0.906
13.397	-0.148	3.910E-2	0.153	-2.230E-2	-0.111	0.113	-0.205	0.348	0.404
13.413	-0.148	3.740E-2	0.153	-1.973E-2	-9.025E-2	9.238E-2	0.183	0.834	0.854
13.430	-0.149	3.609E-2	0.153	-1.384E-2	-8.123E-2	8.240E-2	0.533	0.291	0.607
13.447	-0.149	3.469E-2	0.153	-4.339E-3	-8.289E-2	8.300E-2	6.302E-2	-6.669E-2	9.176E-2
13.463	-0.149	3.332E-2	0.152	-7.071E-3	-8.288E-2	8.318E-2	-0.627	-0.664	0.913
13.480	-0.149	3.193E-2	0.152	-2.894E-2	-0.103	0.107	-0.350	-0.663	0.749
13.497	-0.150	2.990E-2	0.153	-2.192E-2	-0.112	0.114	0.416	-6.381E-2	0.421
13.514	-0.150	2.820E-2	0.152	-8.654E-3	-9.948E-2	9.986E-2	0.647	0.476	0.803
13.530	-0.150	2.658E-2	0.152	-4.552E-3	-9.667E-2	9.678E-2	-8.746E-2	-6.768E-2	0.111
13.547	-0.150	2.497E-2	0.152	-7.642E-3	-0.101	0.102	7.039E-2	4.616E-3	7.054E-2
13.564	-0.150	2.320E-2	0.152	-7.608E-3	-9.903E-2	9.932E-2	9.377E-2	-0.558	0.565
13.580	-0.150	2.167E-2	0.152	2.239E-4	-0.114	0.114	-0.259	3.476E-3	0.259
13.597	-0.150	1.940E-2	0.152	-1.638E-2	-0.110	0.111	-0.574	0.599	0.830
13.614	-0.151	1.800E-2	0.152	-2.364E-2	-8.341E-2	8.669E-2	-0.145	-0.383	0.410
13.630	-0.151	1.662E-2	0.152	-1.715E-2	-0.121	0.122	0.160	-0.804	0.820
13.647	-0.151	1.396E-2	0.152	-1.919E-2	-0.126	0.127	-0.219	0.430	0.483
13.664	-0.152	1.241E-2	0.152	-2.435E-2	-9.184E-2	9.501E-2	0.259	0.945	0.980
13.680	-0.152	1.090E-2	0.153	-1.340E-2	-9.781E-2	9.872E-2	0.152	0.394	0.422
13.697	-0.152	9.151E-3	0.152	-1.267E-2	-8.384E-2	8.479E-2	-2.869E-3	0.951	0.951
13.714	-0.153	8.102E-3	0.153	-2.037E-2	-5.956E-2	6.294E-2	-3.642E-2	1.189	1.190
13.730	-0.153	7.164E-3	0.153	-1.070E-2	-4.745E-2	4.864E-2	6.464E-2	0.378	0.383
13.747	-0.153	6.519E-3	0.153	-1.668E-2	-4.415E-2	4.719E-2	-0.158	0.323	0.359
13.764	-0.153	5.691E-3	0.153	-2.010E-2	-4.077E-2	4.545E-2	0.107	0.276	0.296
13.780	-0.154	5.158E-3	0.154	-1.048E-2	-3.166E-2	3.335E-2	0.463	0.167	0.492
13.797	-0.154	4.634E-3	0.154	-4.864E-3	-3.575E-2	3.608E-2	-0.140	-0.443	0.464
13.814	-0.154	3.965E-3	0.154	-1.349E-2	-4.676E-2	4.866E-2	-0.365	-0.532	0.645
13.830	-0.154	3.074E-3	0.154	-2.091E-2	-5.461E-2	5.848E-2	0.273	-0.738	0.787
13.847	-0.154	2.143E-3	0.154	-3.845E-3	-6.891E-2	6.901E-2	0.354	-0.580	0.679
13.864	-0.154	7.749E-4	0.154	-3.724E-3	-7.809E-2	7.818E-2	-0.434	0.796	0.907
13.881	-0.155	-4.624E-4	0.155	-2.329E-2	-4.370E-2	4.952E-2	-0.299	1.961	1.984
13.897	-0.155	-6.833E-4	0.155	-1.544E-2	-5.605E-3	1.643E-2	0.546	1.973	2.047
13.914	-0.155	-6.494E-4	0.155	-4.348E-4	1.771E-2	1.772E-2	0.569	1.322	1.439
13.931	-0.155	-9.227E-5	0.155	1.755E-3	4.083E-2	4.086E-2	0.114	0.625	0.635
13.947	-0.155	7.128E-4	0.155	3.398E-3	3.967E-2	3.981E-2	-8.307E-2	-0.340	0.350
13.964	-0.155	1.231E-3	0.155	-3.647E-4	2.659E-2	2.659E-2	8.282E-3	0.313	0.313
13.981	-0.155	1.600E-3	0.155	1.453E-3	4.656E-2	4.658E-2	0.639	0.852	1.065
13.997	-0.155	2.785E-3	0.155	2.140E-2	6.370E-2	6.720E-2	0.605	0.401	0.726
14.014	-0.154	3.726E-3	0.154	2.601E-2	5.462E-2	6.050E-2	-6.227E-2	-8.085E-2	0.102
14.031	-0.154	4.607E-3	0.154	1.501E-2	6.046E-2	6.229E-2	-0.613	2.632E-2	0.614
14.047	-0.154	5.743E-3	0.154	7.167E-3	5.919E-2	5.962E-2	-0.507	-0.471	0.692
14.064	-0.154	6.582E-3	0.154	-2.791E-3	4.226E-2	4.236E-2	0.391	-0.717	0.817
14.081	-0.154	7.153E-3	0.154	1.660E-2	3.422E-2	3.803E-2	0.568	0.429	0.712
14.097	-0.153	7.724E-3	0.153	2.548E-2	5.478E-2	6.042E-2	0.142	0.212	0.255
14.114	-0.153	8.981E-3	0.153	1.349E-2	5.067E-2	5.244E-2	-0.162	-0.618	0.639
14.131	-0.153	9.415E-3	0.153	2.200E-2	2.441E-2	3.286E-2	-1.473E-2	-0.674	0.675
14.147	-0.152	9.796E-3	0.153	1.606E-2	3.019E-2	3.420E-2	-0.430	6.348E-2	0.435
14.164	-0.152	1.042E-2	0.153	3.469E-3	2.995E-2	3.015E-2	-3.468E-2	-0.170	0.173
14.181	-0.152	1.079E-2	0.153	1.472E-2	2.143E-2	2.600E-2	0.286	-0.564	0.632
14.198	-0.152	1.114E-2	0.152	1.778E-2	1.303E-2	2.205E-2	0.333	-0.658	0.737
14.214	-0.152	1.123E-2	0.152	2.003E-2	-1.516E-3	2.009E-2	-0.253	-0.481	0.544
14.231	-0.151	1.109E-2	0.152	1.594E-2	-4.549E-3	1.657E-2	0.473	0.548	0.724
14.248	-0.151	1.108E-2	0.152	2.625E-2	1.650E-2	3.101E-2	0.210	0.685	0.716
14.264	-0.150	1.164E-2	0.151	3.481E-2	2.396E-2	4.226E-2	-9.029E-2	-0.208	0.226
14.281	-0.150	1.188E-2	0.150	1.514E-2	5.661E-3	1.617E-2	-0.887	-0.726	1.146
14.298	-0.150	1.183E-2	0.150	7.550E-3	-1.597E-3	7.717E-3	-6.561E-2	-0.282	0.290
14.314	-0.150	1.182E-2	0.150	1.079E-2	-1.832E-3	1.094E-2	0.141	0.261	0.297
14.331	-0.149	1.176E-2	0.150	1.571E-2	5.175E-3	1.654E-2	0.379	-2.540E-2	0.380
14.348	-0.149	1.200E-2	0.150	2.025E-2	1.790E-3	2.033E-2	-2.074E-2	-0.256	0.257
14.364	-0.149	1.182E-2	0.149	1.897E-2	-8.361E-3	2.073E-2	0.250	-0.608	0.657
14.381	-0.149	1.172E-2	0.149	2.303E-2	-1.499E-2	2.748E-2	-0.590	-0.132	0.605
14.398	-0.148	1.132E-2	0.148	8.275E-3	-1.651E-2	1.847E-2	-0.303	-0.264	0.402
14.414	-0.148	1.117E-2	0.149	2.743E-4	-1.916E-2	1.916E-2	0.282	-0.265	0.387
14.431	-0.148	1.069E-2	0.148	2.643E-2	-2.909E-2	3.930E-2	1.209	-8.803E-2	1.212
14.448	-0.147	1.020E-2	0.148	3.874E-2	-2.184E-2	4.447E-2	-0.341	0.248	0.422
14.464	-0.147	9.957E-3	0.147	1.946E-2	-1.810E-2	2.658E-2	-0.788	-0.212	0.816
14.481	-0.147	9.593E-3	0.147	3.112E-3	-2.991E-2	3.007E-2	-0.758	-0.427	0.870
14.498	-0.147	8.959E-3	0.147	1.789E-3	-3.462E-2	3.466E-2			
14.515	-0.147	8.438E-3	0.147						
