	mass C									
t	x	y	r	vx	vy	v	ax	ay	a	
0.000	4.013E-4	-5.555E-4	6.853E-4						
0.017	4.328E-4	-5.849E-4	7.276E-4	-1.505E-6	-8.101E-3	8.101E-3			
0.033	4.012E-4	-8.258E-4	9.181E-4	4.083E-3	-1.942E-2	1.984E-2	3.422E-2	-0.725	0.725
0.050	5.690E-4	-1.233E-3	1.358E-3	3.984E-3	-3.175E-2	3.199E-2	-0.158	-0.184	0.242
0.067	5.342E-4	-1.885E-3	1.959E-3	-3.559E-3	-2.845E-2	2.868E-2	-9.252E-2	0.427	0.437
0.083	4.502E-4	-2.182E-3	2.228E-3	5.470E-4	-1.395E-2	1.396E-2	-6.721E-2	0.437	0.442
0.100	5.524E-4	-2.351E-3	2.415E-3	-2.733E-3	-1.376E-2	1.403E-2	-0.187	-0.303	0.356
0.117	3.591E-4	-2.641E-3	2.666E-3	-9.338E-3	-2.463E-2	2.634E-2	3.678E-2	-0.334	0.336
0.133	2.408E-4	-3.172E-3	3.182E-3	-5.326E-4	-2.711E-2	2.712E-2	0.337	0.181	0.382
0.150	3.413E-4	-3.546E-3	3.562E-3	3.765E-3	-1.699E-2	1.740E-2	2.154E-2	0.355	0.356
0.167	3.665E-4	-3.739E-3	3.757E-3	-1.031E-3	-1.404E-2	1.408E-2	-1.317E-2	-0.184	0.184
0.184	3.069E-4	-4.015E-3	4.026E-3	2.110E-3	-2.359E-2	2.368E-2	0.279	-0.165	0.324
0.200	4.369E-4	-4.526E-3	4.547E-3	9.947E-3	-2.242E-2	2.453E-2	2.533E-2	0.212	0.214
0.217	6.388E-4	-4.763E-3	4.805E-3	3.927E-3	-1.326E-2	1.383E-2	-0.504	0.365	0.623
0.234	5.679E-4	-4.969E-3	5.001E-3	-8.868E-3	-1.130E-2	1.436E-2	-0.332	-0.166	0.371
0.250	3.429E-4	-5.140E-3	5.151E-3	-8.079E-3	-1.758E-2	1.935E-2	0.474	-0.405	0.623
0.267	2.984E-4	-5.555E-3	5.563E-3	7.682E-3	-2.679E-2	2.787E-2	0.419	-0.200	0.464
0.284	5.992E-4	-6.033E-3	6.063E-3	9.324E-3	-2.435E-2	2.608E-2	-0.223	0.430	0.484
0.300	6.095E-4	-6.368E-3	6.397E-3	-3.196E-3	-1.210E-2	1.251E-2	-0.478	0.216	0.524
0.317	4.926E-4	-6.437E-3	6.456E-3	-6.527E-3	-1.406E-2	1.551E-2	-2.547E-3	-9.807E-2	9.810E-2
0.334	3.917E-4	-6.837E-3	6.848E-3	-3.031E-3	-1.992E-2	2.015E-2	0.256	-0.176	0.311
0.350	3.914E-4	-7.102E-3	7.112E-3	2.456E-3	-1.717E-2	1.734E-2	0.302	8.991E-4	0.302
0.367	4.736E-4	-7.410E-3	7.425E-3	7.020E-3	-2.055E-2	2.172E-2	-0.226	-0.439	0.494
0.384	6.256E-4	-7.787E-3	7.812E-3	-3.082E-3	-3.102E-2	3.118E-2	-0.227	-0.216	0.314
0.400	3.708E-4	-8.445E-3	8.453E-3	-5.719E-3	-3.105E-2	3.158E-2	4.313E-2	0.256	0.259
0.417	4.348E-4	-8.824E-3	8.834E-3	2.957E-3	-1.937E-2	1.960E-2	3.931E-3	0.276	0.276
0.434	4.694E-4	-9.091E-3	9.104E-3	-6.046E-3	-2.133E-2	2.217E-2	-5.354E-2	-0.863	0.864
0.450	2.331E-4	-9.535E-3	9.538E-3	-2.666E-3	-4.720E-2	4.727E-2	0.114	-0.488	0.502
0.467	3.805E-4	-1.067E-2	1.067E-2	3.034E-3	-4.589E-2	4.599E-2	0.168	0.582	0.606
0.484	3.343E-4	-1.107E-2	1.107E-2	-6.558E-4	-1.926E-2	1.927E-2	-3.216E-2	0.778	0.779
0.500	3.586E-4	-1.131E-2	1.131E-2	3.150E-3	-2.080E-2	2.104E-2	-7.563E-2	0.183	0.198
0.517	4.394E-4	-1.176E-2	1.177E-2	-2.016E-3	-1.705E-2	1.717E-2	-0.133	-0.462	0.481
0.534	2.913E-4	-1.188E-2	1.188E-2	-4.168E-3	-2.929E-2	2.959E-2	9.479E-2	-0.232	0.251
0.551	3.003E-4	-1.274E-2	1.274E-2	3.106E-3	-3.496E-2	3.510E-2	-4.915E-2	-0.126	0.135
0.567	3.949E-4	-1.304E-2	1.305E-2	-4.321E-3	-2.468E-2	2.506E-2	-4.060E-2	0.355	0.357
0.584	1.562E-4	-1.356E-2	1.356E-2	-3.075E-3	-2.777E-2	2.794E-2	0.104	0.165	0.196
0.601	2.923E-4	-1.397E-2	1.397E-2	4.345E-3	-1.824E-2	1.875E-2	0.141	0.430	0.452
0.617	3.011E-4	-1.417E-2	1.417E-2	-8.781E-4	-1.206E-2	1.209E-2	-9.016E-2	0.182	0.203
0.634	2.630E-4	-1.437E-2	1.438E-2	1.010E-3	-1.299E-2	1.303E-2	6.951E-2	-0.320	0.327
0.651	3.348E-4	-1.460E-2	1.461E-2	2.798E-3	-2.181E-2	2.198E-2	9.013E-2	-0.300	0.313
0.667	3.564E-4	-1.510E-2	1.511E-2	2.889E-3	-2.576E-2	2.592E-2	-0.468	-0.502	0.687
0.684	4.312E-4	-1.546E-2	1.547E-2	-1.007E-2	-3.443E-2	3.587E-2	-0.263	-0.272	0.378
0.701	2.033E-5	-1.625E-2	1.625E-2	-1.208E-2	-4.005E-2	4.184E-2	0.251	0.341	0.424
0.717	2.806E-5	-1.680E-2	1.680E-2	3.541E-3	-2.092E-2	2.122E-2	0.266	0.763	0.808
0.734	1.385E-4	-1.695E-2	1.695E-2	-2.783E-3	-1.178E-2	1.210E-2	1.554E-2	-5.633E-2	5.844E-2
0.751	-6.479E-5	-1.719E-2	1.719E-2	-7.060E-4	-2.400E-2	2.401E-2	0.213	-0.366	0.423
0.767	1.149E-4	-1.775E-2	1.775E-2	9.178E-3	-2.713E-2	2.864E-2	0.152	0.303	0.339
0.784	2.415E-4	-1.810E-2	1.810E-2	2.932E-3	-1.205E-2	1.240E-2	-0.221	0.591	0.631
0.801	2.127E-4	-1.815E-2	1.815E-2	3.930E-4	-5.454E-3	5.468E-3	-0.248	-0.406	0.476
0.817	2.546E-4	-1.828E-2	1.828E-2	-3.244E-3	-2.505E-2	2.526E-2	-1.186E-2	-0.528	0.528
0.834	1.045E-4	-1.899E-2	1.899E-2	-2.829E-3	-2.952E-2	2.966E-2	6.024E-2	6.110E-2	8.580E-2
0.851	1.602E-4	-1.926E-2	1.927E-2	1.598E-3	-1.684E-2	1.691E-2	1.855E-2	0.488	0.488
0.868	1.578E-4	-1.955E-2	1.955E-2	-3.158E-3	-1.536E-2	1.568E-2	7.566E-2	-1.811E-2	7.780E-2
0.884	5.481E-5	-1.978E-2	1.978E-2	2.299E-3	-1.655E-2	1.670E-2	2.970E-2	8.966E-2	9.445E-2
0.901	2.345E-4	-2.010E-2	2.010E-2	1.946E-3	-1.416E-2	1.429E-2	-0.131	-0.188	0.229
0.918	1.197E-4	-2.025E-2	2.025E-2	-5.949E-3	-1.941E-2	2.031E-2	-5.436E-2	-0.209	0.216
0.934	3.600E-5	-2.075E-2	2.075E-2	8.237E-4	-2.548E-2	2.550E-2	8.248E-2	-9.137E-2	0.123
0.951	1.472E-4	-2.110E-2	2.110E-2	-6.199E-4	-1.988E-2	1.989E-2	1.854E-2	0.128	0.130
0.968	1.531E-5	-2.141E-2	2.141E-2	-2.278E-3	-2.114E-2	2.126E-2	-7.801E-2	0.120	0.143
0.984	7.120E-5	-2.181E-2	2.181E-2	-8.338E-5	-1.761E-2	1.761E-2	0.342	-3.708E-2	0.344
1.001	1.253E-5	-2.200E-2	2.200E-2	5.981E-3	-1.923E-2	2.014E-2	-0.237	0.200	0.310
1.018	2.708E-4	-2.245E-2	2.245E-2	-2.246E-3	-1.559E-2	1.575E-2	-0.177	-9.486E-2	0.201
1.034	-6.242E-5	-2.252E-2	2.252E-2	-8.041E-3	-1.637E-2	1.824E-2	-3.335E-2	-5.134E-2	6.122E-2
1.051	2.491E-6	-2.299E-2	2.299E-2	2.746E-3	-2.310E-2	2.327E-2	0.307	-0.188	0.360
1.068	2.920E-5	-2.329E-2	2.329E-2	3.432E-4	-1.921E-2	1.922E-2	-0.263	0.110	0.285
1.084	1.394E-5	-2.363E-2	2.363E-2	-5.567E-3	-2.061E-2	2.135E-2	-1.489E-2	-0.363	0.363
1.101	-1.566E-4	-2.398E-2	2.398E-2	-2.418E-3	-2.980E-2	2.990E-2	0.257	-7.958E-2	0.269
1.118	-6.673E-5	-2.463E-2	2.463E-2	5.836E-3	-2.754E-2	2.815E-2	0.131	0.138	0.191
1.134	3.818E-5	-2.490E-2	2.490E-2	1.640E-3	-2.002E-2	2.009E-2	-0.155	6.474E-2	0.168
1.151	-1.202E-5	-2.530E-2	2.530E-2	-1.014E-3	-2.762E-2	2.764E-2	7.097E-2	-0.129	0.147
1.168	4.336E-6	-2.582E-2	2.582E-2	4.709E-3	-2.560E-2	2.603E-2	0.200	0.337	0.392
1.185	1.451E-4	-2.615E-2	2.615E-2	6.679E-3	-1.494E-2	1.637E-2	-0.421	0.105	0.434
1.201	2.272E-4	-2.632E-2	2.632E-2	-8.472E-3	-2.005E-2	2.176E-2	-0.418	-0.155	0.446
1.218	-1.376E-4	-2.682E-2	2.682E-2	-1.222E-2	-2.452E-2	2.739E-2	0.255	-5.369E-2	0.261
1.235	-1.805E-4	-2.714E-2	2.714E-2	3.799E-3	-1.880E-2	1.918E-2	0.578	0.269	0.637
1.251	-1.081E-5	-2.745E-2	2.745E-2	7.832E-3	-1.661E-2	1.836E-2	-0.348	-6.831E-2	0.354
1.268	8.082E-5	-2.769E-2	2.769E-2	-7.519E-3	-1.975E-2	2.113E-2	-0.298	-9.962E-2	0.314
1.285	-2.617E-4	-2.811E-2	2.811E-2	-7.375E-3	-2.214E-2	2.333E-2	0.402	-0.160	0.432
1.301	-1.653E-4	-2.843E-2	2.843E-2	1.079E-2	-2.300E-2	2.541E-2	0.527	0.230	0.575
1.318	9.820E-5	-2.887E-2	2.887E-2	1.053E-2	-1.728E-2	2.023E-2	-0.479	0.340	0.587
1.335	1.859E-4	-2.900E-2	2.901E-2	-5.824E-3	-8.341E-3	1.017E-2	-0.313	-0.199	0.371
1.351	-9.613E-5	-2.915E-2	2.915E-2	-4.162E-3	-2.333E-2	2.370E-2	0.297	-0.486	0.569
1.368	4.707E-5	-2.978E-2	2.978E-2	9.212E-3	-2.977E-2	3.116E-2	0.318	2.905E-2	0.319
1.385	2.112E-4	-3.015E-2	3.015E-2	5.426E-3	-1.846E-2	1.924E-2	-0.367	0.443	0.575
1.401	2.281E-4	-3.040E-2	3.040E-2	-3.697E-3	-1.519E-2	1.564E-2	-0.235	-0.103	0.256
1.418	8.790E-5	-3.065E-2	3.065E-2	-3.783E-3	-2.147E-2	2.180E-2	0.148	-0.219	0.265
1.435	1.019E-4	-3.112E-2	3.112E-2	2.947E-3	-2.474E-2	2.492E-2	0.204	0.188	0.277
1.451	1.862E-4	-3.148E-2	3.148E-2	3.226E-3	-1.447E-2	1.483E-2	-0.158	0.718	0.735
1.468	2.095E-4	-3.160E-2	3.160E-2	-2.584E-3	-1.493E-4	2.588E-3	-0.131	0.101	0.166
1.485	1.000E-4	-3.148E-2	3.148E-2	-2.597E-3	-7.984E-3	8.396E-3	0.104	-0.492	0.503
1.502	1.229E-4	-3.186E-2	3.186E-2	2.446E-3	-2.195E-2	2.209E-2	0.180	-0.460	0.494
1.518	1.816E-4	-3.222E-2	3.222E-2	3.188E-3	-2.095E-2	2.119E-2	0.201	-0.131	0.240
1.535	2.293E-4	-3.256E-2	3.256E-2	8.139E-3	-2.576E-2	2.701E-2	-5.138E-2	0.293	0.297
1.552	4.532E-4	-3.307E-2	3.308E-2	4.330E-3	-1.484E-2	1.546E-2	-0.343	0.280	0.443
1.568	3.737E-4	-3.306E-2	3.306E-2	-6.416E-3	-9.684E-3	1.162E-2	-0.292	-5.445E-2	0.297
1.585	2.391E-4	-3.340E-2	3.340E-2	-5.011E-3	-2.175E-2	2.232E-2	0.138	-0.396	0.419
1.602	2.066E-4	-3.378E-2	3.379E-2	-8.676E-4	-2.195E-2	2.197E-2	9.375E-2	2.238E-2	9.639E-2
1.618	2.102E-4	-3.413E-2	3.413E-2	-1.732E-3	-2.048E-2	2.056E-2	0.169	-0.185	0.251
1.635	1.488E-4	-3.447E-2	3.447E-2	3.092E-3	-2.724E-2	2.741E-2	0.202	-0.287	0.351
1.652	3.133E-4	-3.504E-2	3.504E-2	7.560E-3	-3.237E-2	3.324E-2	-8.362E-2	4.671E-2	9.578E-2
1.668	4.010E-4	-3.555E-2	3.555E-2	-5.008E-4	-2.494E-2	2.494E-2	-0.210	0.211	0.298
1.685	2.966E-4	-3.587E-2	3.587E-2	-1.461E-3	-2.344E-2	2.349E-2	2.837E-2	0.264	0.265
1.702	3.523E-4	-3.633E-2	3.633E-2	2.726E-3	-1.927E-2	1.947E-2	0.333	8.566E-2	0.344
1.718	3.876E-4	-3.651E-2	3.652E-2	7.952E-3	-1.683E-2	1.861E-2	-0.144	0.183	0.233
1.735	6.176E-4	-3.689E-2	3.690E-2	1.437E-3	-1.681E-2	1.688E-2	-0.410	-9.241E-2	0.420
1.752	4.355E-4	-3.708E-2	3.708E-2	-1.019E-2	-1.663E-2	1.950E-2	-4.264E-2	-0.157	0.162
1.768	2.775E-4	-3.745E-2	3.745E-2	5.532E-4	-2.419E-2	2.419E-2	0.323	-0.171	0.365
1.785	4.540E-4	-3.788E-2	3.789E-2	4.255E-3	-2.258E-2	2.298E-2	-5.317E-2	-3.351E-2	6.285E-2
1.802	4.195E-4	-3.820E-2	3.820E-2	-4.159E-3	-2.339E-2	2.375E-2	-6.219E-2	-0.518	0.522
1.818	3.152E-4	-3.866E-2	3.866E-2	1.393E-3	-3.990E-2	3.992E-2	8.311E-2	-0.149	0.171
1.835	4.660E-4	-3.953E-2	3.953E-2	2.090E-3	-3.383E-2	3.389E-2	7.599E-3	0.246	0.246
1.852	3.849E-4	-3.979E-2	3.979E-2	-1.860E-3	-2.360E-2	2.367E-2	-9.931E-2	0.371	0.384
1.869	4.039E-4	-4.032E-2	4.032E-2	6.902E-4	-2.699E-2	2.700E-2	-7.398E-2	-4.032E-2	8.425E-2
1.885	4.080E-4	-4.069E-2	4.069E-2	-4.244E-3	-2.247E-2	2.287E-2	0.283	-0.218	0.357
1.902	2.623E-4	-4.107E-2	4.107E-2	6.715E-3	-3.340E-2	3.407E-2	0.281	-0.156	0.321
1.919	6.320E-4	-4.181E-2	4.181E-2	1.168E-2	-3.245E-2	3.448E-2	-8.840E-2	0.452	0.460
1.935	6.519E-4	-4.215E-2	4.216E-2	-1.108E-3	-1.432E-2	1.436E-2	-0.582	0.732	0.935
1.952	5.950E-4	-4.228E-2	4.229E-2	-6.466E-3	-7.897E-3	1.021E-2	2.523E-2	-0.264	0.265
1.969	4.362E-4	-4.241E-2	4.242E-2	-1.900E-3	-2.198E-2	2.206E-2	0.212	-0.427	0.477
1.985	5.316E-4	-4.302E-2	4.302E-2	3.542E-3	-2.745E-2	2.768E-2	0.136	4.908E-2	0.145
2.002	5.544E-4	-4.333E-2	4.333E-2	9.848E-4	-1.620E-2	1.623E-2	0.184	0.308	0.359
2.019	5.645E-4	-4.356E-2	4.356E-2	8.735E-3	-1.717E-2	1.926E-2	4.589E-2	1.582E-2	4.854E-2
2.035	8.458E-4	-4.390E-2	4.391E-2	6.388E-3	-1.750E-2	1.863E-2	-0.176	-0.179	0.251
2.052	7.777E-4	-4.414E-2	4.415E-2	-1.639E-3	-2.078E-2	2.085E-2	-0.230	-0.188	0.297
2.069	7.911E-4	-4.460E-2	4.460E-2	9.013E-4	-2.624E-2	2.626E-2	9.242E-2	0.151	0.177
2.085	8.077E-4	-4.502E-2	4.502E-2	1.106E-3	-1.586E-2	1.590E-2	8.779E-2	-3.533E-3	8.787E-2
2.102	8.280E-4	-4.513E-2	4.513E-2	3.519E-3	-2.166E-2	2.195E-2	0.302	-0.203	0.363
2.119	9.252E-4	-4.574E-2	4.575E-2	1.107E-2	-2.936E-2	3.138E-2	0.221	-0.126	0.255
2.135	1.197E-3	-4.611E-2	4.612E-2	1.260E-2	-2.162E-2	2.503E-2	0.125	0.116	0.170
2.152	1.346E-3	-4.646E-2	4.648E-2	1.286E-2	-2.583E-2	2.885E-2	-0.102	-0.137	0.171
2.169	1.626E-3	-4.697E-2	4.700E-2	1.161E-2	-2.786E-2	3.018E-2	-0.101	-9.999E-2	0.142
2.186	1.733E-3	-4.739E-2	4.742E-2	7.303E-3	-2.752E-2	2.848E-2	0.124	8.791E-2	0.152
2.202	1.870E-3	-4.789E-2	4.792E-2	1.568E-2	-2.635E-2	3.066E-2	-8.412E-2	0.252	0.265
2.219	2.256E-3	-4.827E-2	4.832E-2	8.581E-3	-1.854E-2	2.043E-2	-0.464	0.435	0.636
2.236	2.156E-3	-4.850E-2	4.855E-2	-5.157E-3	-1.138E-2	1.249E-2	-0.419	0.305	0.518
2.252	2.084E-3	-4.865E-2	4.870E-2	-3.230E-3	-8.313E-3	8.919E-3	4.995E-2	-8.790E-3	5.072E-2
2.269	2.049E-3	-4.878E-2	4.882E-2	-3.148E-3	-1.142E-2	1.184E-2	0.230	-0.611	0.652
2.286	1.979E-3	-4.903E-2	4.907E-2	2.973E-3	-2.791E-2	2.807E-2	0.366	-0.367	0.518
2.302	2.148E-3	-4.971E-2	4.976E-2	1.110E-2	-2.860E-2	3.068E-2	0.115	0.221	0.249
2.319	2.349E-3	-4.999E-2	5.004E-2	6.816E-3	-1.534E-2	1.679E-2	-4.952E-2	3.707E-2	6.185E-2
2.336	2.375E-3	-5.022E-2	5.028E-2	7.019E-3	-2.702E-2	2.791E-2	0.429	-0.407	0.591
2.352	2.583E-3	-5.089E-2	5.095E-2	2.207E-2	-3.356E-2	4.017E-2	0.217	5.551E-2	0.224
2.369	3.112E-3	-5.134E-2	5.144E-2	1.815E-2	-2.232E-2	2.877E-2	-0.538	0.412	0.677
2.386	3.189E-3	-5.163E-2	5.173E-2	-3.916E-4	-1.900E-2	1.900E-2	-0.455	-1.748E-2	0.456
2.402	3.099E-3	-5.198E-2	5.207E-2	2.336E-3	-2.372E-2	2.383E-2	0.281	-5.652E-2	0.287
2.419	3.267E-3	-5.242E-2	5.253E-2	1.169E-2	-2.213E-2	2.503E-2	0.135	0.370	0.394
2.436	3.489E-3	-5.272E-2	5.283E-2	7.081E-3	-1.064E-2	1.278E-2	-0.236	0.147	0.278
2.452	3.503E-3	-5.278E-2	5.289E-2	1.712E-3	-1.438E-2	1.448E-2	-6.189E-2	-0.374	0.379
2.469	3.546E-3	-5.320E-2	5.331E-2	5.691E-3	-2.688E-2	2.748E-2	-3.728E-2	-0.326	0.328
2.486	3.693E-3	-5.368E-2	5.380E-2	2.197E-3	-2.482E-2	2.492E-2	-0.296	0.262	0.395
2.502	3.619E-3	-5.402E-2	5.415E-2	-6.263E-3	-1.729E-2	1.839E-2	-4.595E-2	0.281	0.285
2.519	3.484E-3	-5.425E-2	5.436E-2	-5.456E-5	-1.479E-2	1.479E-2	0.272	-0.224	0.353
2.536	3.617E-3	-5.452E-2	5.464E-2	5.703E-3	-2.440E-2	2.506E-2	0.349	-0.432	0.556
2.553	3.675E-3	-5.507E-2	5.519E-2	9.014E-3	-3.164E-2	3.290E-2	0.188	-0.222	0.291
2.569	3.918E-3	-5.557E-2	5.571E-2	1.398E-2	-3.026E-2	3.333E-2	6.628E-2	0.264	0.272
2.586	4.141E-3	-5.608E-2	5.623E-2	1.064E-2	-2.385E-2	2.612E-2	-0.145	0.551	0.570
2.603	4.273E-3	-5.637E-2	5.653E-2	8.372E-3	-1.106E-2	1.387E-2	-0.138	0.158	0.209
2.619	4.421E-3	-5.645E-2	5.662E-2	6.857E-3	-1.597E-2	1.738E-2	-0.197	-2.012E-2	0.198
2.636	4.502E-3	-5.690E-2	5.708E-2	1.642E-3	-1.738E-2	1.746E-2	-0.170	-0.411	0.445
2.653	4.475E-3	-5.703E-2	5.720E-2	2.674E-4	-2.294E-2	2.294E-2	0.185	-6.635E-2	0.197
2.669	4.511E-3	-5.767E-2	5.784E-2	7.975E-3	-2.713E-2	2.828E-2	0.468	0.306	0.559
2.686	4.742E-3	-5.793E-2	5.812E-2	1.685E-2	-8.283E-3	1.878E-2	-0.207	0.114	0.236
2.703	5.073E-3	-5.794E-2	5.817E-2	3.461E-3	-2.009E-2	2.038E-2	-0.579	-0.485	0.755
2.719	4.857E-3	-5.860E-2	5.880E-2	-8.256E-3	-3.205E-2	3.309E-2	-0.141	3.691E-2	0.145
2.736	4.798E-3	-5.901E-2	5.921E-2	1.704E-3	-1.538E-2	1.548E-2	0.327	0.572	0.659
2.753	4.914E-3	-5.911E-2	5.932E-2	3.910E-3	-1.064E-2	1.134E-2	0.100	6.635E-2	0.120
2.769	4.928E-3	-5.937E-2	5.957E-2	3.100E-3	-1.578E-2	1.608E-2	-0.105	-0.217	0.241
2.786	5.017E-3	-5.964E-2	5.985E-2	1.963E-3	-1.720E-2	1.731E-2	-6.234E-2	-0.306	0.313
2.803	4.994E-3	-5.994E-2	6.015E-2	-4.090E-4	-2.520E-2	2.520E-2	-0.185	0.145	0.235
2.819	5.004E-3	-6.048E-2	6.069E-2	-2.926E-3	-1.649E-2	1.675E-2	-0.260	0.174	0.312
2.836	4.896E-3	-6.049E-2	6.069E-2	-9.748E-3	-1.225E-2	1.565E-2	6.085E-2	8.181E-4	6.085E-2
2.853	4.678E-3	-6.089E-2	6.107E-2	-2.799E-3	-2.222E-2	2.240E-2	0.285	-0.721	0.775
2.870	4.803E-3	-6.123E-2	6.142E-2	3.708E-3	-3.252E-2	3.273E-2	0.183	0.244	0.306
2.886	4.802E-3	-6.197E-2	6.216E-2	6.822E-4	-2.100E-2	2.101E-2	-0.165	0.693	0.712
2.903	4.825E-3	-6.194E-2	6.212E-2	-7.429E-4	-6.142E-4	9.639E-4	-0.192	0.346	0.396
2.920	4.777E-3	-6.200E-2	6.218E-2	-6.005E-3	-1.238E-2	1.376E-2	-5.606E-2	-0.774	0.776
2.936	4.625E-3	-6.235E-2	6.252E-2	-3.941E-3	-2.761E-2	2.789E-2	8.958E-2	-0.422	0.431
2.953	4.646E-3	-6.292E-2	6.309E-2	-7.962E-4	-2.790E-2	2.791E-2	-1.083E-2	-0.154	0.154
2.970	4.598E-3	-6.328E-2	6.345E-2	-5.278E-3	-2.904E-2	2.952E-2	-2.825E-2	6.268E-2	6.875E-2
2.986	4.470E-3	-6.389E-2	6.404E-2	-2.841E-3	-2.970E-2	2.984E-2	0.413	0.190	0.455
3.003	4.504E-3	-6.427E-2	6.443E-2	9.230E-3	-2.019E-2	2.220E-2	0.341	0.305	0.457
3.020	4.778E-3	-6.456E-2	6.474E-2	1.071E-2	-1.934E-2	2.210E-2	-0.333	0.296	0.445
3.036	4.861E-3	-6.492E-2	6.510E-2	-3.346E-3	-1.257E-2	1.301E-2	-0.454	-0.145	0.477
3.053	4.666E-3	-6.498E-2	6.515E-2	-6.725E-3	-1.916E-2	2.030E-2	0.132	-6.004E-2	0.145
3.070	4.637E-3	-6.556E-2	6.572E-2	2.996E-3	-2.203E-2	2.223E-2	0.289	0.102	0.307
3.086	4.766E-3	-6.571E-2	6.589E-2	4.105E-3	-9.904E-3	1.072E-2	-0.123	0.307	0.330
3.103	4.774E-3	-6.589E-2	6.606E-2	-2.425E-3	-1.329E-2	1.351E-2	-0.128	-0.168	0.211
3.120	4.685E-3	-6.616E-2	6.632E-2	-1.071E-3	-1.629E-2	1.632E-2	1.191E-2	-0.465	0.465
3.136	4.738E-3	-6.643E-2	6.660E-2	3.643E-5	-2.688E-2	2.688E-2	-0.112	-0.360	0.377
3.153	4.686E-3	-6.705E-2	6.722E-2	-5.901E-3	-3.208E-2	3.262E-2	-0.474	0.213	0.520
3.170	4.541E-3	-6.750E-2	6.765E-2	-1.522E-2	-1.798E-2	2.355E-2	5.193E-2	0.154	0.162
3.187	4.179E-3	-6.765E-2	6.778E-2	-7.634E-3	-2.321E-2	2.444E-2	0.730	-0.164	0.749
3.203	4.286E-3	-6.827E-2	6.841E-2	1.315E-2	-2.977E-2	3.255E-2	0.506	-5.376E-2	0.509
3.220	4.617E-3	-6.865E-2	6.880E-2	1.049E-2	-2.107E-2	2.353E-2	-0.306	0.200	0.366
3.237	4.636E-3	-6.898E-2	6.913E-2	-4.670E-4	-2.329E-2	2.329E-2	-0.441	3.426E-5	0.441
3.253	4.602E-3	-6.942E-2	6.958E-2	-3.184E-3	-2.281E-2	2.303E-2	0.133	0.234	0.269
3.270	4.530E-3	-6.974E-2	6.989E-2	2.864E-3	-1.447E-2	1.475E-2	-2.910E-2	4.486E-2	5.347E-2
3.287	4.697E-3	-6.991E-2	7.006E-2	-4.505E-4	-1.931E-2	1.932E-2	-0.108	-0.283	0.303
3.303	4.515E-3	-7.038E-2	7.053E-2	-5.523E-3	-2.735E-2	2.790E-2	-8.467E-2	-6.921E-2	0.109
3.320	4.513E-3	-7.082E-2	7.096E-2	-2.188E-4	-2.074E-2	2.074E-2	0.169	-6.019E-2	0.179
3.337	4.508E-3	-7.107E-2	7.122E-2	-6.460E-4	-2.639E-2	2.640E-2	4.628E-2	-0.401	0.404
3.353	4.491E-3	-7.170E-2	7.184E-2	9.703E-4	-3.799E-2	3.800E-2	3.109E-2	7.703E-2	8.307E-2
3.370	4.540E-3	-7.234E-2	7.248E-2	1.232E-3	-2.440E-2	2.443E-2	4.916E-2	0.606	0.608
3.387	4.532E-3	-7.251E-2	7.266E-2	1.566E-3	-1.326E-2	1.335E-2	-3.837E-2	0.484	0.485
3.403	4.592E-3	-7.278E-2	7.293E-2	1.118E-3	-1.176E-2	1.182E-2	-0.240	-0.196	0.310
3.420	4.570E-3	-7.291E-2	7.305E-2	-6.672E-3	-1.675E-2	1.803E-2	-0.102	-0.331	0.346
3.437	4.370E-3	-7.334E-2	7.347E-2	-4.517E-3	-2.614E-2	2.653E-2	0.166	6.878E-3	0.166
3.453	4.419E-3	-7.378E-2	7.391E-2	1.913E-3	-1.653E-2	1.664E-2	5.821E-4	0.146	0.146
3.470	4.433E-3	-7.389E-2	7.403E-2	-5.027E-3	-1.708E-2	1.781E-2	-0.100	-0.293	0.310
3.487	4.251E-3	-7.435E-2	7.447E-2	-3.962E-3	-3.015E-2	3.041E-2	7.713E-2	-0.300	0.309
3.503	4.301E-3	-7.490E-2	7.502E-2	7.010E-4	-2.731E-2	2.732E-2	0.237	0.268	0.358
3.520	4.275E-3	-7.526E-2	7.538E-2	1.814E-3	-1.944E-2	1.953E-2	-8.474E-2	0.376	0.385
3.537	4.362E-3	-7.555E-2	7.568E-2	-7.163E-5	-1.529E-2	1.529E-2	0.202	-7.974E-3	0.202
3.554	4.272E-3	-7.577E-2	7.589E-2	5.070E-3	-1.864E-2	1.931E-2	6.046E-2	-0.159	0.171
3.570	4.531E-3	-7.617E-2	7.631E-2	6.909E-3	-2.266E-2	2.369E-2	-2.420E-2	-6.159E-3	2.497E-2
3.587	4.503E-3	-7.653E-2	7.666E-2	6.776E-5	-1.812E-2	1.812E-2	-0.610	0.125	0.623
3.604	4.533E-3	-7.678E-2	7.691E-2	-1.003E-2	-1.742E-2	2.010E-2	-8.099E-3	-0.282	0.283
3.620	4.168E-3	-7.711E-2	7.722E-2	-6.091E-3	-2.759E-2	2.825E-2	0.254	-0.122	0.282
3.637	4.330E-3	-7.770E-2	7.782E-2	5.291E-3	-2.484E-2	2.539E-2	0.338	0.252	0.421
3.654	4.345E-3	-7.794E-2	7.806E-2	1.576E-3	-1.501E-2	1.509E-2	-0.181	0.343	0.388
3.670	4.383E-3	-7.820E-2	7.832E-2	3.365E-4	-1.515E-2	1.516E-2	-0.142	-0.420	0.443
3.687	4.356E-3	-7.844E-2	7.856E-2	-3.543E-3	-2.702E-2	2.725E-2	6.486E-2	-0.420	0.425
3.704	4.264E-3	-7.910E-2	7.921E-2	1.252E-3	-3.361E-2	3.363E-2	5.821E-2	0.186	0.195
3.720	4.398E-3	-7.956E-2	7.968E-2	1.532E-3	-1.869E-2	1.875E-2	-0.110	0.366	0.382
3.737	4.315E-3	-7.972E-2	7.984E-2	-5.209E-3	-1.834E-2	1.907E-2	-0.116	-5.703E-3	0.116
3.754	4.224E-3	-8.018E-2	8.029E-2	-1.998E-3	-2.326E-2	2.334E-2	0.167	-5.968E-2	0.178
3.770	4.249E-3	-8.050E-2	8.061E-2	1.419E-3	-1.814E-2	1.820E-2	0.163	0.475	0.503
3.787	4.271E-3	-8.078E-2	8.089E-2	2.736E-3	-8.761E-3	9.179E-3	-0.213	0.133	0.251
3.804	4.340E-3	-8.079E-2	8.091E-2	-4.112E-3	-1.019E-2	1.099E-2	-0.288	-0.504	0.581
3.820	4.134E-3	-8.112E-2	8.123E-2	-9.790E-3	-2.827E-2	2.992E-2	4.816E-2	-0.468	0.471
3.837	4.013E-3	-8.173E-2	8.183E-2	-1.431E-3	-2.811E-2	2.815E-2	0.356	0.428	0.557
3.854	4.086E-3	-8.206E-2	8.216E-2	3.507E-3	-1.145E-2	1.198E-2	-2.196E-2	0.459	0.459
3.871	4.130E-3	-8.212E-2	8.222E-2	-2.508E-3	-1.072E-2	1.101E-2	-0.282	-1.974E-2	0.282
3.887	4.003E-3	-8.242E-2	8.251E-2	-7.288E-3	-1.566E-2	1.727E-2	9.933E-2	-0.372	0.385
3.904	3.887E-3	-8.264E-2	8.273E-2	5.737E-4	-2.043E-2	2.043E-2	0.330	-7.630E-2	0.338
3.921	4.022E-3	-8.310E-2	8.320E-2	6.089E-3	-2.144E-2	2.228E-2	2.341E-2	-5.209E-2	5.711E-2
3.937	4.090E-3	-8.335E-2	8.345E-2	2.652E-4	-1.891E-2	1.891E-2	-0.345	0.182	0.390
3.954	4.031E-3	-8.373E-2	8.383E-2	-5.895E-3	-1.789E-2	1.884E-2	-0.419	0.596	0.728
3.971	3.894E-3	-8.395E-2	8.404E-2	-1.312E-2	7.704E-4	1.314E-2	-0.332	3.969	3.983
3.987	3.593E-3	-8.370E-2	8.378E-2	-1.805E-2	0.105	0.107	0.131	5.496	5.497
4.004	3.291E-3	-8.045E-2	8.051E-2	-9.296E-3	0.206	0.207	0.133	4.359	4.361
4.021	3.283E-3	-7.682E-2	7.689E-2	-9.765E-3	0.238	0.238	0.142	2.160	2.165
4.037	2.966E-3	-7.251E-2	7.257E-2	-9.765E-3	0.280	0.280	0.151	2.267	2.272
4.054	2.957E-3	-6.749E-2	6.755E-2	-7.271E-4	0.315	0.315	-0.297	1.761	1.786
4.071	2.941E-3	-6.201E-2	6.208E-2	-1.853E-2	0.338	0.338	-0.763	1.693	1.857
4.087	2.339E-3	-5.621E-2	5.626E-2	-3.180E-2	0.369	0.370	-0.424	1.399	1.462
4.104	1.880E-3	-4.970E-2	4.974E-2	-2.874E-2	0.390	0.391	0.523	1.428	1.521
4.121	1.380E-3	-4.322E-2	4.324E-2	-1.717E-2	0.410	0.410	0.758	0.939	1.206
4.137	1.307E-3	-3.602E-2	3.604E-2	-2.026E-4	0.428	0.428	0.791	1.096	1.352
4.154	1.373E-3	-2.895E-2	2.898E-2	7.986E-3	0.440	0.440	0.224	0.598	0.638
4.171	1.574E-3	-2.133E-2	2.139E-2	8.356E-3	0.453	0.453	0.101	1.563	1.566
4.188	1.652E-3	-1.382E-2	1.392E-2	9.100E-3	0.484	0.484	0.150	0.374	0.403
4.204	1.877E-3	-5.177E-3	5.507E-3	1.495E-2	0.481	0.482	-9.884E-3	-1.004	1.004
4.221	2.151E-3	2.236E-3	3.102E-3	9.524E-3	0.436	0.436	7.660E-2	-1.754	1.755
4.238	2.195E-3	9.382E-3	9.635E-3	1.376E-2	0.426	0.426	0.461	-0.864	0.980
4.254	2.610E-3	1.645E-2	1.666E-2	2.852E-2	0.410	0.411	-2.140E-2	-0.379	0.380
4.271	3.147E-3	2.306E-2	2.328E-2	1.497E-2	0.408	0.408	-0.685	-0.501	0.849
4.288	3.109E-3	3.007E-2	3.023E-2	-9.922E-5	0.401	0.401	-0.559	-0.813	0.987
4.304	3.144E-3	3.645E-2	3.659E-2	-2.832E-4	0.375	0.375	0.130	-1.220	1.227
4.321	3.100E-3	4.258E-2	4.270E-2	2.516E-3	0.362	0.362	0.196	-0.444	0.485
4.338	3.228E-3	4.853E-2	4.864E-2	7.995E-3	0.359	0.359	-0.129	-0.200	0.238
4.354	3.367E-3	5.457E-2	5.468E-2	-1.087E-3	0.357	0.357	-0.441	-0.750	0.870
4.371	3.191E-3	6.046E-2	6.054E-2	-9.603E-3	0.335	0.335	-8.840E-2	-0.814	0.818
4.388	3.046E-3	6.575E-2	6.582E-2	-3.215E-3	0.325	0.325	0.407	-0.533	0.671
4.404	3.084E-3	7.130E-2	7.137E-2	5.007E-3	0.323	0.323	0.182	-0.142	0.231
4.421	3.213E-3	7.654E-2	7.661E-2	3.478E-3	0.316	0.316	8.029E-2	-0.482	0.488
4.438	3.200E-3	8.185E-2	8.191E-2	5.217E-3	0.310	0.310	-0.294	-0.350	0.457
4.454	3.387E-3	8.689E-2	8.696E-2	-2.103E-3	0.302	0.302	-0.274	-0.416	0.498
4.471	3.130E-3	9.192E-2	9.198E-2	-9.434E-3	0.298	0.298	-0.229	-0.842	0.872
4.488	3.073E-3	9.683E-2	9.688E-2	-5.784E-3	0.276	0.276	0.174	-0.819	0.837
4.505	2.937E-3	0.101	0.101	-5.516E-3	0.265	0.265	1.195E-2	-0.569	0.570
4.521	2.889E-3	0.106	0.106	-4.128E-3	0.263	0.263	-6.565E-2	0.289	0.297
4.538	2.799E-3	0.110	0.110	-8.046E-3	0.268	0.268	-0.207	-0.299	0.363
4.555	2.620E-3	0.115	0.115	-1.152E-2	0.262	0.262	0.144	-0.680	0.695
4.571	2.415E-3	0.119	0.119	-4.233E-3	0.238	0.238	0.105	-0.702	0.710
4.588	2.479E-3	0.123	0.123	-4.415E-3	0.240	0.240	-0.558	-4.529E-2	0.560
4.605	2.267E-3	0.127	0.127	-2.466E-2	0.239	0.240	-0.555	-3.246E-2	0.556
4.621	1.656E-3	0.131	0.131	-2.663E-2	0.236	0.237	0.827	0.130	0.837
4.638	1.379E-3	0.134	0.135	4.484E-3	0.244	0.244	0.668	-8.803E-2	0.674
4.655	1.806E-3	0.139	0.139	3.430E-3	0.236	0.236	-0.513	-0.809	0.958
4.671	1.493E-3	0.142	0.142	-2.156E-2	0.214	0.215	-0.435	-0.644	0.777
4.688	1.086E-3	0.146	0.146	-1.069E-2	0.213	0.213	0.103	-0.668	0.675
4.705	1.137E-3	0.149	0.149	-1.170E-2	0.198	0.198	0.251	-0.281	0.377
4.721	6.959E-4	0.152	0.152	-1.073E-2	0.194	0.194	-0.187	-0.241	0.305
4.738	7.787E-4	0.156	0.156	-9.298E-3	0.200	0.200	-0.125	0.112	0.167
4.755	3.857E-4	0.159	0.159	-2.150E-2	0.191	0.193	-0.390	-0.324	0.507
4.771	6.123E-5	0.162	0.162	-1.967E-2	0.192	0.193	-0.114	-5.251E-2	0.125
4.788	-2.706E-4	0.165	0.165	-2.493E-2	0.189	0.190	-2.530E-2	-0.567	0.568
4.805	-7.706E-4	0.169	0.169	-2.293E-2	0.175	0.176	0.177	-1.250E-2	0.178
4.821	-1.036E-3	0.171	0.171	-1.624E-2	0.182	0.182	0.529	-0.349	0.634
4.838	-1.312E-3	0.175	0.175	-7.662E-3	0.175	0.175	0.346	0.141	0.374
4.855	-1.291E-3	0.177	0.177	-1.669E-3	0.172	0.172	0.189	-0.386	0.430
4.872	-1.368E-3	0.180	0.180	-3.616E-3	0.176	0.176	-0.770	0.241	0.807
4.888	-1.412E-3	0.183	0.183	-2.366E-2	0.169	0.170	-0.448	-0.322	0.552
4.905	-2.157E-3	0.186	0.186	-2.721E-2	0.173	0.175	0.361	-5.619E-2	0.366
4.922	-2.320E-3	0.189	0.189	-4.368E-3	0.162	0.162	0.313	7.775E-3	0.314
4.938	-2.303E-3	0.191	0.191	-1.538E-2	0.173	0.173	-5.739E-2	8.459E-2	0.102
4.955	-2.833E-3	0.195	0.195	-1.423E-2	0.171	0.171	0.145	8.113E-2	0.166
4.972	-2.778E-3	0.197	0.197	-2.376E-3	0.168	0.168	0.303	-0.479	0.567
4.988	-2.912E-3	0.200	0.200	-8.226E-3	0.162	0.163	-0.765	8.140E-2	0.770
5.005	-3.052E-3	0.203	0.203	-2.481E-2	0.162	0.164	-0.310	-0.749	0.811
5.022	-3.740E-3	0.206	0.206	-2.549E-2	0.149	0.151	-0.127	-0.163	0.206
5.038	-3.903E-3	0.208	0.208	-2.065E-2	0.142	0.144	0.290	7.905E-2	0.300
5.055	-4.429E-3	0.210	0.210	-2.248E-2	0.163	0.164	7.543E-2	0.563	0.568
5.072	-4.653E-3	0.213	0.213	-1.392E-2	0.157	0.158	0.464	-0.163	0.492
5.088	-4.893E-3	0.216	0.216	-9.168E-3	0.157	0.157	-0.233	-0.453	0.509
5.105	-4.959E-3	0.218	0.218	-1.810E-2	0.145	0.146	0.174	-0.244	0.299
5.122	-5.497E-3	0.220	0.220	-1.118E-2	0.143	0.143	-0.281	0.144	0.315
5.138	-5.332E-3	0.223	0.223	-1.575E-2	0.155	0.156	7.716E-2	0.128	0.150
5.155	-6.023E-3	0.226	0.226	-2.176E-2	0.147	0.149	-0.316	-0.749	0.813
5.172	-6.058E-3	0.228	0.228	-1.514E-2	0.129	0.130	0.226	-0.515	0.563
5.189	-6.528E-3	0.230	0.230	-2.166E-2	0.127	0.129	-0.277	0.302	0.410
5.205	-6.781E-3	0.232	0.232	-1.996E-2	0.142	0.143	0.159	0.309	0.347
5.222	-7.194E-3	0.235	0.235	-1.942E-2	0.139	0.141	-0.122	-6.412E-2	0.137
5.239	-7.429E-3	0.237	0.237	-2.084E-2	0.135	0.137	0.181	-0.352	0.396
5.255	-7.889E-3	0.239	0.239	-1.751E-2	0.131	0.133	-0.369	-0.662	0.759
5.272	-8.013E-3	0.241	0.241	-2.658E-2	0.112	0.115	0.265	0.132	0.296
5.289	-8.776E-3	0.243	0.243	-1.935E-2	0.130	0.131	-0.100	8.044E-2	0.128
5.305	-8.659E-3	0.245	0.246	-1.630E-2	0.129	0.130	0.764	-0.451	0.888
5.322	-9.320E-3	0.247	0.247	-8.707E-3	0.101	0.102	-6.597E-2	-0.439	0.444
5.339	-8.949E-3	0.249	0.249	-2.759E-3	0.117	0.117	-0.398	0.246	0.468
5.355	-9.412E-3	0.251	0.251	-3.283E-2	0.115	0.120	-1.158	-3.483E-2	1.158
5.372	-1.004E-2	0.253	0.253	-3.909E-2	0.109	0.116	0.455	-0.570	0.729
5.389	-1.072E-2	0.255	0.255	-2.013E-2	0.103	0.105	1.043	8.307E-2	1.046
5.405	-1.072E-2	0.256	0.256	1.422E-3	0.104	0.104	0.654	-4.422E-2	0.655
5.422	-1.067E-2	0.258	0.258	-3.464E-4	0.109	0.109	-8.535E-2	0.141	0.165
5.439	-1.073E-2	0.260	0.260	-2.653E-3	0.103	0.103	-0.328	-0.702	0.775
5.455	-1.076E-2	0.262	0.262	-9.492E-3	9.067E-2	9.117E-2	-0.657	-0.406	0.772
5.472	-1.104E-2	0.263	0.263	-2.568E-2	8.308E-2	8.696E-2	-0.529	-4.892E-3	0.529
5.489	-1.161E-2	0.264	0.265	-2.918E-2	9.461E-2	9.901E-2	-0.201	0.504	0.543
5.505	-1.202E-2	0.266	0.266	-2.905E-2	9.949E-2	0.104	0.428	3.523E-2	0.430
5.522	-1.258E-2	0.268	0.268	-1.911E-2	9.639E-2	9.827E-2	0.289	-0.513	0.588
5.539	-1.266E-2	0.269	0.269	-1.321E-2	8.222E-2	8.328E-2	0.206	-0.258	0.330
5.556	-1.302E-2	0.270	0.271	-1.754E-2	8.407E-2	8.588E-2	-0.637	0.111	0.647
5.572	-1.324E-2	0.272	0.272	-2.953E-2	9.118E-2	9.584E-2	0.746	0.426	0.859
5.589	-1.401E-2	0.273	0.274	-4.033E-3	9.436E-2	9.444E-2	0.242	-0.610	0.656
5.606	-1.338E-2	0.275	0.275	-1.448E-3	7.713E-2	7.714E-2	-0.624	-0.612	0.874
5.622	-1.406E-2	0.276	0.276	-4.198E-2	6.411E-2	7.664E-2	-0.621	-0.549	0.829
5.639	-1.478E-2	0.277	0.278	-2.009E-2	6.694E-2	6.989E-2	0.613	0.212	0.648
5.656	-1.473E-2	0.278	0.279	-1.263E-2	6.586E-2	6.706E-2	-0.378	0.460	0.595
5.672	-1.520E-2	0.279	0.280	-3.888E-2	8.426E-2	9.280E-2	-5.785E-2	0.106	0.121
5.689	-1.603E-2	0.281	0.281	-1.971E-2	7.425E-2	7.682E-2	0.681	-0.140	0.695
5.706	-1.586E-2	0.282	0.282	-4.014E-3	6.987E-2	6.998E-2	7.484E-2	-0.611	0.616
5.722	-1.616E-2	0.283	0.284	-2.465E-2	6.452E-2	6.907E-2	-0.627	-0.367	0.726
5.739	-1.668E-2	0.284	0.285	-2.551E-2	4.837E-2	5.469E-2	-6.013E-2	0.257	0.264
5.756	-1.701E-2	0.285	0.285	-2.364E-2	7.473E-2	7.838E-2	-6.085E-2	0.256	0.263
5.772	-1.747E-2	0.287	0.287	-2.911E-2	6.631E-2	7.242E-2	8.910E-2	-0.127	0.155
5.789	-1.798E-2	0.287	0.288	-2.195E-2	5.635E-2	6.048E-2	0.299	5.673E-3	0.299
5.806	-1.820E-2	0.288	0.289	-1.588E-2	7.617E-2	7.781E-2	-0.334	0.448	0.559
5.822	-1.851E-2	0.290	0.290	-3.316E-2	6.963E-2	7.712E-2	-0.332	-0.948	1.005
5.839	-1.931E-2	0.291	0.291	-3.277E-2	4.501E-2	5.567E-2	0.176	-0.766	0.786
5.856	-1.961E-2	0.291	0.292	-2.064E-2	3.844E-2	4.363E-2	-1.849E-2	-0.204	0.205
5.873	-1.999E-2	0.292	0.293	-3.462E-2	4.461E-2	5.647E-2	-2.176E-4	0.540	0.540
5.889	-2.076E-2	0.293	0.293	-2.633E-2	5.175E-2	5.806E-2	0.532	0.691	0.872
5.906	-2.087E-2	0.294	0.295	-9.244E-3	7.081E-2	7.141E-2	-0.256	0.147	0.295
5.923	-2.107E-2	0.295	0.296	-3.508E-2	5.954E-2	6.910E-2	-1.156	-0.939	1.489
5.939	-2.204E-2	0.296	0.297	-5.461E-2	3.426E-2	6.447E-2	-0.122	-0.887	0.895
5.956	-2.289E-2	0.296	0.297	-3.678E-2	3.013E-2	4.755E-2	0.972	0.401	1.052
5.973	-2.327E-2	0.297	0.298	-1.918E-2	4.742E-2	5.116E-2	0.455	0.334	0.564
5.989	-2.353E-2	0.298	0.299	-2.176E-2	4.710E-2	5.188E-2	0.507	0.238	0.560
6.006	-2.400E-2	0.298	0.299	-7.407E-3	4.700E-2	4.758E-2	-0.187	-0.558	0.588
6.023	-2.378E-2	0.299	0.300	-1.701E-2	3.814E-2	4.176E-2	-7.424E-2	-0.105	0.129
6.039	-2.456E-2	0.300	0.301	-2.459E-2	3.219E-2	4.051E-2	-0.613	-0.112	0.624
6.056	-2.460E-2	0.300	0.301	-2.369E-2	4.364E-2	4.966E-2	-0.362	0.267	0.450
6.073	-2.535E-2	0.301	0.302	-4.594E-2	3.693E-2	5.895E-2	-0.133	-0.309	0.337
6.089	-2.613E-2	0.302	0.303	-2.794E-2	3.431E-2	4.424E-2	0.831	-0.168	0.848
6.106	-2.629E-2	0.302	0.303	-1.233E-2	3.103E-2	3.339E-2	0.503	0.189	0.538
6.123	-2.654E-2	0.303	0.304	-1.480E-2	3.920E-2	4.190E-2	-8.417E-2	-0.116	0.143
6.139	-2.678E-2	0.304	0.305	-1.447E-2	3.238E-2	3.546E-2	-0.580	-0.674	0.890
6.156	-2.703E-2	0.304	0.305	-3.189E-2	1.138E-2	3.386E-2	-6.145E-2	4.049E-2	7.360E-2
6.173	-2.784E-2	0.304	0.305	-2.483E-2	3.119E-2	3.987E-2	-0.165	0.431	0.462
6.190	-2.785E-2	0.305	0.306	-2.462E-2	3.624E-2	4.382E-2	0.117	-0.263	0.288
6.206	-2.867E-2	0.305	0.306	-3.341E-2	1.376E-2	3.613E-2	7.106E-2	-0.673	0.677
6.223	-2.897E-2	0.305	0.307	-1.495E-2	1.510E-2	2.125E-2	0.287	0.266	0.391
6.240	-2.916E-2	0.306	0.307	-2.338E-2	2.368E-2	3.328E-2	-3.554E-2	0.221	0.224
6.256	-2.975E-2	0.306	0.308	-2.184E-2	2.369E-2	3.222E-2	0.107	-0.345	0.362
6.273	-2.989E-2	0.306	0.308	-1.364E-2	1.148E-2	1.783E-2	-0.278	-0.280	0.395
6.290	-3.020E-2	0.306	0.308	-3.249E-2	1.152E-2	3.447E-2	-0.431	-0.157	0.458
6.306	-3.098E-2	0.307	0.308	-3.311E-2	1.091E-2	3.486E-2	-5.966E-3	-0.230	0.230
6.323	-3.131E-2	0.307	0.308	-2.608E-2	4.885E-4	2.608E-2	0.499	-7.930E-2	0.505
6.340	-3.185E-2	0.307	0.308	-2.161E-2	7.700E-3	2.294E-2	0.170	0.470	0.500
6.356	-3.203E-2	0.307	0.309	-1.582E-2	1.870E-2	2.449E-2	7.636E-2	-0.170	0.186
6.373	-3.237E-2	0.307	0.309	-2.178E-2	3.742E-3	2.210E-2	-0.372	-0.335	0.501
6.390	-3.276E-2	0.307	0.309	-2.726E-2	4.254E-4	2.726E-2	-0.294	-1.567E-2	0.295
6.406	-3.328E-2	0.307	0.309	-3.254E-2	1.011E-2	3.407E-2	0.176	0.178	0.250
6.423	-3.384E-2	0.308	0.309	-2.260E-2	3.628E-3	2.289E-2	0.338	-0.116	0.358
6.440	-3.404E-2	0.308	0.309	-1.721E-2	5.475E-3	1.806E-2	-0.423	-5.692E-2	0.427
6.456	-3.442E-2	0.308	0.310	-3.771E-2	4.148E-3	3.794E-2	-0.370	-0.327	0.494
6.473	-3.530E-2	0.308	0.310	-3.551E-2	-6.907E-3	3.618E-2	0.157	-0.161	0.224
6.490	-3.560E-2	0.307	0.310	-2.454E-2	-3.230E-3	2.475E-2	0.450	5.025E-2	0.452
6.506	-3.612E-2	0.308	0.310	-2.550E-2	-9.186E-4	2.552E-2	-0.161	8.739E-2	0.183
6.523	-3.645E-2	0.307	0.310	-2.659E-2	-4.044E-3	2.690E-2	-0.182	-0.152	0.237
6.540	-3.700E-2	0.307	0.310	-3.399E-2	-3.554E-3	3.417E-2	5.684E-2	-1.813E-2	5.966E-2
6.557	-3.759E-2	0.307	0.310	-2.545E-2	-6.132E-3	2.618E-2	-0.353	0.194	0.403
6.573	-3.785E-2	0.307	0.310	-3.952E-2	2.386E-3	3.959E-2	-0.285	0.266	0.389
6.590	-3.891E-2	0.307	0.310	-4.559E-2	5.615E-3	4.593E-2	0.400	-0.124	0.418
6.607	-3.937E-2	0.307	0.310	-1.907E-2	-3.599E-3	1.940E-2	0.482	-0.336	0.587
6.623	-3.954E-2	0.307	0.310	-2.705E-2	-6.438E-3	2.781E-2	-0.285	-0.354	0.455
6.640	-4.028E-2	0.307	0.310	-3.584E-2	-1.313E-2	3.817E-2	-0.642	0.111	0.651
6.657	-4.074E-2	0.307	0.310	-4.172E-2	-7.350E-3	4.236E-2	-0.391	-5.113E-2	0.394
6.673	-4.167E-2	0.307	0.310	-5.427E-2	-7.574E-3	5.479E-2	-0.273	4.746E-3	0.273
6.690	-4.255E-2	0.307	0.310	-4.896E-2	-1.437E-2	5.102E-2	0.677	-0.385	0.779
6.707	-4.330E-2	0.306	0.310	-3.258E-2	-1.506E-2	3.589E-2	0.487	0.139	0.507
6.723	-4.364E-2	0.306	0.309	-2.847E-2	-1.442E-2	3.191E-2	-0.305	-0.292	0.422
6.740	-4.425E-2	0.306	0.309	-4.570E-2	-1.915E-2	4.955E-2	-0.865	-0.154	0.878
6.757	-4.516E-2	0.305	0.309	-5.812E-2	-2.570E-2	6.355E-2	-7.629E-2	-0.252	0.263
6.773	-4.619E-2	0.305	0.309	-4.973E-2	-2.299E-2	5.479E-2	0.811	0.485	0.944
6.790	-4.682E-2	0.305	0.308	-2.845E-2	-1.371E-2	3.159E-2	0.458	0.168	0.488
6.807	-4.714E-2	0.305	0.308	-3.171E-2	-1.128E-2	3.366E-2	-0.558	-0.325	0.646
6.823	-4.788E-2	0.304	0.308	-5.101E-2	-2.879E-2	5.858E-2	-0.752	-0.533	0.922
6.840	-4.884E-2	0.304	0.308	-5.705E-2	-3.002E-2	6.446E-2	0.156	8.930E-2	0.180
6.857	-4.978E-2	0.303	0.307	-4.608E-2	-2.363E-2	5.179E-2	0.488	0.875	1.001
6.874	-5.038E-2	0.303	0.307	-3.769E-2	-3.843E-3	3.788E-2	-6.012E-3	0.255	0.255
6.890	-5.104E-2	0.303	0.307	-4.718E-2	-6.942E-3	4.769E-2	-3.049E-2	-0.552	0.552
6.907	-5.195E-2	0.303	0.307	-4.240E-2	-3.075E-2	5.238E-2	0.163	-0.876	0.890
6.924	-5.245E-2	0.302	0.307	-3.622E-2	-3.360E-2	4.941E-2	0.414	0.471	0.627
6.940	-5.316E-2	0.302	0.306	-3.344E-2	-1.732E-2	3.766E-2	-0.300	0.310	0.432
6.957	-5.357E-2	0.302	0.306	-4.048E-2	-1.607E-2	4.356E-2	6.404E-2	-0.307	0.314
6.974	-5.451E-2	0.301	0.306	-3.960E-2	-3.413E-2	5.228E-2	-0.399	-0.683	0.791
6.990	-5.489E-2	0.300	0.305	-4.366E-2	-3.720E-2	5.736E-2	0.100	0.287	0.304
7.007	-5.597E-2	0.300	0.305	-4.718E-2	-2.610E-2	5.391E-2	0.372	0.308	0.483
7.024	-5.646E-2	0.300	0.305	-2.406E-2	-2.232E-2	3.282E-2	-4.794E-2	-0.274	0.278
7.040	-5.677E-2	0.299	0.304	-4.576E-2	-3.811E-2	5.956E-2	-0.754	-0.412	0.860
7.057	-5.799E-2	0.298	0.304	-5.974E-2	-3.824E-2	7.093E-2	-0.640	-0.302	0.708
7.074	-5.877E-2	0.298	0.304	-5.778E-2	-4.310E-2	7.208E-2	0.766	0.282	0.817
7.090	-5.992E-2	0.297	0.303	-4.306E-2	-3.626E-2	5.629E-2	0.526	0.228	0.573
7.107	-6.020E-2	0.297	0.303	-2.937E-2	-2.677E-2	3.974E-2	0.335	4.952E-2	0.339
7.124	-6.090E-2	0.296	0.302	-3.949E-2	-3.974E-2	5.602E-2	-0.581	-0.770	0.965
7.140	-6.152E-2	0.295	0.302	-4.517E-2	-5.082E-2	6.799E-2	8.755E-2	-0.360	0.370
7.157	-6.241E-2	0.294	0.301	-4.093E-2	-5.422E-2	6.793E-2	9.087E-2	-0.243	0.260
7.174	-6.289E-2	0.293	0.300	-3.640E-2	-5.564E-2	6.649E-2	0.315	0.391	0.502
7.191	-6.362E-2	0.292	0.299	-3.560E-2	-4.579E-2	5.800E-2	-0.215	3.468E-2	0.218
7.207	-6.407E-2	0.292	0.299	-3.841E-2	-4.672E-2	6.048E-2	-0.253	0.134	0.286
7.224	-6.490E-2	0.291	0.298	-4.865E-2	-5.024E-2	6.994E-2	0.116	-0.724	0.733
7.241	-6.570E-2	0.290	0.298	-3.448E-2	-6.125E-2	7.028E-2	0.120	0.702	0.712
7.257	-6.605E-2	0.289	0.296	-3.861E-2	-4.187E-2	5.695E-2	-0.135	3.287E-3	0.135
7.274	-6.699E-2	0.289	0.297	-4.704E-2	-3.935E-2	6.132E-2	-0.351	5.208E-2	0.355
7.291	-6.762E-2	0.288	0.295	-4.448E-2	-6.089E-2	7.541E-2	0.178	-0.783	0.803
7.307	-6.847E-2	0.287	0.295	-4.497E-2	-5.244E-2	6.908E-2	8.978E-2	0.622	0.628
7.324	-6.912E-2	0.286	0.294	-3.899E-2	-4.829E-2	6.206E-2	0.330	2.825E-2	0.331
7.341	-6.977E-2	0.285	0.294	-3.521E-2	-4.399E-2	5.635E-2	4.302E-2	-0.750	0.751
7.357	-7.030E-2	0.284	0.293	-3.596E-2	-7.564E-2	8.376E-2	-5.465E-2	-0.534	0.537
7.374	-7.097E-2	0.283	0.291	-3.895E-2	-6.993E-2	8.005E-2	-0.202	0.712	0.741
7.391	-7.160E-2	0.282	0.291	-4.122E-2	-4.164E-2	5.859E-2	2.447E-2	0.753	0.754
7.407	-7.235E-2	0.281	0.290	-4.002E-2	-4.700E-2	6.173E-2	0.130	-0.561	0.576
7.424	-7.293E-2	0.280	0.290	-3.503E-2	-6.164E-2	7.089E-2	0.128	-0.553	0.567
7.441	-7.351E-2	0.279	0.289	-3.619E-2	-6.683E-2	7.600E-2	-0.204	-0.394	0.444
7.457	-7.414E-2	0.278	0.288	-4.167E-2	-7.205E-2	8.323E-2	0.286	0.203	0.351
7.474	-7.490E-2	0.277	0.287	-2.987E-2	-6.463E-2	7.120E-2	3.182E-2	0.636	0.637
7.491	-7.514E-2	0.276	0.286	-3.279E-2	-4.605E-2	5.653E-2	-0.207	3.390E-2	0.210
7.508	-7.600E-2	0.275	0.286	-4.531E-2	-6.177E-2	7.661E-2	-4.564E-3	-0.600	0.600
7.524	-7.665E-2	0.274	0.284	-2.978E-2	-7.329E-2	7.911E-2	0.118	-0.434	0.450
7.541	-7.699E-2	0.273	0.284	-3.726E-2	-7.049E-2	7.973E-2	-0.108	-0.243	0.266
7.558	-7.789E-2	0.272	0.283	-4.130E-2	-8.294E-2	9.265E-2	-0.268	-0.209	0.340
7.574	-7.837E-2	0.270	0.281	-3.874E-2	-8.026E-2	8.912E-2	-0.111	0.209	0.237
7.591	-7.919E-2	0.269	0.280	-4.961E-2	-7.183E-2	8.729E-2	-0.142	-1.870E-2	0.143
7.608	-8.003E-2	0.268	0.279	-4.325E-2	-8.159E-2	9.234E-2	0.526	0.233	0.575
7.624	-8.063E-2	0.266	0.278	-3.070E-2	-6.912E-2	7.563E-2	-2.686E-2	0.425	0.426
7.641	-8.105E-2	0.265	0.277	-4.131E-2	-5.885E-2	7.190E-2	-0.581	0.149	0.600
7.658	-8.201E-2	0.264	0.277	-5.570E-2	-6.996E-2	8.942E-2	-0.455	-0.601	0.753
7.674	-8.291E-2	0.263	0.276	-5.375E-2	-7.675E-2	9.370E-2	0.375	-0.110	0.391
7.691	-8.380E-2	0.262	0.275	-4.462E-2	-7.622E-2	8.832E-2	0.477	-7.333E-2	0.483
7.708	-8.440E-2	0.260	0.274	-3.538E-2	-7.559E-2	8.346E-2	0.488	-3.324E-2	0.489
7.724	-8.498E-2	0.259	0.273	-3.018E-2	-8.017E-2	8.567E-2	-0.265	-0.287	0.391
7.741	-8.540E-2	0.258	0.272	-4.072E-2	-8.328E-2	9.270E-2	-0.429	0.416	0.598
7.758	-8.634E-2	0.256	0.271	-5.040E-2	-7.026E-2	8.647E-2	-0.444	9.410E-2	0.454
7.774	-8.709E-2	0.255	0.270	-5.085E-2	-7.178E-2	8.796E-2	0.154	-1.564E-2	0.155
7.791	-8.804E-2	0.254	0.269	-4.896E-2	-8.023E-2	9.399E-2	0.596	-0.593	0.841
7.808	-8.872E-2	0.253	0.268	-2.944E-2	-8.382E-2	8.884E-2	0.567	0.159	0.589
7.824	-8.902E-2	0.251	0.266	-2.664E-2	-8.267E-2	8.685E-2	-0.508	-3.532E-2	0.509
7.841	-8.961E-2	0.250	0.266	-4.863E-2	-7.720E-2	9.124E-2	-0.922	0.136	0.932
7.858	-9.064E-2	0.249	0.265	-6.021E-2	-8.362E-2	0.103	-9.230E-2	-0.264	0.279
7.875	-9.162E-2	0.247	0.264	-5.047E-2	-8.319E-2	9.730E-2	0.538	8.468E-2	0.544
7.891	-9.233E-2	0.246	0.263	-4.049E-2	-8.264E-2	9.203E-2	0.239	0.271	0.361
7.908	-9.297E-2	0.244	0.262	-4.253E-2	-7.352E-2	8.493E-2	-0.181	-0.182	0.257
7.925	-9.374E-2	0.243	0.261	-4.777E-2	-8.516E-2	9.764E-2	0.361	-0.427	0.559
7.941	-9.456E-2	0.242	0.259	-3.260E-2	-9.461E-2	0.100	0.306	-0.153	0.343
7.958	-9.483E-2	0.240	0.258	-3.061E-2	-8.574E-2	9.104E-2	-0.461	0.283	0.541
7.975	-9.558E-2	0.239	0.257	-5.327E-2	-8.581E-2	0.101	-0.449	0.450	0.636
7.991	-9.661E-2	0.237	0.256	-4.783E-2	-7.317E-2	8.742E-2	0.391	4.784E-2	0.394
8.008	-9.718E-2	0.236	0.256	-3.501E-2	-7.753E-2	8.507E-2	0.866	-0.213	0.891
8.025	-9.778E-2	0.235	0.254	-2.298E-2	-8.845E-2	9.138E-2	-6.071E-2	-0.267	0.274
8.041	-9.795E-2	0.233	0.253	-3.034E-2	-8.171E-2	8.716E-2	-0.808	-0.258	0.848
8.058	-9.879E-2	0.232	0.252	-5.668E-2	-9.621E-2	0.112	-0.599	-8.941E-2	0.606
8.075	-9.984E-2	0.230	0.251	-5.088E-2	-9.133E-2	0.105	0.241	-0.442	0.503
8.091	-0.100	0.229	0.250	-4.369E-2	-9.965E-2	0.109	0.480	0.153	0.504
8.108	-0.101	0.227	0.248	-3.921E-2	-0.100	0.108	0.247	5.005E-2	0.252
8.125	-0.102	0.226	0.248	-3.189E-2	-8.499E-2	9.077E-2	-0.325	0.161	0.363
8.141	-0.102	0.224	0.246	-4.963E-2	-0.101	0.113	-0.199	-0.693	0.721
8.158	-0.103	0.222	0.245	-4.564E-2	-0.108	0.117	0.361	0.274	0.453
8.175	-0.104	0.220	0.244	-2.917E-2	-9.389E-2	9.831E-2	0.443	-0.101	0.454
8.192	-0.104	0.219	0.243	-3.441E-2	-0.103	0.109	-0.452	-0.420	0.617
8.208	-0.105	0.217	0.241	-4.330E-2	-0.118	0.126	-0.417	-0.549	0.690
8.225	-0.106	0.215	0.240	-5.012E-2	-0.115	0.125	9.866E-3	0.517	0.517
8.242	-0.107	0.213	0.238	-4.290E-2	-0.106	0.114	0.311	-1.881E-2	0.312
8.258	-0.107	0.212	0.237	-3.753E-2	-0.108	0.114	0.259	0.258	0.366
8.275	-0.108	0.210	0.236	-3.615E-2	-0.106	0.112	-0.200	-4.317E-2	0.205
8.292	-0.109	0.208	0.235	-4.187E-2	-0.101	0.109	-9.086E-2	6.407E-2	0.111
8.308	-0.109	0.206	0.233	-4.317E-2	-0.110	0.119	-0.254	-0.440	0.508
8.325	-0.110	0.204	0.232	-4.558E-2	-0.113	0.121	0.671	-0.268	0.722
8.342	-0.111	0.202	0.231	-2.851E-2	-0.120	0.124	-0.428	-4.684E-2	0.431
8.358	-0.111	0.200	0.229	-4.462E-2	-0.116	0.124	-0.364	-0.111	0.381
8.375	-0.112	0.199	0.228	-6.067E-2	-0.119	0.134	-0.703	-1.404E-2	0.703
8.392	-0.113	0.196	0.227	-5.164E-2	-0.122	0.133	0.758	-0.126	0.769
8.408	-0.114	0.195	0.225	-4.750E-2	-0.118	0.128	0.635	0.436	0.771
8.425	-0.115	0.192	0.224	-2.205E-2	-0.112	0.114	3.798E-2	0.161	0.165
8.442	-0.115	0.191	0.223	-4.472E-2	-0.108	0.117	-1.001	-0.123	1.009
8.458	-0.116	0.189	0.222	-6.430E-2	-0.119	0.136	-0.266	-0.161	0.311
8.475	-0.117	0.187	0.220	-4.927E-2	-0.115	0.125	0.912	0.105	0.918
8.492	-0.118	0.185	0.219	-3.339E-2	-0.112	0.117	0.259	7.516E-2	0.269
8.508	-0.118	0.183	0.218	-3.807E-2	-0.116	0.122	-0.822	-0.454	0.939
8.525	-0.119	0.181	0.217	-6.339E-2	-0.124	0.139	7.065E-3	7.875E-2	7.906E-2
8.542	-0.120	0.179	0.216	-4.454E-2	-0.119	0.127	0.763	6.658E-2	0.766
8.559	-0.120	0.177	0.214	-2.502E-2	-0.114	0.117	-3.775E-2	-0.301	0.304
8.575	-0.121	0.175	0.213	-5.198E-2	-0.133	0.143	-0.956	-2.201E-2	0.956
8.592	-0.122	0.173	0.212	-6.007E-2	-0.119	0.133	-0.450	0.365	0.579
8.609	-0.123	0.171	0.211	-6.201E-2	-0.111	0.127	0.827	0.114	0.834
8.625	-0.124	0.169	0.210	-4.000E-2	-0.123	0.129	0.523	-0.252	0.580
8.642	-0.124	0.167	0.208	-3.168E-2	-0.117	0.121	-0.253	-0.430	0.499
8.659	-0.125	0.165	0.207	-5.830E-2	-0.134	0.146	-0.714	-0.365	0.802
8.675	-0.126	0.163	0.206	-5.492E-2	-0.137	0.148	0.441	0.555	0.709
8.692	-0.127	0.161	0.205	-4.134E-2	-0.110	0.117	3.082E-2	0.695	0.696
8.709	-0.128	0.159	0.204	-5.131E-2	-0.112	0.123	-0.166	-8.891E-2	0.188
8.725	-0.129	0.157	0.203	-5.387E-2	-0.119	0.130	-0.404	-7.690E-2	0.412
8.742	-0.129	0.155	0.202	-5.670E-2	-0.111	0.125	0.298	7.144E-2	0.306
8.759	-0.131	0.153	0.201	-5.301E-2	-0.116	0.127	1.866E-2	-0.237	0.238
8.775	-0.131	0.151	0.200	-4.648E-2	-0.121	0.130	6.881E-3	-0.631	0.631
8.792	-0.132	0.149	0.199	-5.922E-2	-0.134	0.146	0.144	-0.579	0.596
8.809	-0.133	0.147	0.198	-4.224E-2	-0.145	0.151	0.151	-0.107	0.185
8.825	-0.134	0.144	0.197	-4.636E-2	-0.135	0.143	-3.927E-2	0.963	0.964
8.842	-0.135	0.142	0.196	-5.390E-2	-0.113	0.125	-0.162	0.467	0.494
8.859	-0.135	0.141	0.195	-4.436E-2	-0.114	0.122	0.202	-9.707E-3	0.203
8.876	-0.136	0.138	0.194	-4.996E-2	-0.122	0.131	-0.767	-0.746	1.070
8.892	-0.137	0.136	0.193	-6.758E-2	-0.131	0.148	0.362	-0.136	0.387
8.909	-0.139	0.134	0.193	-4.736E-2	-0.135	0.143	0.142	-0.416	0.440
8.926	-0.139	0.132	0.191	-4.535E-2	-0.136	0.143	0.341	0.146	0.371
8.942	-0.140	0.129	0.191	-5.450E-2	-0.139	0.149	-0.345	0.243	0.422
8.959	-0.141	0.127	0.190	-4.291E-2	-0.122	0.129	5.401E-2	-7.093E-2	8.915E-2
8.976	-0.141	0.125	0.189	-5.965E-2	-0.139	0.152	-1.521E-3	7.166E-2	7.168E-2
8.992	-0.143	0.123	0.188	-4.460E-2	-0.130	0.138	0.318	2.528E-2	0.319
9.009	-0.143	0.121	0.187	-4.120E-2	-0.124	0.131	-0.293	-0.145	0.327
9.026	-0.144	0.119	0.186	-6.063E-2	-0.146	0.158	-0.834	-0.791	1.150
9.042	-0.145	0.116	0.186	-6.780E-2	-0.147	0.161	-6.291E-2	0.286	0.293
9.059	-0.146	0.114	0.185	-6.380E-2	-0.138	0.152	0.312	0.318	0.445
9.076	-0.147	0.111	0.185	-5.536E-2	-0.132	0.144	-1.320E-2	7.528E-2	7.643E-2
9.092	-0.148	0.109	0.184	-6.330E-2	-0.138	0.152	0.542	-0.438	0.697
9.109	-0.149	0.107	0.184	-4.439E-2	-0.146	0.153	0.356	0.192	0.404
9.126	-0.149	0.104	0.182	-3.860E-2	-0.136	0.141	-0.103	-9.614E-2	0.141
9.142	-0.151	0.102	0.182	-5.881E-2	-0.141	0.152	-1.022	-0.231	1.048
9.159	-0.151	9.965E-2	0.181	-6.712E-2	-0.153	0.167	0.171	0.265	0.315
9.176	-0.153	9.725E-2	0.181	-5.928E-2	-0.128	0.141	0.473	0.881	1.000
9.193	-0.153	9.537E-2	0.181	-4.392E-2	-0.120	0.127	0.341	-0.198	0.394
9.209	-0.154	9.326E-2	0.180	-5.105E-2	-0.138	0.147	-0.260	-0.718	0.764
9.226	-0.155	9.078E-2	0.180	-5.334E-2	-0.146	0.155	0.250	-3.888E-2	0.253
9.243	-0.156	8.839E-2	0.179	-4.304E-2	-0.138	0.144	0.109	-2.524E-3	0.109
9.259	-0.157	8.619E-2	0.179	-4.570E-2	-0.143	0.150	-0.400	-5.709E-2	0.404
9.276	-0.158	8.362E-2	0.178	-6.051E-2	-0.145	0.157	-0.209	0.727	0.756
9.293	-0.159	8.136E-2	0.178	-5.344E-2	-0.117	0.129	-0.289	1.102	1.140
9.309	-0.159	7.971E-2	0.178	-6.378E-2	-0.104	0.122	-0.639	1.167	1.331
9.326	-0.161	7.790E-2	0.179	-8.242E-2	-8.540E-2	0.119	-0.208	1.317	1.333
9.343	-0.162	7.686E-2	0.179	-6.885E-2	-5.358E-2	8.724E-2	0.123	1.815	1.820
9.359	-0.163	7.611E-2	0.180	-7.305E-2	-2.802E-2	7.824E-2	0.373	1.123	1.183
9.376	-0.164	7.593E-2	0.181	-6.585E-2	-1.239E-2	6.701E-2	7.685E-2	4.760E-2	9.040E-2
9.393	-0.165	7.570E-2	0.182	-5.933E-2	-2.722E-2	6.527E-2	0.535	-0.561	0.776
9.409	-0.166	7.502E-2	0.183	-5.845E-2	-3.561E-2	6.844E-2	0.379	-1.052	1.118
9.426	-0.167	7.451E-2	0.183	-3.961E-2	-5.529E-2	6.802E-2	0.844	-0.715	1.106
9.443	-0.168	7.317E-2	0.183	-3.306E-2	-6.896E-2	7.647E-2	0.419	-0.833	0.932
9.459	-0.168	7.221E-2	0.183	-2.487E-2	-7.397E-2	7.804E-2	0.445	-0.643	0.782
9.476	-0.169	7.071E-2	0.183	-1.848E-2	-9.588E-2	9.764E-2	0.399	-0.657	0.769
9.493	-0.169	6.901E-2	0.182	-1.159E-2	-9.595E-2	9.664E-2	-0.400	0.467	0.615
9.509	-0.169	6.750E-2	0.182	-2.833E-2	-7.947E-2	8.437E-2	-2.657E-2	0.870	0.870
9.526	-0.170	6.636E-2	0.182	-2.257E-2	-6.508E-2	6.888E-2	0.299	-6.753E-2	0.307
9.543	-0.170	6.533E-2	0.182	-6.523E-3	-7.972E-2	7.999E-2	0.191	-0.179	0.262
9.560	-0.170	6.370E-2	0.182	-2.204E-2	-7.934E-2	8.234E-2	-0.639	-0.482	0.801
9.576	-0.170	6.268E-2	0.182	-2.788E-2	-8.457E-2	8.905E-2	0.291	0.185	0.344
9.593	-0.171	6.088E-2	0.181	-1.378E-2	-8.579E-2	8.688E-2	9.407E-2	-0.375	0.387
9.610	-0.171	5.982E-2	0.181	-1.786E-2	-8.428E-2	8.615E-2	-0.289	0.485	0.565
9.626	-0.172	5.807E-2	0.181	-3.152E-2	-8.211E-2	8.795E-2	-0.155	0.444	0.471
9.643	-0.172	5.708E-2	0.181	-1.991E-2	-5.973E-2	6.296E-2	0.171	-5.822E-2	0.181
9.660	-0.172	5.607E-2	0.181	-2.321E-2	-8.419E-2	8.733E-2	9.194E-2	-0.413	0.423
9.676	-0.173	5.427E-2	0.181	-2.219E-2	-8.363E-2	8.653E-2	-5.797E-2	-0.131	0.144
9.693	-0.173	5.328E-2	0.181	-1.942E-2	-7.590E-2	7.835E-2	0.129	0.349	0.372
9.710	-0.173	5.174E-2	0.181	-2.253E-2	-8.171E-2	8.476E-2	-0.121	-0.944	0.952
9.726	-0.174	5.056E-2	0.181	-2.043E-2	-9.810E-2	0.100	-0.108	-0.379	0.394
9.743	-0.174	4.847E-2	0.181	-2.716E-2	-0.106	0.110	-0.246	0.215	0.327
9.760	-0.175	4.701E-2	0.181	-2.951E-2	-8.238E-2	8.750E-2	0.204	0.441	0.486
9.776	-0.175	4.572E-2	0.181	-2.050E-2	-9.091E-2	9.319E-2	0.257	9.264E-3	0.257
9.793	-0.175	4.398E-2	0.181	-1.821E-2	-8.891E-2	9.075E-2	-3.138E-2	-2.033E-2	3.739E-2
9.810	-0.176	4.275E-2	0.181	-2.406E-2	-8.370E-2	8.709E-2	3.413E-2	0.450	0.451
9.826	-0.176	4.118E-2	0.181	-1.750E-2	-8.098E-2	8.285E-2	4.926E-2	-0.152	0.160
9.843	-0.176	4.005E-2	0.181	-1.906E-2	-8.159E-2	8.379E-2	9.633E-2	-7.092E-2	0.120
9.860	-0.177	3.846E-2	0.181	-1.903E-2	-8.992E-2	9.191E-2	-0.365	3.107E-3	0.365
9.877	-0.177	3.705E-2	0.181	-2.536E-2	-7.880E-2	8.277E-2	-0.158	0.468	0.494
9.893	-0.178	3.583E-2	0.181	-3.117E-2	-7.341E-2	7.976E-2	-0.215	0.104	0.239
9.910	-0.178	3.460E-2	0.181	-2.702E-2	-7.592E-2	8.058E-2	0.532	-0.361	0.643
9.927	-0.178	3.330E-2	0.182	-1.817E-2	-8.504E-2	8.696E-2	-2.448E-2	0.234	0.236
9.943	-0.179	3.176E-2	0.181	-2.077E-2	-7.255E-2	7.546E-2	0.240	-1.269E-2	0.240
9.960	-0.179	3.088E-2	0.182	-1.942E-2	-7.569E-2	7.815E-2	-0.154	3.681E-2	0.158
9.977	-0.179	2.924E-2	0.182	-1.633E-2	-8.277E-2	8.437E-2	2.336E-2	-0.244	0.245
9.993	-0.180	2.812E-2	0.182	-2.613E-2	-7.506E-2	7.948E-2	-0.267	0.356	0.445
10.010	-0.180	2.673E-2	0.182	-2.163E-2	-7.627E-2	7.928E-2	5.681E-2	-0.253	0.259
10.027	-0.180	2.557E-2	0.182	-2.471E-2	-7.914E-2	8.291E-2	0.254	-7.387E-2	0.264
10.043	-0.181	2.409E-2	0.183	-1.552E-2	-8.316E-2	8.459E-2	0.184	-4.128E-2	0.188
10.060	-0.181	2.280E-2	0.182	-1.345E-2	-7.763E-2	7.878E-2	8.056E-2	0.558	0.564
10.077	-0.181	2.150E-2	0.183	-1.803E-2	-6.682E-2	6.921E-2	-0.591	-0.242	0.638
10.093	-0.182	2.057E-2	0.183	-2.813E-2	-7.932E-2	8.416E-2	-0.321	-0.247	0.406
10.110	-0.182	1.886E-2	0.183	-3.504E-2	-8.565E-2	9.254E-2	0.292	2.378E-2	0.293
10.127	-0.183	1.771E-2	0.184	-1.544E-2	-7.018E-2	7.186E-2	0.792	0.381	0.879
10.143	-0.183	1.651E-2	0.184	-6.289E-3	-7.522E-2	7.548E-2	0.109	2.107E-2	0.111
10.160	-0.183	1.520E-2	0.184	-1.332E-2	-7.137E-2	7.261E-2	-0.419	0.286	0.507
10.177	-0.183	1.413E-2	0.184	-2.098E-2	-6.313E-2	6.653E-2	-0.266	0.922	0.959
10.194	-0.184	1.309E-2	0.184	-2.245E-2	-4.407E-2	4.946E-2	0.110	-0.103	0.151
10.210	-0.184	1.266E-2	0.184	-1.713E-2	-5.700E-2	5.952E-2	0.478	-0.462	0.665
10.227	-0.184	1.119E-2	0.185	-6.482E-3	-7.317E-2	7.345E-2	3.190E-2	-0.798	0.799
10.244	-0.184	1.022E-2	0.185	-1.289E-2	-7.277E-2	7.391E-2	-0.731	3.305E-2	0.731
10.260	-0.185	8.762E-3	0.185	-3.432E-2	-7.953E-2	8.662E-2	-0.195	0.569	0.602
10.277	-0.185	7.567E-3	0.186	-2.279E-2	-5.221E-2	5.697E-2	0.573	0.597	0.827
10.294	-0.185	7.020E-3	0.186	-7.634E-3	-5.239E-2	5.294E-2	0.646	-0.484	0.807
10.310	-0.186	5.819E-3	0.186	-6.331E-3	-7.614E-2	7.640E-2	5.508E-2	-0.427	0.431
10.327	-0.186	4.479E-3	0.186	-2.981E-3	-6.694E-2	6.701E-2	6.628E-2	0.468	0.473
10.344	-0.186	3.585E-3	0.186	-5.766E-3	-5.580E-2	5.610E-2	0.137	0.177	0.224
10.360	-0.186	2.617E-3	0.186	9.942E-4	-6.287E-2	6.288E-2	0.174	-0.520	0.548
10.377	-0.186	1.487E-3	0.186	2.706E-3	-7.340E-2	7.345E-2	-0.442	-0.205	0.488
10.394	-0.186	1.683E-4	0.186	-1.447E-2	-7.169E-2	7.314E-2	-0.783	2.283E-2	0.783
10.410	-0.186	-9.046E-4	0.186	-2.619E-2	-6.904E-2	7.384E-2	0.308	-5.348E-4	0.308
10.427	-0.187	-2.135E-3	0.187	-5.282E-3	-7.407E-2	7.426E-2	0.440	0.335	0.553
10.444	-0.186	-3.376E-3	0.186	-3.072E-3	-5.940E-2	5.948E-2	0.163	1.480	1.489
10.460	-0.187	-4.117E-3	0.187	-9.700E-3	-2.337E-2	2.530E-2	-0.150	1.808	1.814
10.477	-0.187	-4.156E-3	0.187	-1.611E-3	3.911E-3	4.230E-3	0.150	1.269	1.278
10.494	-0.187	-3.987E-3	0.187	-7.118E-3	1.679E-2	1.823E-2	-2.617E-2	0.968	0.969
10.511	-0.187	-3.596E-3	0.187	-3.322E-3	3.551E-2	3.567E-2	0.210	0.445	0.492
10.527	-0.187	-2.802E-3	0.187	1.845E-3	3.582E-2	3.587E-2	-6.094E-2	-0.866	0.868
10.544	-0.187	-2.401E-3	0.187	-5.363E-3	4.350E-3	6.905E-3	-9.634E-2	-2.057	2.059
10.561	-0.187	-2.657E-3	0.187	-4.310E-3	-3.408E-2	3.435E-2	0.404	-1.525	1.577
10.577	-0.187	-3.538E-3	0.187	1.030E-2	-4.953E-2	5.059E-2	0.483	0.454	0.663
10.594	-0.187	-4.309E-3	0.187	1.324E-2	-1.918E-2	2.330E-2	-0.109	1.823	1.826
10.611	-0.187	-4.178E-3	0.187	5.145E-3	1.723E-2	1.798E-2	9.679E-2	1.727	1.729
10.627	-0.187	-3.734E-3	0.187	1.399E-2	3.590E-2	3.853E-2	-0.134	0.881	0.892
10.644	-0.186	-2.980E-3	0.186	7.732E-3	4.763E-2	4.825E-2	0.314	0.290	0.428
10.661	-0.186	-2.145E-3	0.186	1.353E-2	4.559E-2	4.755E-2	0.154	-0.147	0.212
10.677	-0.186	-1.459E-3	0.186	2.474E-2	4.113E-2	4.800E-2	0.544	-0.357	0.651
10.694	-0.185	-7.727E-4	0.185	2.249E-2	3.514E-2	4.172E-2	-0.492	6.858E-3	0.492
10.711	-0.185	-2.861E-4	0.185	1.617E-2	3.834E-2	4.161E-2	-0.161	-0.151	0.220
10.727	-0.185	5.066E-4	0.185	8.861E-3	3.532E-2	3.642E-2	0.302	2.587E-2	0.303
10.744	-0.185	8.924E-4	0.185	3.027E-2	3.300E-2	4.478E-2	0.697	-6.579E-2	0.700
10.761	-0.184	1.608E-3	0.184	3.463E-2	3.834E-2	5.166E-2	-0.314	-0.179	0.361
10.777	-0.183	2.172E-3	0.183	1.787E-2	2.552E-2	3.115E-2	-0.820	-0.315	0.879
10.794	-0.183	2.459E-3	0.183	5.531E-3	2.499E-2	2.559E-2	-0.216	-0.191	0.289
10.811	-0.183	3.005E-3	0.183	1.052E-2	2.381E-2	2.603E-2	0.703	-0.476	0.849
10.827	-0.183	3.254E-3	0.183	2.957E-2	6.617E-3	3.030E-2	7.500E-2	-0.734	0.738
10.844	-0.182	3.226E-3	0.182	1.871E-2	-1.757E-3	1.880E-2	-0.131	-0.132	0.186
10.861	-0.182	3.195E-3	0.182	1.432E-2	2.708E-3	1.457E-2	0.470	0.296	0.555
10.878	-0.182	3.316E-3	0.182	4.167E-2	9.166E-3	4.267E-2	0.445	0.246	0.508
10.894	-0.181	3.501E-3	0.181	3.175E-2	1.083E-2	3.355E-2	-0.798	-0.153	0.813
10.911	-0.181	3.678E-3	0.181	8.971E-3	4.585E-3	1.007E-2	-0.528	-0.314	0.614
10.928	-0.181	3.654E-3	0.181	1.436E-2	-1.355E-3	1.442E-2	0.354	-0.275	0.448
10.944	-0.180	3.633E-3	0.180	2.398E-2	-3.406E-3	2.422E-2	0.348	-0.196	0.400
10.961	-0.180	3.540E-3	0.180	2.464E-2	-8.156E-3	2.596E-2	0.255	-0.588	0.641
10.978	-0.179	3.360E-3	0.179	3.162E-2	-2.188E-2	3.846E-2	5.096E-2	-0.473	0.476
10.994	-0.179	2.810E-3	0.179	2.942E-2	-2.752E-2	4.028E-2	-0.106	-0.192	0.219
11.011	-0.178	2.442E-3	0.178	2.415E-2	-2.476E-2	3.459E-2	-0.543	3.952E-2	0.544
11.028	-0.178	1.984E-3	0.178	1.532E-2	-2.773E-2	3.167E-2	0.169	0.182	0.248
11.044	-0.178	1.517E-3	0.178	2.291E-2	-1.958E-2	3.014E-2	0.151	0.625	0.643
11.061	-0.177	1.330E-3	0.177	2.969E-2	-5.287E-3	3.015E-2	0.350	0.553	0.655
11.078	-0.177	1.341E-3	0.177	2.655E-2	-4.732E-4	2.656E-2	0.210	-5.549E-2	0.217
11.094	-0.176	1.315E-3	0.176	4.083E-2	-7.449E-3	4.150E-2	-3.603E-2	-0.312	0.314
11.111	-0.176	1.092E-3	0.176	2.762E-2	-1.252E-2	3.033E-2	-0.647	3.506E-2	0.648
11.128	-0.175	8.969E-4	0.175	1.322E-2	-6.012E-3	1.452E-2	-0.203	0.151	0.253
11.144	-0.175	8.914E-4	0.175	2.322E-2	-5.277E-3	2.381E-2	0.869	-0.276	0.912
11.161	-0.175	7.209E-4	0.175	4.207E-2	-1.653E-2	4.520E-2	0.176	-0.592	0.617
11.178	-0.174	3.398E-4	0.174	3.431E-2	-2.570E-2	4.287E-2	-0.161	-0.311	0.351
11.195	-0.173	-1.368E-4	0.173	2.754E-2	-2.705E-2	3.860E-2	-0.538	-1.819E-2	0.538
11.211	-0.173	-5.629E-4	0.173	2.504E-2	-2.548E-2	3.573E-2	-0.210	1.635E-4	0.210
11.228	-0.173	-9.869E-4	0.173	1.371E-2	-2.702E-2	3.029E-2	-0.134	-0.220	0.258
11.245	-0.172	-1.464E-3	0.172	2.314E-2	-3.272E-2	4.007E-2	0.358	-0.273	0.450
11.261	-0.172	-2.079E-3	0.172	2.685E-2	-3.703E-2	4.574E-2	0.244	0.175	0.300
11.278	-0.171	-2.700E-3	0.171	2.942E-2	-2.771E-2	4.042E-2	-0.108	0.429	0.442
11.295	-0.171	-3.003E-3	0.171	2.583E-2	-1.974E-2	3.251E-2	5.786E-2	-0.268	0.274
11.311	-0.171	-3.358E-3	0.171	2.719E-2	-3.630E-2	4.536E-2	-0.308	0.151	0.343
11.328	-0.170	-4.214E-3	0.170	2.145E-2	-2.283E-2	3.133E-2	-4.037E-2	0.790	0.791
11.345	-0.170	-4.120E-3	0.170	1.854E-2	1.010E-3	1.857E-2	-0.202	0.944	0.966
11.361	-0.169	-4.181E-3	0.169	2.157E-2	2.420E-3	2.171E-2	5.433E-2	7.161E-2	8.989E-2
11.378	-0.169	-4.040E-3	0.169	1.563E-2	6.120E-3	1.678E-2	-0.186	0.187	0.263
11.395	-0.169	-3.976E-3	0.169	1.768E-2	6.698E-3	1.891E-2	-9.824E-3	0.328	0.328
11.411	-0.169	-3.816E-3	0.169	1.484E-2	1.716E-2	2.268E-2	0.349	0.559	0.659
11.428	-0.168	-3.404E-3	0.168	2.694E-2	2.678E-2	3.799E-2	9.748E-2	0.200	0.223
11.445	-0.168	-2.922E-3	0.168	2.466E-2	2.404E-2	3.444E-2	4.291E-3	0.129	0.129
11.461	-0.168	-2.602E-3	0.168	1.895E-2	2.813E-2	3.392E-2	-0.242	-0.272	0.364
11.478	-0.167	-1.984E-3	0.167	2.286E-2	2.055E-2	3.074E-2	0.161	-0.476	0.502
11.495	-0.167	-1.916E-3	0.167	2.035E-2	6.000E-3	2.122E-2	-0.301	-7.728E-2	0.311
11.511	-0.166	-1.784E-3	0.166	1.612E-2	1.926E-2	2.512E-2	0.131	0.187	0.228
11.528	-0.166	-1.273E-3	0.166	2.000E-2	1.712E-2	2.632E-2	0.186	-0.327	0.376
11.545	-0.166	-1.213E-3	0.166	2.765E-2	2.978E-3	2.781E-2	6.879E-2	-0.535	0.540
11.562	-0.165	-1.174E-3	0.165	1.973E-2	1.156E-3	1.976E-2	-0.392	-0.213	0.446
11.578	-0.165	-1.174E-3	0.165	1.453E-2	-3.811E-3	1.502E-2	2.006E-2	-8.927E-2	9.149E-2
11.595	-0.165	-1.301E-3	0.165	1.940E-2	-3.353E-3	1.968E-2	0.151	-4.866E-2	0.159
11.612	-0.164	-1.286E-3	0.164	2.228E-2	-3.100E-3	2.250E-2	-0.144	2.145E-2	0.146
11.628	-0.164	-1.404E-3	0.164	1.327E-2	-4.732E-3	1.409E-2	-0.310	8.005E-3	0.310
11.645	-0.164	-1.444E-3	0.164	1.062E-2	-1.677E-3	1.075E-2	1.558E-2	0.195	0.196
11.662	-0.164	-1.460E-3	0.164	1.500E-2	1.303E-3	1.505E-2	0.188	-0.442	0.481
11.678	-0.163	-1.400E-3	0.163	1.703E-2	-1.344E-2	2.170E-2	0.290	-0.416	0.507
11.695	-0.163	-1.909E-3	0.163	2.356E-2	-1.935E-2	3.049E-2	2.294E-2	-0.182	0.184
11.712	-0.163	-2.046E-3	0.163	2.087E-2	-1.320E-2	2.469E-2	-0.380	0.361	0.525
11.728	-0.162	-2.349E-3	0.162	7.947E-3	-1.129E-2	1.381E-2	-0.645	0.243	0.689
11.745	-0.162	-2.423E-3	0.162	9.206E-5	-2.656E-3	2.657E-3	3.259E-2	0.256	0.258
11.762	-0.162	-2.438E-3	0.162	6.919E-3	-2.929E-3	7.513E-3	0.427	-3.640E-2	0.429
11.778	-0.162	-2.520E-3	0.162	1.795E-2	-4.731E-3	1.857E-2	0.501	3.116E-2	0.502
11.795	-0.162	-2.596E-3	0.162	2.168E-2	-1.908E-3	2.176E-2	0.217	0.154	0.266
11.812	-0.161	-2.584E-3	0.161	2.604E-2	1.064E-3	2.606E-2	-0.355	2.912E-2	0.356
11.828	-0.161	-2.560E-3	0.161	1.175E-2	-8.716E-4	1.178E-2	-0.580	-3.539E-2	0.581
11.845	-0.161	-2.613E-3	0.161	1.508E-3	-1.123E-3	1.880E-3	-0.195	2.523E-2	0.196
11.862	-0.161	-2.598E-3	0.161	8.530E-3	8.934E-4	8.577E-3	0.244	-4.154E-2	0.247
11.879	-0.161	-2.583E-3	0.161	9.670E-3	-2.356E-3	9.953E-3	0.350	4.502E-2	0.353
11.895	-0.161	-2.676E-3	0.161	1.827E-2	6.034E-4	1.828E-2	0.301	-0.221	0.373
11.912	-0.160	-2.563E-3	0.160	2.324E-2	-5.711E-3	2.393E-2	-6.089E-2	-0.235	0.243
11.929	-0.160	-2.867E-3	0.160	1.420E-2	-1.250E-2	1.892E-2	-0.257	-0.231	0.346
11.945	-0.160	-2.980E-3	0.160	1.349E-2	-9.601E-3	1.656E-2	-0.274	0.249	0.370
11.962	-0.159	-3.187E-3	0.159	8.069E-3	-6.628E-3	1.044E-2	1.260E-2	-0.113	0.114
11.979	-0.159	-3.202E-3	0.159	9.272E-3	-1.002E-2	1.365E-2	6.201E-2	-0.332	0.338
11.995	-0.159	-3.521E-3	0.159	1.507E-2	-2.089E-2	2.576E-2	0.185	-8.202E-2	0.202
12.012	-0.159	-3.899E-3	0.159	1.238E-2	-1.327E-2	1.815E-2	-0.214	0.555	0.595
12.029	-0.159	-3.964E-3	0.159	9.765E-3	-1.667E-5	9.765E-3	7.245E-2	0.683	0.686
12.045	-0.159	-3.899E-3	0.159	1.224E-2	8.610E-3	1.497E-2	-0.105	0.168	0.198
12.062	-0.158	-3.677E-3	0.158	1.019E-2	7.254E-3	1.251E-2	-0.184	-5.870E-2	0.193
12.079	-0.158	-3.657E-3	0.158	2.363E-3	3.860E-3	4.525E-3	-5.389E-2	5.035E-3	5.413E-2
12.095	-0.158	-3.548E-3	0.158	9.224E-3	8.741E-3	1.271E-2	0.366	-0.101	0.380
12.112	-0.158	-3.366E-3	0.158	1.587E-2	1.999E-3	1.600E-2	0.195	-0.381	0.428
12.129	-0.158	-3.481E-3	0.158	1.543E-2	-6.841E-3	1.688E-2	1.327E-2	-0.215	0.215
12.145	-0.157	-3.594E-3	0.157	1.554E-2	-4.213E-3	1.610E-2	-0.190	7.186E-2	0.204
12.162	-0.157	-3.622E-3	0.157	1.065E-2	-3.480E-3	1.120E-2	-0.138	-4.536E-2	0.145
12.179	-0.157	-3.710E-3	0.157	8.290E-3	-6.434E-3	1.049E-2	-0.213	-2.106E-2	0.215
12.196	-0.157	-3.837E-3	0.157	6.458E-3	-4.675E-3	7.973E-3	-0.106	8.771E-2	0.137
12.212	-0.157	-3.866E-3	0.157	2.239E-3	-2.414E-3	3.292E-3	-9.108E-2	0.249	0.265
12.229	-0.157	-3.917E-3	0.157	4.651E-3	2.264E-3	5.173E-3	-0.100	-7.041E-2	0.122
12.246	-0.157	-3.790E-3	0.157	-3.271E-4	-1.801E-3	1.831E-3	0.289	-9.842E-2	0.305
12.262	-0.157	-3.977E-3	0.157	1.024E-2	-5.310E-3	1.154E-2	0.439	-6.607E-2	0.444
12.279	-0.156	-3.968E-3	0.156	2.062E-2	-7.844E-4	2.063E-2	0.153	0.187	0.242
12.296	-0.156	-4.003E-3	0.156	1.178E-2	-5.195E-4	1.179E-2	-0.452	-5.330E-3	0.452
12.312	-0.156	-3.985E-3	0.156	5.933E-3	-1.244E-4	5.934E-3	6.051E-3	5.007E-2	5.044E-2
12.329	-0.156	-4.008E-3	0.156	1.051E-2	3.244E-4	1.052E-2	-7.219E-2	1.007E-2	7.289E-2
12.346	-0.156	-3.974E-3	0.156	7.562E-3	1.012E-3	7.630E-3	-0.167	0.170	0.238
12.362	-0.156	-3.974E-3	0.156	4.321E-4	4.782E-3	4.802E-3	-1.380E-2	0.104	0.105
12.379	-0.156	-3.815E-3	0.156	8.806E-3	6.431E-3	1.090E-2	9.129E-2	1.025E-2	9.187E-2
12.396	-0.155	-3.759E-3	0.155	5.638E-3	3.522E-3	6.647E-3	-8.057E-2	-0.186	0.203
12.412	-0.155	-3.697E-3	0.155	2.330E-3	1.103E-3	2.577E-3	0.466	-0.208	0.510
12.429	-0.155	-3.722E-3	0.155	2.171E-2	-3.855E-3	2.205E-2	0.271	0.140	0.305
12.446	-0.155	-3.826E-3	0.155	1.746E-2	4.020E-3	1.791E-2	-0.276	0.154	0.316
12.462	-0.155	-3.588E-3	0.155	4.307E-3	5.752E-3	7.186E-3	-0.529	-0.137	0.546
12.479	-0.155	-3.634E-3	0.155	4.786E-3	-4.211E-3	6.375E-3	0.289	-0.280	0.403
12.496	-0.155	-3.729E-3	0.155	1.021E-2	-3.179E-3	1.070E-2	0.182	1.369E-2	0.183
12.512	-0.154	-3.740E-3	0.154	1.536E-2	-2.550E-3	1.557E-2	-0.107	7.619E-2	0.131
12.529	-0.154	-3.814E-3	0.154	4.415E-3	-1.902E-3	4.807E-3	-0.123	0.127	0.177
12.546	-0.154	-3.803E-3	0.154	8.960E-3	2.430E-3	9.284E-3	0.237	1.455E-2	0.237
12.563	-0.154	-3.733E-3	0.154	1.639E-2	-5.821E-4	1.640E-2	0.186	-0.243	0.307
12.579	-0.153	-3.823E-3	0.154	1.305E-2	-7.076E-3	1.485E-2	-0.168	-7.359E-2	0.183
12.596	-0.153	-3.969E-3	0.153	1.118E-2	-3.577E-3	1.174E-2	-4.558E-2	0.156	0.163
12.613	-0.153	-3.942E-3	0.153	1.110E-2	7.887E-5	1.110E-2	0.140	0.187	0.234
12.629	-0.153	-3.966E-3	0.153	1.586E-2	1.123E-3	1.590E-2	0.119	-1.194E-3	0.119
12.646	-0.153	-3.904E-3	0.153	1.638E-2	1.334E-3	1.644E-2	0.146	4.442E-2	0.152
12.663	-0.152	-3.922E-3	0.152	1.858E-2	1.236E-3	1.862E-2	-0.209	0.173	0.271
12.679	-0.152	-3.863E-3	0.152	1.292E-2	7.523E-3	1.495E-2	-0.178	-0.270	0.323
12.696	-0.152	-3.671E-3	0.152	7.923E-3	-4.640E-3	9.181E-3	-0.302	0.180	0.352
12.713	-0.152	-4.018E-3	0.152	7.063E-3	4.689E-3	8.478E-3	-9.896E-2	0.100	0.141
12.729	-0.152	-3.514E-3	0.152	1.638E-3	1.105E-2	1.117E-2	8.460E-2	-0.120	0.146
12.746	-0.152	-3.649E-3	0.152	1.022E-2	-8.378E-3	1.321E-2	0.452	-0.343	0.567
12.763	-0.151	-3.794E-3	0.151	1.843E-2	8.905E-4	1.845E-2	9.445E-2	4.868E-2	0.106
12.779	-0.151	-3.620E-3	0.151	1.347E-2	-2.185E-3	1.365E-2	-6.021E-2	-0.135	0.148
12.796	-0.151	-3.867E-3	0.151	1.369E-2	-9.371E-3	1.659E-2	0.263	-0.103	0.283
12.813	-0.151	-3.932E-3	0.151	2.424E-2	-2.481E-3	2.437E-2	-0.120	0.135	0.181
12.829	-0.150	-3.950E-3	0.150	1.236E-2	-4.688E-3	1.322E-2	-0.400	0.194	0.444
12.846	-0.150	-4.089E-3	0.150	4.444E-3	1.348E-3	4.644E-3	-0.179	0.167	0.244
12.863	-0.150	-3.905E-3	0.150	1.131E-2	5.024E-3	1.237E-2	0.443	0.108	0.456
12.880	-0.150	-3.921E-3	0.150	1.663E-2	1.493E-3	1.670E-2	5.504E-2	-8.587E-2	0.102
12.896	-0.149	-3.855E-3	0.149	1.631E-2	3.764E-3	1.674E-2	0.169	-0.144	0.222
12.913	-0.149	-3.796E-3	0.149	1.801E-2	-2.814E-3	1.822E-2	0.155	4.357E-2	0.161
12.930	-0.149	-3.949E-3	0.149	2.525E-2	1.858E-3	2.531E-2	0.149	0.156	0.216
12.946	-0.148	-3.734E-3	0.148	2.156E-2	7.268E-3	2.275E-2	-0.274	-2.799E-2	0.276
12.963	-0.148	-3.706E-3	0.148	1.618E-2	-1.768E-3	1.628E-2	-0.327	-0.444	0.552
12.980	-0.148	-3.793E-3	0.148	1.038E-2	-7.417E-3	1.276E-2	8.824E-2	5.948E-2	0.106
12.996	-0.148	-3.954E-3	0.148	1.749E-2	-1.147E-3	1.753E-2	0.579	0.218	0.619
13.013	-0.147	-3.831E-3	0.147	3.212E-2	3.211E-3	3.228E-2	0.166	0.146	0.221
13.030	-0.147	-3.846E-3	0.147	2.484E-2	1.033E-3	2.486E-2	-0.301	-0.240	0.385
13.046	-0.146	-3.796E-3	0.147	1.720E-2	-2.827E-3	1.743E-2	-0.358	0.280	0.455
13.063	-0.146	-3.941E-3	0.146	1.670E-2	6.299E-3	1.785E-2	0.104	-0.149	0.182
13.080	-0.146	-3.586E-3	0.146	1.766E-2	2.930E-4	1.766E-2	6.704E-2	-0.221	0.231
13.096	-0.146	-3.931E-3	0.146	2.170E-2	-1.063E-2	2.417E-2	-0.110	0.155	0.190
13.113	-0.145	-3.941E-3	0.145	1.342E-2	9.832E-3	1.664E-2	0.221	0.168	0.277
13.130	-0.145	-3.603E-3	0.145	2.503E-2	-5.064E-4	2.503E-2	0.371	-0.332	0.497
13.146	-0.144	-3.958E-3	0.144	3.317E-2	-1.023E-2	3.471E-2	-0.126	-0.121	0.175
13.163	-0.144	-3.944E-3	0.144	1.650E-2	1.482E-3	1.656E-2	-0.518	0.427	0.671
13.180	-0.144	-3.908E-3	0.144	1.457E-2	2.568E-3	1.480E-2	-9.461E-2	0.138	0.167
13.197	-0.143	-3.859E-3	0.144	1.626E-2	5.720E-3	1.723E-2	0.295	-0.251	0.387
13.213	-0.143	-3.718E-3	0.143	2.149E-2	-3.403E-3	2.176E-2	-0.110	-0.100	0.149
13.230	-0.143	-3.972E-3	0.143	1.734E-2	-3.135E-3	1.762E-2	-7.019E-2	0.172	0.186
13.247	-0.143	-3.822E-3	0.143	1.307E-2	7.695E-3	1.517E-2			
13.263	-0.142	-3.716E-3	0.142						
