	mass B									
t	x	y	r	vx	vy	v	ax	ay	a	
0.000	-1.773E-4	-5.792E-4	6.058E-4						
0.017	-2.283E-4	-4.924E-4	5.428E-4	-4.978E-3	1.581E-3	5.224E-3			
0.033	-3.434E-4	-5.265E-4	6.286E-4	-2.084E-3	2.725E-4	2.102E-3	0.117	7.786E-4	0.117
0.050	-2.978E-4	-4.833E-4	5.677E-4	8.328E-4	2.761E-3	2.883E-3	0.240	-1.645E-2	0.241
0.067	-3.156E-4	-4.343E-4	5.369E-4	3.977E-3	-1.202E-4	3.978E-3	3.970E-2	-0.166	0.171
0.083	-1.651E-4	-4.873E-4	5.145E-4	4.514E-3	-3.615E-3	5.783E-3	-3.639E-2	-5.994E-2	7.012E-2
0.100	-1.650E-4	-5.550E-4	5.790E-4	6.605E-4	-2.090E-3	2.192E-3	-9.886E-2	0.153	0.182
0.117	-1.431E-4	-5.571E-4	5.751E-4	1.955E-3	1.822E-3	2.672E-3	1.870E-2	1.306E-2	2.281E-2
0.133	-9.981E-5	-4.942E-4	5.041E-4	1.527E-3	-7.347E-4	1.694E-3	0.111	4.230E-2	0.119
0.150	-9.216E-5	-5.816E-4	5.888E-4	4.659E-3	8.049E-4	4.728E-3	-3.716E-2	-5.933E-3	3.763E-2
0.167	5.566E-5	-4.673E-4	4.706E-4	2.542E-3	2.114E-3	3.307E-3	-0.103	2.002E-2	0.105
0.184	-7.332E-6	-5.110E-4	5.111E-4	-1.514E-3	-9.781E-4	1.802E-3	-0.308	-5.863E-2	0.313
0.200	5.157E-6	-4.999E-4	5.000E-4	-5.311E-3	1.224E-3	5.450E-3	-5.069E-3	4.074E-2	4.106E-2
0.217	-1.846E-4	-4.702E-4	5.051E-4	-4.692E-3	4.910E-4	4.717E-3	0.214	-4.940E-2	0.220
0.234	-1.514E-4	-4.836E-4	5.067E-4	4.277E-3	-8.646E-4	4.363E-3	-4.425E-2	-5.701E-2	7.217E-2
0.250	-4.185E-5	-4.990E-4	5.008E-4	-4.839E-3	-1.205E-3	4.987E-3	-0.184	7.563E-3	0.184
0.267	-3.128E-4	-5.238E-4	6.101E-4	-6.801E-3	-7.823E-4	6.845E-3	6.039E-2	4.264E-2	7.392E-2
0.284	-2.688E-4	-5.252E-4	5.899E-4	1.646E-3	3.895E-4	1.691E-3	0.228	2.175E-2	0.229
0.300	-2.579E-4	-5.108E-4	5.722E-4	-6.337E-4	8.865E-5	6.399E-4	-0.125	0.101	0.160
0.317	-2.899E-4	-5.222E-4	5.973E-4	-2.642E-3	2.942E-3	3.954E-3	-6.857E-2	-3.836E-2	7.857E-2
0.334	-3.461E-4	-4.126E-4	5.385E-4	-2.999E-3	7.816E-4	3.099E-3	0.426	-0.169	0.458
0.350	-3.900E-4	-4.961E-4	6.310E-4	9.968E-3	-4.900E-3	1.111E-2	0.345	-0.157	0.379
0.367	-1.350E-5	-5.761E-4	5.763E-4	1.336E-2	-3.753E-3	1.388E-2	-9.477E-2	-4.281E-2	0.104
0.384	5.587E-5	-6.214E-4	6.239E-4	2.599E-3	-5.629E-3	6.200E-3	-0.449	-0.157	0.476
0.400	7.323E-5	-7.639E-4	7.674E-4	-5.239E-4	-9.795E-3	9.809E-3	-0.258	7.344E-2	0.269
0.417	3.839E-5	-9.482E-4	9.490E-4	-5.730E-3	-4.110E-3	7.051E-3	-7.686E-2	6.577E-2	0.101
0.434	-1.179E-4	-9.011E-4	9.087E-4	-4.589E-3	-4.407E-3	6.363E-3	0.308	-4.089E-2	0.311
0.450	-1.147E-4	-1.095E-3	1.101E-3	5.653E-3	-8.920E-3	1.056E-2	-6.002E-3	-0.101	0.101
0.467	7.067E-5	-1.199E-3	1.201E-3	-2.034E-3	-5.986E-3	6.322E-3	-0.281	-0.414	0.501
0.484	-1.826E-4	-1.295E-3	1.308E-3	-9.135E-3	-2.090E-2	2.281E-2	-0.209	-0.877	0.902
0.500	-2.341E-4	-1.896E-3	1.911E-3	-5.123E-3	-3.916E-2	3.950E-2	0.351	-0.309	0.468
0.517	-3.535E-4	-2.602E-3	2.626E-3	8.514E-5	-3.150E-2	3.150E-2	0.185	0.227	0.293
0.534	-2.313E-4	-2.947E-3	2.956E-3	3.904E-3	-2.715E-2	2.743E-2	-0.174	0.306	0.352
0.551	-2.233E-4	-3.508E-3	3.515E-3	-6.699E-3	-2.578E-2	2.664E-2	-3.061E-2	-9.071E-2	9.573E-2
0.567	-4.548E-4	-3.807E-3	3.835E-3	-5.797E-4	-2.589E-2	2.590E-2	0.326	-5.883E-2	0.332
0.584	-2.426E-4	-4.372E-3	4.378E-3	9.481E-3	-3.146E-2	3.286E-2	3.196E-2	3.307E-2	4.599E-2
0.601	-1.385E-4	-4.857E-3	4.859E-3	-1.266E-3	-2.375E-2	2.379E-2	-0.123	-0.238	0.268
0.617	-2.849E-4	-5.164E-3	5.172E-3	2.132E-3	-3.573E-2	3.579E-2	-0.126	-0.377	0.397
0.634	-6.734E-5	-6.049E-3	6.050E-3	5.222E-4	-4.342E-2	4.343E-2	6.921E-2	-0.508	0.512
0.651	-2.674E-4	-6.613E-3	6.618E-3	-2.105E-3	-4.573E-2	4.578E-2	-8.463E-2	-0.495	0.502
0.667	-1.376E-4	-7.575E-3	7.576E-3	2.995E-3	-6.384E-2	6.391E-2	-2.992E-2	0.202	0.205
0.684	-1.675E-4	-8.743E-3	8.745E-3	-5.372E-3	-4.291E-2	4.324E-2	-0.212	0.155	0.262
0.701	-3.169E-4	-9.007E-3	9.012E-3	-4.975E-3	-4.576E-2	4.603E-2	0.148	-4.455E-2	0.154
0.717	-3.335E-4	-1.027E-2	1.028E-2	9.313E-4	-5.919E-2	5.919E-2	0.106	-0.136	0.173
0.734	-2.858E-4	-1.098E-2	1.099E-2	-9.065E-4	-4.146E-2	4.147E-2	-8.255E-2	-0.503	0.510
0.751	-3.637E-4	-1.165E-2	1.166E-2	-3.361E-3	-7.329E-2	7.336E-2	-0.113	-0.720	0.729
0.767	-3.979E-4	-1.343E-2	1.343E-2	-3.561E-3	-7.898E-2	7.906E-2	0.103	-0.374	0.388
0.784	-4.825E-4	-1.429E-2	1.430E-2	-1.107E-3	-7.055E-2	7.056E-2	0.227	0.557	0.601
0.801	-4.349E-4	-1.578E-2	1.579E-2	5.049E-3	-7.217E-2	7.235E-2	0.459	4.879E-2	0.461
0.817	-3.140E-4	-1.670E-2	1.670E-2	1.338E-2	-6.049E-2	6.195E-2	-0.154	-0.221	0.270
0.834	1.144E-5	-1.780E-2	1.780E-2	3.607E-3	-8.142E-2	8.150E-2	-0.740	-0.367	0.826
0.851	-1.937E-4	-1.941E-2	1.941E-2	-1.618E-2	-7.889E-2	8.053E-2	-0.617	0.322	0.696
0.868	-5.283E-4	-2.043E-2	2.044E-2	-1.636E-2	-6.310E-2	6.518E-2	0.516	0.970	1.098
0.884	-7.395E-4	-2.152E-2	2.153E-2	7.250E-4	-5.161E-2	5.162E-2	0.332	0.396	0.516
0.901	-5.041E-4	-2.215E-2	2.216E-2	1.157E-5	-4.476E-2	4.476E-2	0.263	0.681	0.730
0.918	-7.392E-4	-2.301E-2	2.302E-2	1.369E-3	-3.508E-2	3.511E-2	5.362E-2	0.658	0.660
0.934	-4.585E-4	-2.332E-2	2.333E-2	9.305E-3	-1.735E-2	1.969E-2	-0.241	0.493	0.548
0.951	-4.287E-4	-2.359E-2	2.360E-2	-9.415E-3	-2.003E-2	2.213E-2	-0.602	-6.106E-2	0.605
0.968	-7.726E-4	-2.399E-2	2.401E-2	-1.386E-2	-2.114E-2	2.528E-2	0.189	0.205	0.279
0.984	-8.911E-4	-2.430E-2	2.431E-2	-5.151E-4	-1.260E-2	1.261E-2	0.556	0.232	0.603
1.001	-7.898E-4	-2.441E-2	2.443E-2	5.666E-3	-1.154E-2	1.286E-2	-0.318	-0.252	0.406
1.018	-7.021E-4	-2.468E-2	2.469E-2	-1.001E-2	-2.224E-2	2.439E-2	9.697E-2	-0.635	0.642
1.034	-1.124E-3	-2.516E-2	2.518E-2	8.636E-4	-3.314E-2	3.315E-2	0.392	-3.616E-2	0.394
1.051	-6.732E-4	-2.579E-2	2.580E-2	1.450E-2	-2.568E-2	2.949E-2	6.832E-3	0.213	0.213
1.068	-6.398E-4	-2.601E-2	2.602E-2	-5.185E-3	-2.081E-2	2.144E-2	-0.443	-6.412E-2	0.448
1.084	-8.463E-4	-2.648E-2	2.650E-2	-2.024E-3	-3.123E-2	3.129E-2	-5.756E-2	-1.605E-2	5.976E-2
1.101	-7.073E-4	-2.705E-2	2.706E-2	-1.689E-3	-2.281E-2	2.287E-2	-4.814E-2	-0.140	0.148
1.118	-9.026E-4	-2.724E-2	2.726E-2	-8.439E-3	-2.956E-2	3.074E-2	-0.114	-0.741	0.750
1.134	-9.889E-4	-2.804E-2	2.806E-2	-3.370E-3	-5.357E-2	5.367E-2	0.464	-0.683	0.825
1.151	-1.015E-3	-2.903E-2	2.905E-2	5.999E-3	-5.237E-2	5.271E-2	-7.509E-2	0.183	0.198
1.168	-7.887E-4	-2.979E-2	2.980E-2	-1.778E-3	-4.474E-2	4.478E-2	-0.342	0.130	0.365
1.185	-1.074E-3	-3.052E-2	3.054E-2	-1.164E-2	-4.824E-2	4.963E-2	3.172E-2	-0.276	0.277
1.201	-1.177E-3	-3.140E-2	3.142E-2	1.888E-3	-5.487E-2	5.490E-2	0.459	-0.111	0.472
1.218	-1.011E-3	-3.235E-2	3.237E-2	5.778E-3	-5.272E-2	5.303E-2	0.130	-0.267	0.297
1.235	-9.844E-4	-3.316E-2	3.317E-2	3.605E-3	-6.036E-2	6.047E-2	-0.215	-9.277E-2	0.234
1.251	-8.911E-4	-3.437E-2	3.438E-2	5.046E-4	-6.156E-2	6.156E-2	-6.722E-2	-1.709E-2	6.936E-2
1.268	-9.676E-4	-3.521E-2	3.522E-2	-9.025E-4	-5.533E-2	5.534E-2	-0.201	0.220	0.299
1.285	-9.212E-4	-3.621E-2	3.623E-2	-3.532E-3	-5.754E-2	5.765E-2	-0.126	-0.522	0.537
1.301	-1.085E-3	-3.713E-2	3.715E-2	-7.738E-3	-6.925E-2	6.968E-2	0.245	-0.449	0.511
1.318	-1.179E-3	-3.852E-2	3.854E-2	4.678E-3	-7.781E-2	7.795E-2	1.458E-2	-0.186	0.186
1.335	-9.294E-4	-3.973E-2	3.974E-2	-2.158E-3	-7.179E-2	7.182E-2	-7.933E-2	0.294	0.305
1.351	-1.251E-3	-4.092E-2	4.094E-2	-6.211E-3	-6.909E-2	6.937E-2	-8.646E-2	-0.129	0.155
1.368	-1.137E-3	-4.203E-2	4.205E-2	1.864E-3	-7.433E-2	7.435E-2	0.370	-0.160	0.403
1.385	-1.189E-3	-4.340E-2	4.342E-2	2.075E-3	-7.761E-2	7.764E-2	-0.251	-6.193E-2	0.259
1.401	-1.067E-3	-4.462E-2	4.463E-2	-2.851E-3	-7.394E-2	7.399E-2	2.519E-2	0.299	0.300
1.418	-1.284E-3	-4.587E-2	4.589E-2	-2.266E-3	-6.925E-2	6.929E-2	0.182	0.635	0.660
1.435	-1.143E-3	-4.693E-2	4.695E-2	7.837E-3	-5.269E-2	5.327E-2	0.107	0.822	0.829
1.451	-1.023E-3	-4.763E-2	4.764E-2	5.350E-4	-3.967E-2	3.967E-2	-0.343	0.294	0.452
1.468	-1.125E-3	-4.826E-2	4.827E-2	-5.516E-3	-4.317E-2	4.352E-2	-1.586E-2	3.711E-2	4.036E-2
1.485	-1.207E-3	-4.907E-2	4.908E-2	3.803E-4	-4.128E-2	4.128E-2	3.536E-2	6.544E-2	7.439E-2
1.502	-1.112E-3	-4.963E-2	4.965E-2	-1.844E-3	-3.762E-2	3.766E-2	-0.226	-0.520	0.567
1.518	-1.268E-3	-5.032E-2	5.034E-2	-9.973E-3	-5.827E-2	5.912E-2	-4.561E-2	-0.986	0.987
1.535	-1.445E-3	-5.158E-2	5.160E-2	-3.488E-3	-7.491E-2	7.499E-2	0.532	-0.434	0.686
1.552	-1.385E-3	-5.282E-2	5.284E-2	9.104E-3	-7.074E-2	7.132E-2	0.267	0.666	0.717
1.568	-1.141E-3	-5.394E-2	5.395E-2	7.036E-3	-5.357E-2	5.403E-2	-0.341	-0.311	0.462
1.585	-1.150E-3	-5.461E-2	5.462E-2	-4.641E-3	-7.313E-2	7.327E-2	-0.400	-0.233	0.462
1.602	-1.296E-3	-5.638E-2	5.639E-2	-6.698E-3	-7.683E-2	7.712E-2	0.527	-0.546	0.759
1.618	-1.373E-3	-5.717E-2	5.719E-2	1.178E-2	-7.445E-2	7.538E-2	0.298	0.175	0.346
1.635	-9.033E-4	-5.886E-2	5.887E-2	1.022E-2	-8.515E-2	8.576E-2	-0.290	0.137	0.320
1.652	-1.033E-3	-6.001E-2	6.002E-2	-5.659E-3	-6.238E-2	6.263E-2	-0.730	0.682	0.999
1.668	-1.092E-3	-6.094E-2	6.095E-2	-1.005E-2	-6.194E-2	6.275E-2	9.011E-2	-0.286	0.300
1.685	-1.368E-3	-6.208E-2	6.209E-2	-6.267E-3	-7.382E-2	7.409E-2	0.329	5.822E-3	0.329
1.702	-1.301E-3	-6.341E-2	6.342E-2	4.692E-3	-6.462E-2	6.479E-2	0.284	1.383E-3	0.284
1.718	-1.211E-3	-6.424E-2	6.425E-2	2.383E-3	-6.633E-2	6.637E-2	-9.676E-2	-0.212	0.233
1.735	-1.222E-3	-6.562E-2	6.563E-2	3.610E-4	-7.911E-2	7.911E-2	-8.690E-3	-0.166	0.167
1.752	-1.199E-3	-6.688E-2	6.689E-2	2.624E-3	-6.927E-2	6.932E-2	0.311	0.297	0.430
1.768	-1.134E-3	-6.793E-2	6.794E-2	1.008E-2	-6.743E-2	6.818E-2	1.884E-2	-5.283E-2	5.609E-2
1.785	-8.627E-4	-6.913E-2	6.913E-2	6.268E-3	-7.289E-2	7.316E-2	-0.472	2.154E-2	0.472
1.802	-9.250E-4	-7.036E-2	7.037E-2	-8.685E-3	-6.745E-2	6.801E-2	-0.426	-3.770E-3	0.426
1.818	-1.152E-3	-7.138E-2	7.139E-2	-8.640E-3	-6.963E-2	7.016E-2	-3.107E-3	1.122E-3	3.304E-3
1.835	-1.213E-3	-7.269E-2	7.270E-2	-6.279E-3	-7.188E-2	7.215E-2	0.431	0.812	0.919
1.852	-1.362E-3	-7.377E-2	7.379E-2	2.639E-3	-4.259E-2	4.267E-2	-4.499E-2	2.289	2.290
1.869	-1.125E-3	-7.411E-2	7.412E-2	-1.817E-3	6.264E-3	6.522E-3	8.468E-2	5.085	5.086
1.885	-1.423E-3	-7.357E-2	7.358E-2	-2.892E-3	0.119	0.119	0.701	4.631	4.684
1.902	-1.222E-3	-7.014E-2	7.015E-2	2.610E-2	0.185	0.187	0.362	3.170	3.191
1.919	-5.516E-4	-6.740E-2	6.740E-2	1.470E-2	0.201	0.202	-1.026	1.185	1.567
1.935	-7.311E-4	-6.342E-2	6.343E-2	-1.659E-2	0.238	0.238	-1.103	1.175	1.612
1.952	-1.105E-3	-5.946E-2	5.947E-2	-2.040E-2	0.235	0.236	0.165	0.281	0.326
1.969	-1.412E-3	-5.558E-2	5.559E-2	-1.077E-2	0.245	0.245	0.562	0.218	0.602
1.985	-1.464E-3	-5.129E-2	5.131E-2	-1.964E-4	0.248	0.248	0.282	-5.318E-2	0.287
2.002	-1.418E-3	-4.731E-2	4.734E-2	-1.064E-3	0.239	0.239	0.173	-0.372	0.410
2.019	-1.500E-3	-4.332E-2	4.335E-2	2.952E-3	0.237	0.237	0.268	-0.347	0.438
2.035	-1.320E-3	-3.940E-2	3.943E-2	1.068E-2	0.227	0.228	0.250	0.323	0.408
2.052	-1.143E-3	-3.573E-2	3.575E-2	1.021E-2	0.243	0.243	-1.727E-2	1.516	1.516
2.069	-9.793E-4	-3.130E-2	3.132E-2	9.992E-3	0.283	0.283	-1.420E-2	1.870	1.870
2.085	-8.100E-4	-2.629E-2	2.630E-2	9.874E-3	0.306	0.306	-8.073E-2	1.492	1.494
2.102	-6.498E-4	-2.108E-2	2.109E-2	7.497E-3	0.329	0.329	0.215	1.769	1.782
2.119	-5.598E-4	-1.530E-2	1.531E-2	1.510E-2	0.367	0.367	4.725E-2	1.759	1.760
2.135	-1.461E-4	-8.850E-3	8.851E-3	1.373E-2	0.391	0.391	0.196	2.478	2.486
2.152	-1.018E-4	-2.263E-3	2.266E-3	1.529E-2	0.441	0.441	0.248	1.425	1.447
2.169	3.640E-4	5.869E-3	5.880E-3	2.728E-2	0.455	0.456	0.413	0.458	0.616
2.186	8.083E-4	1.293E-2	1.296E-2	2.701E-2	0.438	0.439	-0.339	-1.496	1.534
2.202	1.265E-3	2.050E-2	2.054E-2	1.756E-2	0.419	0.420	-0.225	-1.154	1.176
2.219	1.394E-3	2.692E-2	2.696E-2	1.553E-2	0.388	0.388	-0.417	-1.209	1.278
2.236	1.784E-3	3.343E-2	3.348E-2	9.292E-3	0.385	0.385	-0.342	-0.381	0.512
2.252	1.704E-3	3.978E-2	3.981E-2	-1.474E-3	0.374	0.374	0.197	-0.924	0.945
2.269	1.734E-3	4.591E-2	4.594E-2	1.667E-2	0.355	0.356	0.207	-0.871	0.895
2.286	2.261E-3	5.163E-2	5.168E-2	1.200E-2	0.342	0.343	-0.433	-0.980	1.071
2.302	2.135E-3	5.733E-2	5.737E-2	-5.748E-3	0.326	0.326	-0.183	-0.924	0.942
2.319	2.069E-3	6.252E-2	6.255E-2	7.546E-3	0.308	0.308	0.376	-0.642	0.744
2.336	2.386E-3	6.759E-2	6.764E-2	1.096E-2	0.306	0.306	0.110	-0.363	0.379
2.352	2.435E-3	7.273E-2	7.277E-2	6.709E-3	0.298	0.298	1.076E-3	-0.224	0.224
2.369	2.610E-3	7.753E-2	7.757E-2	1.291E-2	0.295	0.295	-2.604E-2	-0.258	0.259
2.386	2.865E-3	8.256E-2	8.261E-2	7.137E-3	0.294	0.294	-0.212	-0.465	0.511
2.402	2.848E-3	8.733E-2	8.737E-2	2.636E-3	0.277	0.277	-0.234	-1.229	1.251
2.419	2.953E-3	9.180E-2	9.185E-2	2.113E-3	0.253	0.253	-4.407E-2	-0.471	0.473
2.436	2.919E-3	9.578E-2	9.582E-2	-7.338E-4	0.256	0.256	-3.136E-2	-0.164	0.167
2.452	2.929E-3	0.100	0.100	1.857E-3	0.257	0.257	-9.443E-2	-0.707	0.714
2.469	2.981E-3	0.104	0.104	-2.855E-3	0.227	0.227	2.379E-3	-0.951	0.951
2.486	2.833E-3	0.108	0.108	-1.065E-3	0.223	0.223	0.444	-0.383	0.586
2.502	2.945E-3	0.112	0.112	1.401E-2	0.221	0.221	0.266	-0.508	0.573
2.519	3.301E-3	0.115	0.115	1.034E-2	0.202	0.202	-0.718	-0.658	0.974
2.536	3.290E-3	0.119	0.119	-1.244E-2	0.198	0.198	-0.274	0.163	0.319
2.553	2.886E-3	0.122	0.122	-3.579E-3	0.208	0.208	0.490	0.343	0.598
2.569	3.171E-3	0.125	0.126	1.222E-2	0.212	0.212	-0.215	-0.712	0.743
2.586	3.294E-3	0.129	0.129	-1.230E-2	0.185	0.186	-0.627	-0.766	0.990
2.603	2.761E-3	0.132	0.132	-1.591E-2	0.178	0.179	-0.400	-0.215	0.454
2.619	2.763E-3	0.135	0.135	-1.595E-2	0.187	0.187	0.354	-0.233	0.424
2.636	2.228E-3	0.138	0.138	-1.360E-2	0.168	0.169	0.184	-1.036	1.052
2.653	2.309E-3	0.141	0.141	-1.380E-3	0.150	0.150	0.440	-0.136	0.461
2.669	2.182E-3	0.143	0.143	-3.850E-3	0.161	0.161	5.509E-2	-0.319	0.323
2.686	2.180E-3	0.146	0.146	2.091E-3	0.150	0.150	0.605	0.218	0.643
2.703	2.252E-3	0.148	0.148	1.492E-2	0.153	0.154	-5.061E-2	0.175	0.182
2.719	2.678E-3	0.151	0.151	5.922E-3	0.171	0.171	-0.296	0.435	0.526
2.736	2.450E-3	0.154	0.154	-3.528E-3	0.159	0.159	-0.391	-1.070	1.139
2.753	2.561E-3	0.156	0.156	-3.971E-4	0.141	0.141	0.140	-0.295	0.326
2.769	2.437E-3	0.158	0.158	-2.970E-3	0.140	0.140	-0.405	-0.573	0.702
2.786	2.461E-3	0.161	0.161	-9.993E-3	0.134	0.134	-0.316	-0.157	0.353
2.803	2.103E-3	0.163	0.163	-1.794E-2	0.123	0.124	-0.204	-0.408	0.457
2.819	1.863E-3	0.165	0.165	-1.419E-2	0.129	0.130	0.773	0.246	0.812
2.836	1.630E-3	0.167	0.167	4.746E-3	0.126	0.126	0.696	-1.518E-3	0.696
2.853	2.021E-3	0.169	0.169	1.548E-2	0.131	0.132	-0.557	0.675	0.875
2.870	2.146E-3	0.171	0.171	-1.552E-2	0.146	0.147	-8.924E-2	8.329E-3	8.963E-2
2.886	1.503E-3	0.174	0.174	1.369E-3	0.138	0.138	-3.326E-2	-0.456	0.458
2.903	2.192E-3	0.176	0.176	3.462E-3	0.122	0.122	0.128	-1.300	1.306
2.920	1.619E-3	0.178	0.178	-1.378E-2	0.103	0.104	-0.615	-0.265	0.670
2.936	1.732E-3	0.180	0.180	-4.222E-3	0.102	0.102	0.168	0.409	0.442
2.953	1.478E-3	0.182	0.182	-1.438E-2	0.126	0.127	-0.139	0.318	0.347
2.970	1.252E-3	0.184	0.184	-7.874E-3	0.112	0.112	0.266	-0.642	0.694
2.986	1.215E-3	0.185	0.185	-3.795E-3	1.000E-1	0.100	0.265	-0.442	0.516
3.003	1.126E-3	0.187	0.187	-9.290E-4	0.101	0.101	0.273	0.103	0.292
3.020	1.184E-3	0.189	0.189	6.409E-3	0.102	0.102	0.330	-5.094E-2	0.334
3.036	1.339E-3	0.190	0.190	1.014E-2	0.101	0.102	-0.543	1.892E-2	0.543
3.053	1.523E-3	0.192	0.192	-9.016E-3	0.100	0.101	-0.520	1.217E-2	0.520
3.070	1.039E-3	0.194	0.194	-1.505E-2	0.103	0.104	-5.770E-2	-0.491	0.495
3.086	1.021E-3	0.196	0.196	-3.713E-3	8.559E-2	8.567E-2	0.525	-0.232	0.574
3.103	9.147E-4	0.197	0.197	-1.054E-3	8.784E-2	8.785E-2	0.337	0.290	0.445
3.120	9.854E-4	0.198	0.198	8.781E-3	0.104	0.104	0.228	0.365	0.431
3.136	1.208E-3	0.200	0.200	7.883E-3	9.683E-2	9.715E-2	-0.202	-0.553	0.589
3.153	1.248E-3	0.202	0.202	1.707E-4	8.579E-2	8.579E-2	-0.227	-0.643	0.682
3.170	1.213E-3	0.203	0.203	1.238E-4	7.427E-2	7.427E-2	-0.220	0.213	0.307
3.187	1.253E-3	0.204	0.204	-5.148E-3	9.005E-2	9.020E-2	0.374	0.528	0.647
3.203	1.042E-3	0.206	0.206	7.281E-3	9.954E-2	9.980E-2	0.304	0.144	0.337
3.220	1.496E-3	0.207	0.207	1.370E-2	8.914E-2	9.019E-2	-0.622	-0.782	0.999
3.237	1.499E-3	0.209	0.209	-1.765E-2	7.663E-2	7.863E-2	-1.249	-0.367	1.302
3.253	9.067E-4	0.210	0.210	-3.169E-2	7.223E-2	7.888E-2	0.159	-0.177	0.238
3.270	4.410E-4	0.211	0.211	-1.111E-2	7.546E-2	7.627E-2	0.926	-0.120	0.934
3.287	5.360E-4	0.213	0.213	3.757E-3	6.637E-2	6.648E-2	0.289	0.151	0.326
3.303	5.664E-4	0.214	0.214	-3.634E-3	7.769E-2	7.778E-2	-4.939E-2	-0.219	0.225
3.320	4.147E-4	0.215	0.215	-4.133E-4	6.780E-2	6.780E-2	-0.564	0.154	0.584
3.337	5.526E-4	0.216	0.216	-1.575E-2	6.941E-2	7.118E-2	-0.599	0.191	0.629
3.353	-1.109E-4	0.217	0.217	-2.991E-2	8.696E-2	9.196E-2	-0.124	6.579E-2	0.141
3.370	-4.454E-4	0.219	0.219	-1.446E-2	6.652E-2	6.807E-2	0.860	-1.017	1.332
3.387	-5.933E-4	0.220	0.220	-2.000E-3	5.186E-2	5.190E-2	0.478	4.345E-2	0.480
3.403	-5.121E-4	0.220	0.220	2.940E-3	6.586E-2	6.593E-2	-9.323E-2	0.174	0.198
3.420	-4.952E-4	0.222	0.222	-5.685E-3	6.587E-2	6.612E-2	-0.179	4.922E-2	0.186
3.437	-7.018E-4	0.223	0.223	-5.638E-3	5.838E-2	5.865E-2	-9.220E-2	-0.591	0.598
3.453	-6.833E-4	0.224	0.224	-5.004E-3	5.379E-2	5.402E-2	0.208	-0.309	0.372
3.470	-8.688E-4	0.224	0.224	-2.608E-3	4.190E-2	4.199E-2	0.175	0.132	0.219
3.487	-7.704E-4	0.225	0.225	4.371E-3	5.916E-2	5.932E-2	-0.635	0.259	0.686
3.503	-7.229E-4	0.226	0.226	-2.192E-2	5.657E-2	6.066E-2	-2.857E-2	6.644E-2	7.233E-2
3.520	-1.502E-3	0.227	0.227	-8.843E-3	5.270E-2	5.343E-2	0.164	-0.574	0.597
3.537	-1.018E-3	0.228	0.228	1.793E-3	4.626E-2	4.630E-2	0.193	6.998E-2	0.206
3.554	-1.442E-3	0.229	0.229	-1.680E-2	4.506E-2	4.809E-2	-0.469	-0.224	0.520
3.570	-1.579E-3	0.230	0.230	-7.609E-3	4.879E-2	4.938E-2	0.222	0.166	0.277
3.587	-1.696E-3	0.230	0.230	-1.002E-2	4.270E-2	4.386E-2	6.023E-2	-4.031E-2	7.247E-2
3.604	-1.913E-3	0.231	0.231	-7.349E-3	5.178E-2	5.230E-2	0.339	-2.282E-2	0.340
3.620	-1.941E-3	0.232	0.232	2.724E-3	4.241E-2	4.250E-2	9.740E-2	-0.356	0.369
3.637	-1.822E-3	0.233	0.233	-2.304E-3	3.632E-2	3.639E-2	-2.342E-2	0.113	0.115
3.654	-2.018E-3	0.233	0.233	-2.675E-3	4.771E-2	4.779E-2	-3.066E-2	2.863E-2	4.195E-2
3.670	-1.911E-3	0.234	0.234	1.330E-3	4.084E-2	4.086E-2	-0.343	-0.586	0.679
3.687	-1.973E-3	0.235	0.235	-1.521E-2	2.348E-2	2.798E-2	-0.308	-0.416	0.518
3.704	-2.419E-3	0.235	0.235	-1.340E-2	2.713E-2	3.026E-2	-0.125	-2.986E-2	0.128
3.720	-2.421E-3	0.235	0.235	-1.221E-2	2.599E-2	2.872E-2	0.651	0.112	0.660
3.737	-2.826E-3	0.236	0.236	-4.499E-4	2.645E-2	2.645E-2	-0.201	9.306E-2	0.221
3.754	-2.436E-3	0.236	0.236	-6.151E-3	3.289E-2	3.346E-2	-6.869E-2	-0.291	0.299
3.770	-3.031E-3	0.237	0.237	-1.723E-2	1.698E-2	2.419E-2	-0.263	-0.222	0.345
3.787	-3.010E-3	0.237	0.237	-4.597E-3	1.940E-2	1.993E-2	0.663	0.297	0.726
3.804	-3.185E-3	0.238	0.238	-7.916E-4	3.385E-2	3.386E-2	0.129	0.384	0.405
3.820	-3.037E-3	0.238	0.238	3.986E-3	2.964E-2	2.990E-2	2.907E-2	-0.480	0.481
3.837	-3.052E-3	0.239	0.239	-2.376E-3	1.871E-2	1.886E-2	6.464E-2	-0.237	0.245
3.854	-3.116E-3	0.239	0.239	5.125E-3	1.839E-2	1.909E-2	0.126	-0.277	0.305
3.871	-2.881E-3	0.239	0.239	5.816E-3	1.479E-2	1.589E-2	-6.956E-2	-0.164	0.178
3.887	-2.922E-3	0.239	0.239	-1.059E-3	7.620E-3	7.693E-3	-0.314	5.764E-2	0.319
3.904	-2.916E-3	0.239	0.239	-2.637E-3	1.887E-2	1.905E-2	-0.104	0.665	0.673
3.921	-3.010E-3	0.240	0.240	-5.598E-3	3.025E-2	3.077E-2	3.552E-2	-7.377E-2	8.188E-2
3.937	-3.103E-3	0.240	0.240	-1.576E-3	1.918E-2	1.924E-2	0.193	-0.543	0.576
3.954	-3.063E-3	0.240	0.240	2.031E-3	6.396E-3	6.711E-3	-0.157	-0.459	0.485
3.971	-3.035E-3	0.241	0.241	-6.334E-3	7.382E-3	9.727E-3	-0.201	4.826E-2	0.206
3.987	-3.274E-3	0.241	0.241	-7.828E-3	6.684E-3	1.029E-2	0.155	-0.229	0.277
4.004	-3.296E-3	0.241	0.241	1.450E-3	1.461E-3	2.058E-3	0.101	-0.215	0.237
4.021	-3.226E-3	0.241	0.241	-3.494E-3	-2.969E-3	4.585E-3	-0.440	-2.538E-2	0.441
4.037	-3.413E-3	0.241	0.241	-1.526E-2	1.889E-3	1.538E-2	-0.171	0.135	0.218
4.054	-3.735E-3	0.241	0.241	-1.052E-2	2.223E-3	1.075E-2	0.168	-0.119	0.206
4.071	-3.764E-3	0.241	0.241	-5.956E-3	-2.666E-3	6.526E-3	0.143	-9.707E-2	0.173
4.087	-3.934E-3	0.241	0.241	-8.459E-3	-1.962E-3	8.683E-3	-0.318	0.167	0.360
4.104	-4.046E-3	0.241	0.241	-1.438E-2	3.923E-3	1.490E-2	0.123	0.260	0.288
4.121	-4.413E-3	0.241	0.241	-8.683E-3	6.869E-3	1.107E-2	0.446	-2.890E-2	0.447
4.137	-4.336E-3	0.241	0.241	5.312E-3	3.313E-3	6.260E-3	0.377	-0.157	0.408
4.154	-4.236E-3	0.241	0.241	2.638E-3	2.611E-4	2.650E-3	-0.678	0.151	0.695
4.171	-4.248E-3	0.241	0.241	-1.615E-2	8.194E-3	1.811E-2	-0.591	0.404	0.716
4.188	-4.775E-3	0.241	0.241	-2.236E-2	1.553E-2	2.722E-2	-0.140	-5.932E-2	0.152
4.204	-4.994E-3	0.241	0.242	-1.560E-2	6.647E-3	1.696E-2	0.530	-0.328	0.623
4.221	-5.296E-3	0.241	0.242	-8.149E-3	1.315E-3	8.255E-3	0.249	-0.149	0.291
4.238	-5.266E-3	0.242	0.242	-3.345E-3	4.246E-3	5.405E-3	0.180	0.191	0.262
4.254	-5.407E-3	0.242	0.242	-5.477E-3	6.400E-3	8.423E-3	-8.823E-2	-0.119	0.148
4.271	-5.448E-3	0.242	0.242	-4.411E-3	2.334E-3	4.990E-3	0.166	-0.262	0.310
4.288	-5.554E-3	0.242	0.242	-1.612E-3	-4.864E-3	5.124E-3	-4.528E-3	2.681E-3	5.262E-3
4.304	-5.502E-3	0.242	0.242	-2.167E-3	2.416E-3	3.245E-3	-0.120	0.223	0.253
4.321	-5.627E-3	0.242	0.242	-7.761E-3	5.275E-3	9.384E-3	-9.380E-3	4.686E-3	1.049E-2
4.338	-5.761E-3	0.242	0.242	-2.585E-3	3.466E-4	2.608E-3	2.653E-2	-0.284	0.286
4.354	-5.713E-3	0.242	0.242	-4.254E-3	-3.289E-3	5.377E-3	-0.441	-5.240E-2	0.444
4.371	-5.903E-3	0.242	0.242	-1.903E-2	-2.743E-3	1.922E-2	-0.297	-8.769E-3	0.297
4.388	-6.348E-3	0.242	0.242	-1.674E-2	-1.712E-3	1.682E-2	-3.261E-2	-0.161	0.164
4.404	-6.461E-3	0.242	0.242	-1.501E-2	-8.750E-3	1.738E-2	9.664E-2	-5.313E-2	0.110
4.421	-6.849E-3	0.241	0.241	-1.802E-2	-5.465E-3	1.883E-2	-0.117	-0.166	0.203
4.438	-7.063E-3	0.241	0.242	-1.584E-2	-9.750E-3	1.860E-2	0.156	-0.174	0.234
4.454	-7.377E-3	0.241	0.241	-1.497E-2	-1.653E-2	2.230E-2	0.191	-0.291	0.348
4.471	-7.562E-3	0.241	0.241	-8.308E-3	-1.565E-2	1.772E-2	-3.964E-2	0.320	0.323
4.488	-7.655E-3	0.241	0.241	-1.474E-2	-9.335E-3	1.745E-2	0.238	0.109	0.262
4.505	-8.054E-3	0.241	0.241	-5.961E-3	-7.143E-3	9.303E-3	-0.628	-0.538	0.827
4.521	-7.853E-3	0.240	0.240	-2.409E-2	-2.925E-2	3.789E-2	-0.445	-0.585	0.735
4.538	-8.858E-3	0.240	0.240	-3.702E-2	-3.105E-2	4.832E-2	-9.455E-4	0.213	0.213
4.555	-9.089E-3	0.239	0.239	-1.252E-2	-1.709E-2	2.119E-2	1.068	0.508	1.183
4.571	-9.276E-3	0.239	0.239	-5.187E-3	-1.516E-2	1.602E-2	-0.224	-0.148	0.268
4.588	-9.262E-3	0.239	0.239	-1.604E-2	-2.148E-2	2.681E-2	-0.379	-0.231	0.444
4.605	-9.811E-3	0.238	0.238	-2.470E-2	-2.497E-2	3.513E-2	-6.563E-2	-0.206	0.216
4.621	-1.009E-2	0.238	0.238	-1.385E-2	-2.615E-2	2.959E-2	0.124	0.120	0.173
4.638	-1.027E-2	0.237	0.238	-1.977E-2	-2.338E-2	3.062E-2	0.148	-4.667E-2	0.155
4.655	-1.075E-2	0.237	0.237	-1.382E-2	-2.421E-2	2.787E-2	-8.292E-2	-0.391	0.399
4.671	-1.073E-2	0.237	0.237	-1.493E-2	-3.851E-2	4.130E-2	-0.230	-0.299	0.377
4.688	-1.124E-2	0.236	0.236	-2.834E-2	-3.637E-2	4.611E-2	-0.304	0.313	0.436
4.705	-1.168E-2	0.235	0.236	-2.270E-2	-2.487E-2	3.367E-2	-0.391	0.169	0.426
4.721	-1.200E-2	0.235	0.235	-3.804E-2	-3.018E-2	4.856E-2	0.176	-0.251	0.307
4.738	-1.295E-2	0.234	0.235	-2.695E-2	-3.612E-2	4.506E-2	-3.645E-3	-0.653	0.653
4.755	-1.290E-2	0.234	0.234	-2.321E-2	-4.831E-2	5.360E-2	-4.193E-2	-0.623	0.625
4.771	-1.372E-2	0.233	0.233	-4.124E-2	-6.135E-2	7.392E-2	0.150	6.691E-2	0.164
4.788	-1.428E-2	0.232	0.232	-1.479E-2	-4.584E-2	4.817E-2	0.857	0.378	0.937
4.805	-1.422E-2	0.231	0.232	-7.039E-3	-4.307E-2	4.364E-2	9.088E-2	-5.347E-2	0.105
4.821	-1.451E-2	0.230	0.231	-1.744E-2	-5.325E-2	5.603E-2	-1.026E-2	-0.298	0.298
4.838	-1.480E-2	0.229	0.230	-7.235E-3	-5.101E-2	5.152E-2	0.453	5.981E-2	0.457
4.855	-1.475E-2	0.229	0.229	7.992E-4	-5.114E-2	5.114E-2	-0.317	0.762	0.826
4.872	-1.477E-2	0.228	0.228	-1.747E-2	-2.918E-2	3.401E-2	-1.108	0.217	1.129
4.888	-1.534E-2	0.228	0.228	-3.971E-2	-3.339E-2	5.189E-2	-0.254	-0.623	0.673
4.905	-1.610E-2	0.227	0.227	-2.786E-2	-6.087E-2	6.695E-2	0.624	-1.052	1.223
4.922	-1.627E-2	0.226	0.226	-1.261E-2	-6.434E-2	6.557E-2	-0.427	-0.208	0.475
4.938	-1.652E-2	0.225	0.225	-4.159E-2	-6.847E-2	8.011E-2	-0.697	5.481E-2	0.699
4.955	-1.765E-2	0.223	0.224	-4.620E-2	-6.330E-2	7.836E-2	0.513	0.271	0.580
4.972	-1.806E-2	0.222	0.223	-1.570E-2	-5.742E-2	5.953E-2	0.632	0.355	0.725
4.988	-1.818E-2	0.221	0.222	-2.341E-2	-5.314E-2	5.807E-2	-0.120	-0.182	0.218
5.005	-1.884E-2	0.221	0.221	-2.738E-2	-6.040E-2	6.632E-2	0.442	0.171	0.474
5.022	-1.909E-2	0.219	0.220	-4.317E-3	-5.413E-2	5.430E-2	0.708	0.329	0.780
5.038	-1.898E-2	0.219	0.220	-1.369E-3	-4.170E-2	4.172E-2	-0.658	-8.957E-2	0.664
5.055	-1.914E-2	0.218	0.219	-2.739E-2	-5.963E-2	6.562E-2	-0.785	-1.250	1.477
5.072	-1.990E-2	0.217	0.218	-3.344E-2	-8.428E-2	9.067E-2	-0.458	-0.944	1.049
5.088	-2.025E-2	0.215	0.216	-3.466E-2	-9.342E-2	9.965E-2	4.187E-2	0.705	0.706
5.105	-2.105E-2	0.214	0.215	-3.894E-2	-6.202E-2	7.323E-2	0.439	0.566	0.716
5.122	-2.155E-2	0.213	0.214	-1.727E-2	-6.286E-2	6.519E-2	0.639	0.245	0.685
5.138	-2.163E-2	0.212	0.213	-1.402E-2	-6.930E-2	7.071E-2	0.219	-0.422	0.476
5.155	-2.202E-2	0.211	0.212	-1.551E-2	-6.396E-2	6.581E-2	-0.462	-0.201	0.503
5.172	-2.215E-2	0.209	0.211	-2.361E-2	-8.372E-2	8.699E-2	-0.355	-0.498	0.611
5.189	-2.281E-2	0.208	0.209	-3.382E-2	-7.981E-2	8.668E-2	-0.361	-0.217	0.421
5.205	-2.328E-2	0.207	0.208	-3.130E-2	-8.679E-2	9.226E-2	0.406	0.149	0.432
5.222	-2.385E-2	0.205	0.207	-2.355E-2	-8.223E-2	8.553E-2	0.481	0.233	0.535
5.239	-2.406E-2	0.204	0.205	-1.179E-2	-7.093E-2	7.190E-2	0.218	0.592	0.631
5.255	-2.425E-2	0.203	0.204	-1.677E-2	-6.833E-2	7.036E-2	-0.295	-0.214	0.364
5.272	-2.462E-2	0.202	0.203	-2.332E-2	-7.246E-2	7.612E-2	-0.278	-0.383	0.473
5.289	-2.502E-2	0.200	0.202	-2.526E-2	-8.628E-2	8.990E-2	-0.507	-0.281	0.580
5.305	-2.547E-2	0.199	0.201	-3.872E-2	-8.081E-2	8.961E-2	-0.463	0.391	0.605
5.322	-2.632E-2	0.198	0.199	-4.489E-2	-7.200E-2	8.485E-2	-0.140	0.169	0.219
5.339	-2.696E-2	0.197	0.198	-3.976E-2	-7.435E-2	8.431E-2	0.698	0.162	0.717
5.355	-2.764E-2	0.195	0.197	-2.498E-2	-6.996E-2	7.428E-2	0.425	0.109	0.439
5.372	-2.780E-2	0.194	0.196	-1.947E-2	-6.626E-2	6.906E-2	5.425E-2	-0.294	0.299
5.389	-2.829E-2	0.193	0.195	-2.851E-2	-8.159E-2	8.642E-2	-0.262	-0.590	0.646
5.405	-2.875E-2	0.191	0.194	-2.653E-2	-8.811E-2	9.202E-2	6.644E-2	0.232	0.242
5.422	-2.918E-2	0.190	0.192	-2.618E-2	-7.345E-2	7.798E-2	-6.453E-2	0.222	0.231
5.439	-2.962E-2	0.189	0.191	-2.863E-2	-7.566E-2	8.089E-2	-0.263	0.135	0.296
5.455	-3.013E-2	0.188	0.190	-3.487E-2	-7.658E-2	8.414E-2	-4.997E-2	-3.281E-2	5.977E-2
5.472	-3.078E-2	0.186	0.189	-3.220E-2	-6.999E-2	7.705E-2	0.374	8.406E-2	0.383
5.489	-3.121E-2	0.185	0.188	-2.051E-2	-7.745E-2	8.012E-2	9.515E-2	-0.425	0.436
5.505	-3.147E-2	0.184	0.187	-2.702E-2	-8.281E-2	8.711E-2	-0.234	-0.198	0.307
5.522	-3.211E-2	0.182	0.185	-3.301E-2	-8.550E-2	9.165E-2	-0.374	-0.339	0.505
5.539	-3.257E-2	0.181	0.184	-3.529E-2	-9.176E-2	9.832E-2	-0.310	0.153	0.346
5.556	-3.329E-2	0.179	0.182	-4.587E-2	-8.511E-2	9.668E-2	2.195E-2	3.508E-2	4.138E-2
5.572	-3.410E-2	0.178	0.181	-3.614E-2	-8.334E-2	9.084E-2	0.525	0.240	0.578
5.589	-3.449E-2	0.177	0.180	-2.419E-2	-8.461E-2	8.800E-2	0.108	0.132	0.171
5.606	-3.491E-2	0.175	0.179	-3.336E-2	-7.360E-2	8.081E-2	-0.306	0.255	0.398
5.622	-3.561E-2	0.174	0.178	-3.734E-2	-7.754E-2	8.606E-2	0.317	-0.296	0.433
5.639	-3.615E-2	0.173	0.177	-2.190E-2	-8.384E-2	8.665E-2	7.184E-2	-0.908	0.911
5.656	-3.634E-2	0.171	0.175	-2.974E-2	-0.106	0.110	-0.380	-0.341	0.511
5.672	-3.715E-2	0.169	0.173	-4.242E-2	-0.103	0.112	0.147	0.350	0.379
5.689	-3.775E-2	0.168	0.172	-2.237E-2	-8.482E-2	8.772E-2	0.438	0.514	0.676
5.706	-3.789E-2	0.166	0.171	-2.269E-2	-8.952E-2	9.235E-2	-1.157	-0.534	1.274
5.722	-3.851E-2	0.165	0.169	-6.325E-2	-0.101	0.119	-0.613	-0.275	0.672
5.739	-4.000E-2	0.163	0.168	-5.377E-2	-0.103	0.116	0.288	-0.227	0.367
5.756	-4.030E-2	0.161	0.166	-3.693E-2	-0.104	0.110	0.913	0.263	0.950
5.772	-4.124E-2	0.160	0.165	-3.661E-2	-9.979E-2	0.106	0.171	0.360	0.399
5.789	-4.152E-2	0.158	0.163	-2.228E-2	-8.624E-2	8.907E-2	0.774	4.254E-2	0.775
5.806	-4.198E-2	0.157	0.162	-1.650E-2	-9.862E-2	9.999E-2	-0.179	-0.382	0.421
5.822	-4.207E-2	0.155	0.160	-2.212E-2	-0.103	0.106	-0.260	-0.240	0.354
5.839	-4.272E-2	0.153	0.159	-3.227E-2	-0.102	0.107	-0.312	0.565	0.646
5.856	-4.315E-2	0.151	0.157	-2.812E-2	-8.989E-2	9.419E-2	-0.290	0.101	0.307
5.873	-4.366E-2	0.150	0.156	-4.179E-2	-9.007E-2	9.929E-2	-0.375	-0.289	0.473
5.889	-4.455E-2	0.148	0.155	-4.485E-2	-0.107	0.116	0.136	-0.660	0.674
5.906	-4.515E-2	0.147	0.153	-3.356E-2	-0.109	0.114	6.835E-2	-0.168	0.181
5.923	-4.567E-2	0.145	0.152	-4.147E-2	-0.113	0.121	0.346	0.120	0.367
5.939	-4.654E-2	0.143	0.150	-2.879E-2	-0.106	0.110	-0.105	-1.447E-2	0.106
5.956	-4.663E-2	0.141	0.149	-3.286E-2	-0.109	0.114	8.042E-2	0.303	0.314
5.973	-4.763E-2	0.139	0.147	-4.016E-2	-0.104	0.111	-0.581	0.135	0.597
5.989	-4.797E-2	0.138	0.146	-3.976E-2	-9.659E-2	0.104	-1.609E-2	2.990E-2	3.395E-2
6.006	-4.896E-2	0.136	0.145	-5.050E-2	-0.108	0.119	-7.863E-2	-0.603	0.608
6.023	-4.965E-2	0.134	0.143	-3.756E-2	-0.115	0.121	0.480	-9.978E-2	0.490
6.039	-5.021E-2	0.132	0.141	-3.453E-2	-0.114	0.119	0.597	-7.583E-2	0.601
6.056	-5.080E-2	0.130	0.140	-2.060E-2	-0.114	0.115	-0.249	0.301	0.391
6.073	-5.090E-2	0.128	0.138	-3.436E-2	-0.108	0.113	-0.155	0.104	0.187
6.089	-5.195E-2	0.127	0.137	-3.944E-2	-0.105	0.112	-0.411	-0.355	0.543
6.106	-5.222E-2	0.125	0.135	-3.461E-2	-0.123	0.127	2.879E-2	0.201	0.203
6.123	-5.310E-2	0.123	0.134	-4.795E-2	-0.104	0.114	-4.625E-2	-1.904E-2	5.001E-2
6.139	-5.382E-2	0.121	0.133	-3.328E-2	-0.109	0.114	0.402	-7.460E-3	0.402
6.156	-5.421E-2	0.119	0.131	-3.156E-2	-0.121	0.125	-0.168	-9.106E-2	0.191
6.173	-5.487E-2	0.117	0.130	-4.199E-2	-0.101	0.109	-0.742	0.309	0.804
6.190	-5.562E-2	0.116	0.128	-5.466E-2	-0.113	0.125	0.827	-1.266E-2	0.827
6.206	-5.669E-2	0.114	0.127	-2.275E-2	-0.106	0.109	0.219	-3.764E-2	0.222
6.223	-5.638E-2	0.112	0.126	-2.740E-2	-0.105	0.109	-0.704	-0.421	0.820
6.240	-5.761E-2	0.110	0.124	-6.649E-2	-0.126	0.143	-0.470	-0.156	0.495
6.256	-5.859E-2	0.108	0.123	-3.748E-2	-0.112	0.118	0.820	3.737E-2	0.821
6.273	-5.886E-2	0.106	0.122	-3.169E-2	-0.116	0.120	-0.463	-0.446	0.643
6.290	-5.965E-2	0.104	0.120	-5.895E-2	-0.137	0.149	-0.120	-0.470	0.485
6.306	-6.082E-2	0.102	0.119	-4.087E-2	-0.129	0.135	0.599	0.892	1.075
6.323	-6.101E-2	9.979E-2	0.117	-2.675E-2	-0.107	0.111	0.507	0.110	0.519
6.340	-6.172E-2	9.824E-2	0.116	-3.371E-2	-0.118	0.123	-0.770	-0.110	0.778
6.356	-6.214E-2	9.585E-2	0.114	-4.507E-2	-0.123	0.131	-0.417	-0.529	0.674
6.373	-6.322E-2	9.413E-2	0.113	-5.573E-2	-0.123	0.135	0.534	0.353	0.641
6.390	-6.400E-2	9.173E-2	0.112	-2.495E-2	-0.123	0.126	0.618	-4.873E-2	0.620
6.406	-6.405E-2	9.002E-2	0.110	-2.682E-2	-0.115	0.118	-0.519	0.413	0.663
6.423	-6.489E-2	8.791E-2	0.109	-5.190E-2	-0.117	0.128	-0.590	-0.179	0.616
6.440	-6.578E-2	8.611E-2	0.108	-4.477E-2	-0.115	0.123	0.501	-0.452	0.675
6.456	-6.639E-2	8.406E-2	0.107	-3.297E-2	-0.134	0.138	0.171	0.417	0.451
6.473	-6.688E-2	8.164E-2	0.106	-3.817E-2	-0.109	0.115	-0.375	1.523	1.569
6.490	-6.766E-2	8.044E-2	0.105	-4.812E-2	-7.112E-2	8.587E-2	-0.474	1.403	1.481
6.506	-6.849E-2	7.926E-2	0.105	-5.277E-2	-6.735E-2	8.556E-2	9.633E-2	0.614	0.621
6.523	-6.942E-2	7.819E-2	0.105	-4.686E-2	-5.166E-2	6.975E-2	0.299	1.207	1.244
6.540	-7.005E-2	7.754E-2	0.104	-3.952E-2	-2.582E-2	4.721E-2	3.609E-2	1.333	1.333
6.557	-7.074E-2	7.733E-2	0.105	-4.664E-2	-6.123E-3	4.704E-2	0.331	0.634	0.715
6.573	-7.161E-2	7.734E-2	0.105	-3.258E-2	-4.082E-3	3.284E-2	0.264	-0.256	0.368
6.590	-7.183E-2	7.719E-2	0.105	-2.919E-2	-1.580E-2	3.319E-2	7.432E-2	-1.106	1.108
6.607	-7.258E-2	7.681E-2	0.106	-3.847E-2	-4.003E-2	5.552E-2	0.429	-1.171	1.247
6.623	-7.311E-2	7.586E-2	0.105	-1.326E-2	-5.844E-2	5.993E-2	0.965	-0.854	1.289
6.640	-7.303E-2	7.486E-2	0.105	-1.107E-3	-6.572E-2	6.573E-2	0.466	-5.321E-2	0.469
6.657	-7.315E-2	7.367E-2	0.104	-2.754E-3	-6.288E-2	6.294E-2	-0.104	0.703	0.711
6.673	-7.312E-2	7.276E-2	0.103	-1.858E-3	-4.088E-2	4.093E-2	-3.647E-2	0.645	0.646
6.690	-7.321E-2	7.230E-2	0.103	-5.653E-3	-3.735E-2	3.778E-2	-0.435	-0.395	0.587
6.707	-7.331E-2	7.151E-2	0.102	-1.461E-2	-5.734E-2	5.918E-2	0.342	-1.056	1.110
6.723	-7.370E-2	7.039E-2	0.102	-7.951E-5	-7.326E-2	7.326E-2	0.204	-0.485	0.526
6.740	-7.331E-2	6.907E-2	0.101	3.028E-3	-7.440E-2	7.446E-2	-0.116	0.384	0.401
6.757	-7.360E-2	6.791E-2	0.100	-1.361E-2	-5.973E-2	6.126E-2	-0.254	-7.627E-2	0.265
6.773	-7.376E-2	6.708E-2	9.970E-2	-2.585E-3	-7.162E-2	7.166E-2	0.574	-0.699	0.905
6.790	-7.368E-2	6.552E-2	9.860E-2	6.865E-3	-9.110E-2	9.136E-2	0.110	-4.391E-2	0.118
6.807	-7.353E-2	6.404E-2	9.751E-2	1.637E-3	-7.169E-2	7.171E-2	-0.204	0.713	0.741
6.823	-7.363E-2	6.312E-2	9.698E-2	-2.734E-3	-6.180E-2	6.186E-2	-0.570	-0.224	0.613
6.840	-7.363E-2	6.197E-2	9.624E-2	-1.356E-2	-8.179E-2	8.290E-2	0.223	-0.127	0.257
6.857	-7.408E-2	6.040E-2	9.558E-2	-3.084E-3	-7.196E-2	7.203E-2	7.824E-2	-0.144	0.164
6.874	-7.373E-2	5.957E-2	9.479E-2	8.292E-4	-7.465E-2	7.465E-2	0.250	-7.508E-2	0.261
6.890	-7.405E-2	5.790E-2	9.400E-2	-5.934E-3	-8.685E-2	8.706E-2	-0.173	0.210	0.272
6.907	-7.393E-2	5.668E-2	9.315E-2	2.545E-3	-6.191E-2	6.196E-2	-0.225	0.114	0.253
6.924	-7.397E-2	5.584E-2	9.268E-2	-1.504E-2	-7.764E-2	7.909E-2	-0.390	-4.766E-2	0.393
6.940	-7.443E-2	5.408E-2	9.200E-2	-1.510E-2	-7.704E-2	7.851E-2	0.126	0.371	0.392
6.957	-7.447E-2	5.327E-2	9.156E-2	-5.114E-3	-5.276E-2	5.301E-2	-9.096E-2	0.368	0.379
6.974	-7.460E-2	5.232E-2	9.112E-2	-1.900E-2	-6.821E-2	7.081E-2	-0.124	-0.116	0.169
6.990	-7.511E-2	5.099E-2	9.078E-2	-1.443E-2	-6.196E-2	6.362E-2	0.145	8.773E-2	0.169
7.007	-7.508E-2	5.026E-2	9.035E-2	-6.795E-3	-5.670E-2	5.710E-2	0.418	-0.154	0.445
7.024	-7.533E-2	4.910E-2	8.992E-2	-6.397E-3	-7.278E-2	7.306E-2	0.211	-0.390	0.444
7.040	-7.529E-2	4.783E-2	8.920E-2	3.730E-3	-6.982E-2	6.992E-2	-8.887E-2	-7.650E-2	0.117
7.057	-7.521E-2	4.677E-2	8.857E-2	-8.290E-3	-7.181E-2	7.229E-2	-0.239	0.140	0.277
7.074	-7.557E-2	4.543E-2	8.818E-2	-9.968E-3	-6.993E-2	7.063E-2	9.769E-2	0.138	0.169
7.090	-7.554E-2	4.444E-2	8.764E-2	4.343E-4	-6.262E-2	6.263E-2	2.870E-3	0.327	0.327
7.107	-7.556E-2	4.334E-2	8.711E-2	-1.056E-2	-6.187E-2	6.277E-2	-4.829E-5	-6.311E-2	6.311E-2
7.124	-7.589E-2	4.237E-2	8.692E-2	-4.391E-3	-6.260E-2	6.275E-2	-0.136	0.106	0.173
7.140	-7.570E-2	4.125E-2	8.621E-2	-6.634E-3	-6.100E-2	6.136E-2	-0.313	-0.112	0.332
7.157	-7.611E-2	4.034E-2	8.614E-2	-2.254E-2	-6.285E-2	6.677E-2	-0.478	8.696E-3	0.478
7.174	-7.646E-2	3.916E-2	8.590E-2	-1.951E-2	-6.470E-2	6.758E-2	0.229	6.429E-2	0.238
7.191	-7.677E-2	3.818E-2	8.574E-2	-1.542E-2	-5.795E-2	5.996E-2	0.528	-0.289	0.602
7.207	-7.697E-2	3.722E-2	8.550E-2	-2.487E-3	-7.279E-2	7.283E-2	0.375	6.972E-2	0.381
7.224	-7.685E-2	3.575E-2	8.476E-2	3.904E-4	-6.368E-2	6.368E-2	-0.175	0.685	0.707
7.241	-7.696E-2	3.510E-2	8.458E-2	-1.101E-2	-4.046E-2	4.193E-2	-0.224	0.357	0.421
7.257	-7.722E-2	3.440E-2	8.453E-2	-8.427E-3	-5.398E-2	5.464E-2	0.135	-0.504	0.522
7.274	-7.724E-2	3.330E-2	8.411E-2	-3.513E-3	-6.123E-2	6.133E-2	0.156	-0.562	0.583
7.291	-7.733E-2	3.236E-2	8.383E-2	-4.977E-3	-6.797E-2	6.815E-2	0.197	-0.249	0.318
7.307	-7.740E-2	3.103E-2	8.339E-2	2.626E-3	-7.429E-2	7.433E-2	0.144	0.167	0.221
7.324	-7.725E-2	2.988E-2	8.282E-2	2.666E-3	-6.046E-2	6.052E-2	-7.469E-2	0.278	0.288
7.341	-7.731E-2	2.901E-2	8.258E-2	-2.962E-3	-6.189E-2	6.196E-2	-0.246	-0.124	0.275
7.357	-7.734E-2	2.781E-2	8.219E-2	-3.910E-3	-6.908E-2	6.919E-2	-0.326	-0.292	0.438
7.374	-7.745E-2	2.671E-2	8.192E-2	-1.355E-2	-6.903E-2	7.034E-2	-0.406	0.273	0.490
7.391	-7.780E-2	2.551E-2	8.187E-2	-1.952E-2	-6.247E-2	6.545E-2	-0.220	0.316	0.385
7.407	-7.810E-2	2.462E-2	8.189E-2	-1.921E-2	-5.515E-2	5.840E-2	0.470	0.298	0.557
7.424	-7.844E-2	2.367E-2	8.193E-2	-6.402E-3	-5.475E-2	5.513E-2	0.296	0.328	0.442
7.441	-7.831E-2	2.280E-2	8.156E-2	-3.543E-3	-4.439E-2	4.453E-2	4.673E-2	0.413	0.416
7.457	-7.856E-2	2.219E-2	8.163E-2	-1.062E-2	-3.870E-2	4.014E-2	-7.560E-2	2.619E-3	7.565E-2
7.474	-7.866E-2	2.150E-2	8.155E-2	-3.707E-3	-4.546E-2	4.561E-2	0.114	-0.548	0.560
7.491	-7.868E-2	2.067E-2	8.135E-2	-5.864E-3	-5.695E-2	5.725E-2	0.242	-0.334	0.412
7.508	-7.886E-2	1.960E-2	8.126E-2	8.718E-4	-5.871E-2	5.872E-2	0.262	0.218	0.341
7.524	-7.865E-2	1.871E-2	8.085E-2	7.650E-3	-4.795E-2	4.856E-2	-1.996E-2	0.193	0.194
7.541	-7.860E-2	1.800E-2	8.064E-2	-2.182E-3	-5.033E-2	5.037E-2	-0.614	-0.487	0.784
7.558	-7.872E-2	1.703E-2	8.054E-2	-1.273E-2	-6.609E-2	6.731E-2	0.340	-0.226	0.408
7.574	-7.903E-2	1.580E-2	8.059E-2	4.916E-3	-6.086E-2	6.106E-2	0.530	0.147	0.550
7.591	-7.856E-2	1.500E-2	7.998E-2	1.439E-2	-5.523E-2	5.708E-2	7.937E-2	-5.095E-2	9.432E-2
7.608	-7.855E-2	1.396E-2	7.978E-2	3.228E-4	-6.610E-2	6.610E-2	-0.862	-0.298	0.912
7.624	-7.855E-2	1.280E-2	7.958E-2	-1.089E-2	-6.562E-2	6.652E-2	-0.567	0.220	0.609
7.641	-7.891E-2	1.177E-2	7.979E-2	-2.172E-2	-5.774E-2	6.169E-2	-0.131	0.558	0.573
7.658	-7.927E-2	1.087E-2	8.001E-2	-1.464E-2	-4.731E-2	4.952E-2	0.393	0.282	0.484
7.674	-7.940E-2	1.019E-2	8.005E-2	-6.774E-3	-4.631E-2	4.680E-2	0.277	-0.353	0.449
7.691	-7.950E-2	9.325E-3	8.004E-2	-6.096E-3	-6.031E-2	6.062E-2	3.053E-2	-0.220	0.222
7.708	-7.960E-2	8.176E-3	8.002E-2	-5.997E-3	-5.702E-2	5.734E-2	2.527E-2	0.330	0.331
7.724	-7.970E-2	7.423E-3	8.004E-2	-5.194E-3	-4.474E-2	4.504E-2	0.132	-2.342E-2	0.134
7.741	-7.978E-2	6.683E-3	8.006E-2	-1.896E-3	-5.751E-2	5.754E-2	0.181	-0.432	0.468
7.758	-7.976E-2	5.504E-3	7.995E-2	1.489E-3	-6.393E-2	6.395E-2	9.721E-2	-0.305	0.320
7.774	-7.973E-2	4.550E-3	7.986E-2	1.223E-3	-6.304E-2	6.306E-2	-6.598E-3	0.142	0.142
7.791	-7.972E-2	3.400E-3	7.979E-2	8.819E-4	-6.271E-2	6.272E-2	-0.232	0.157	0.280
7.808	-7.970E-2	2.457E-3	7.974E-2	-5.304E-3	-5.538E-2	5.563E-2	-5.004E-2	3.930E-2	6.363E-2
7.824	-7.990E-2	1.552E-3	7.991E-2	-3.916E-3	-6.099E-2	6.112E-2	-5.737E-2	-0.102	0.117
7.841	-7.983E-2	4.221E-4	7.983E-2	-2.948E-3	-6.173E-2	6.181E-2	0.359	0.515	0.628
7.858	-8.000E-2	-5.075E-4	8.000E-2	3.029E-3	-4.295E-2	4.306E-2	5.049E-2	1.693	1.694
7.875	-7.973E-2	-1.011E-3	7.973E-2	5.062E-3	-5.923E-3	7.791E-3	1.000E-1	1.657	1.660
7.891	-7.983E-2	-7.051E-4	7.983E-2	4.294E-4	1.755E-2	1.756E-2	0.321	1.331	1.369
7.908	-7.971E-2	-4.254E-4	7.972E-2	1.764E-2	3.255E-2	3.702E-2	0.540	1.030	1.163
7.925	-7.924E-2	3.810E-4	7.924E-2	2.159E-2	5.551E-2	5.956E-2	0.673	0.828	1.067
7.941	-7.899E-2	1.427E-3	7.901E-2	3.386E-2	6.031E-2	6.917E-2	-0.317	0.168	0.358
7.958	-7.811E-2	2.393E-3	7.815E-2	2.191E-2	5.923E-2	6.315E-2	-0.751	-0.190	0.775
7.975	-7.826E-2	3.403E-3	7.834E-2	-3.607E-3	5.542E-2	5.553E-2	0.159	-7.689E-2	0.176
7.991	-7.823E-2	4.242E-3	7.835E-2	2.932E-2	5.443E-2	6.183E-2	0.821	0.194	0.843
8.008	-7.728E-2	5.219E-3	7.746E-2	3.404E-2	6.314E-2	7.173E-2	-0.319	0.143	0.350
8.025	-7.709E-2	6.349E-3	7.736E-2	8.685E-3	6.089E-2	6.151E-2	-0.659	-0.266	0.710
8.041	-7.699E-2	7.251E-3	7.734E-2	1.345E-2	5.196E-2	5.368E-2	0.346	-0.787	0.860
8.058	-7.665E-2	8.083E-3	7.707E-2	2.253E-2	3.686E-2	4.320E-2	0.226	-0.731	0.765
8.075	-7.624E-2	8.481E-3	7.671E-2	2.086E-2	2.411E-2	3.189E-2	-0.287	-6.788E-2	0.295
8.091	-7.595E-2	8.887E-3	7.647E-2	1.251E-2	3.501E-2	3.717E-2	-0.244	-0.240	0.342
8.108	-7.583E-2	9.649E-3	7.644E-2	1.120E-2	2.243E-2	2.507E-2	-7.682E-2	-0.499	0.505
8.125	-7.558E-2	9.636E-3	7.619E-2	1.216E-2	8.824E-3	1.502E-2	-0.115	0.334	0.353
8.141	-7.542E-2	9.943E-3	7.607E-2	6.417E-3	3.698E-2	3.754E-2	0.154	0.355	0.386
8.158	-7.536E-2	1.087E-2	7.614E-2	1.520E-2	2.845E-2	3.225E-2	0.575	-0.639	0.860
8.175	-7.491E-2	1.089E-2	7.570E-2	2.905E-2	4.787E-3	2.944E-2	0.341	-0.854	0.919
8.192	-7.439E-2	1.103E-2	7.521E-2	2.622E-2	5.235E-3	2.674E-2	-0.153	-0.205	0.256
8.208	-7.404E-2	1.107E-2	7.486E-2	2.207E-2	-2.687E-3	2.223E-2	-0.334	-0.352	0.486
8.225	-7.366E-2	1.094E-2	7.446E-2	1.688E-2	-7.527E-3	1.848E-2	-0.478	4.327E-3	0.478
8.242	-7.347E-2	1.082E-2	7.427E-2	5.091E-3	-2.506E-3	5.675E-3	-7.828E-2	-2.451E-2	8.203E-2
8.258	-7.349E-2	1.086E-2	7.428E-2	1.171E-2	-5.786E-3	1.307E-2	0.217	-0.211	0.303
8.275	-7.308E-2	1.062E-2	7.385E-2	1.763E-2	-1.277E-2	2.177E-2	0.167	-0.202	0.263
8.292	-7.290E-2	1.043E-2	7.364E-2	1.337E-2	-1.109E-2	1.737E-2	0.343	2.264E-2	0.344
8.308	-7.264E-2	1.025E-2	7.336E-2	2.875E-2	-1.188E-2	3.110E-2	3.016E-2	4.825E-2	5.690E-2
8.325	-7.194E-2	1.003E-2	7.264E-2	2.083E-2	-1.031E-2	2.325E-2	2.219E-2	3.560E-3	2.247E-2
8.342	-7.194E-2	9.909E-3	7.262E-2	1.885E-2	-1.036E-2	2.151E-2	-0.139	-0.442	0.464
8.358	-7.131E-2	9.688E-3	7.196E-2	2.632E-2	-2.466E-2	3.607E-2	0.132	-0.515	0.531
8.375	-7.106E-2	9.086E-3	7.164E-2	1.687E-2	-3.111E-2	3.539E-2	-0.472	0.208	0.516
8.392	-7.075E-2	8.650E-3	7.127E-2	1.362E-2	-1.608E-2	2.107E-2	3.675E-2	0.311	0.313
8.408	-7.061E-2	8.549E-3	7.113E-2	1.522E-2	-1.700E-2	2.282E-2	8.429E-2	0.143	0.166
8.425	-7.024E-2	8.083E-3	7.070E-2	1.960E-2	-1.739E-2	2.621E-2	7.264E-2	0.269	0.279
8.442	-6.996E-2	7.969E-3	7.041E-2	1.601E-2	-3.866E-3	1.647E-2	-0.216	0.531	0.574
8.458	-6.970E-2	7.954E-3	7.016E-2	1.283E-2	-3.950E-4	1.283E-2	-0.311	0.111	0.331
8.475	-6.953E-2	7.956E-3	6.998E-2	5.797E-3	-3.639E-4	5.808E-3	0.127	0.311	0.336
8.492	-6.951E-2	7.942E-3	6.996E-2	1.413E-2	8.448E-3	1.647E-2	0.284	-0.111	0.305
8.508	-6.906E-2	8.238E-3	6.955E-2	2.063E-2	1.033E-3	2.066E-2	9.568E-2	-0.557	0.565
8.525	-6.882E-2	7.976E-3	6.928E-2	1.362E-2	-1.617E-2	2.114E-2	-0.300	-0.334	0.449
8.542	-6.860E-2	7.698E-3	6.903E-2	1.167E-2	-8.966E-3	1.472E-2	-0.228	0.135	0.265
8.559	-6.843E-2	7.677E-3	6.886E-2	6.204E-3	-8.373E-3	1.042E-2	-0.137	-6.703E-2	0.153
8.575	-6.840E-2	7.419E-3	6.880E-2	5.708E-3	-1.448E-2	1.556E-2	0.110	4.736E-2	0.120
8.592	-6.824E-2	7.194E-3	6.862E-2	1.114E-2	-6.488E-3	1.289E-2	0.183	0.115	0.216
8.609	-6.802E-2	7.202E-3	6.840E-2	1.205E-2	-7.625E-3	1.426E-2	0.103	-0.275	0.294
8.625	-6.784E-2	6.940E-3	6.819E-2	1.361E-2	-1.859E-2	2.304E-2	0.120	-0.772	0.781
8.642	-6.757E-2	6.582E-3	6.789E-2	1.688E-2	-3.158E-2	3.580E-2	0.227	-0.500	0.549
8.659	-6.728E-2	5.886E-3	6.753E-2	2.054E-2	-3.826E-2	4.343E-2	-0.319	9.424E-2	0.333
8.675	-6.688E-2	5.305E-3	6.709E-2	9.095E-3	-2.710E-2	2.858E-2	-0.354	0.327	0.482
8.692	-6.697E-2	4.982E-3	6.716E-2	2.945E-3	-2.487E-2	2.504E-2	-0.232	-0.236	0.331
8.709	-6.679E-2	4.475E-3	6.694E-2	6.508E-3	-3.672E-2	3.729E-2	0.592	-4.186E-2	0.593
8.725	-6.676E-2	3.757E-3	6.686E-2	1.782E-2	-2.927E-2	3.427E-2	0.336	0.185	0.384
8.742	-6.619E-2	3.499E-3	6.628E-2	2.437E-2	-2.441E-2	3.449E-2	0.102	-0.193	0.218
8.759	-6.594E-2	2.942E-3	6.601E-2	1.603E-2	-3.938E-2	4.252E-2	-0.888	3.411E-2	0.889
8.775	-6.566E-2	2.185E-3	6.569E-2	-9.542E-4	-2.643E-2	2.644E-2	-0.568	0.738	0.931
8.792	-6.598E-2	2.061E-3	6.601E-2	-9.640E-3	-8.329E-3	1.274E-2	5.783E-2	1.258	1.259
8.809	-6.598E-2	1.907E-3	6.601E-2	5.488E-3	9.858E-3	1.128E-2	0.347	0.982	1.042
8.825	-6.579E-2	2.389E-3	6.584E-2	3.311E-3	2.988E-2	3.006E-2	-9.986E-2	0.471	0.481
8.842	-6.587E-2	2.904E-3	6.593E-2	-1.326E-3	2.409E-2	2.412E-2	0.162	-0.692	0.711
8.859	-6.584E-2	3.193E-3	6.591E-2	9.616E-3	6.303E-3	1.150E-2	0.469	-0.672	0.820
8.876	-6.555E-2	3.114E-3	6.562E-2	1.627E-2	-1.062E-3	1.630E-2	0.278	-0.538	0.605
8.892	-6.529E-2	3.158E-3	6.537E-2	1.716E-2	-7.564E-3	1.876E-2	0.216	-0.435	0.486
8.909	-6.497E-2	2.862E-3	6.504E-2	2.358E-2	-1.886E-2	3.020E-2	-0.268	-0.278	0.386
8.926	-6.451E-2	2.528E-3	6.456E-2	1.155E-2	-1.625E-2	1.993E-2	-0.621	-0.416	0.748
8.942	-6.459E-2	2.320E-3	6.463E-2	-2.771E-3	-2.914E-2	2.927E-2	-0.325	-0.463	0.566
8.959	-6.460E-2	1.556E-3	6.462E-2	3.116E-3	-3.807E-2	3.820E-2	0.321	0.393	0.507
8.976	-6.448E-2	1.049E-3	6.449E-2	8.482E-3	-1.382E-2	1.621E-2	3.543E-2	1.032	1.032
8.992	-6.432E-2	1.095E-3	6.433E-2	4.942E-3	3.417E-4	4.954E-3	-0.196	0.570	0.603
9.009	-6.432E-2	1.061E-3	6.433E-2	1.934E-4	1.625E-3	1.636E-3	-0.178	0.173	0.249
9.026	-6.431E-2	1.150E-3	6.432E-2	-7.606E-5	7.250E-3	7.251E-3	4.547E-2	0.304	0.308
9.042	-6.432E-2	1.303E-3	6.434E-2	1.198E-3	1.147E-2	1.153E-2	0.493	0.518	0.715
9.059	-6.427E-2	1.532E-3	6.429E-2	1.527E-2	2.352E-2	2.804E-2	1.060	0.176	1.074
9.076	-6.381E-2	2.087E-3	6.385E-2	3.821E-2	2.147E-2	4.383E-2	-9.412E-2	-0.523	0.532
9.092	-6.300E-2	2.249E-3	6.304E-2	1.792E-2	2.344E-3	1.807E-2	-1.126	-0.748	1.352
9.109	-6.321E-2	2.165E-3	6.325E-2	-1.022E-2	-4.044E-3	1.099E-2	-0.480	-0.534	0.718
9.126	-6.334E-2	2.114E-3	6.337E-2	5.378E-3	-1.279E-2	1.387E-2	1.088	-0.470	1.185
9.142	-6.304E-2	1.739E-3	6.306E-2	2.785E-2	-2.262E-2	3.588E-2	0.277	0.168	0.324
9.159	-6.241E-2	1.359E-3	6.242E-2	1.839E-2	-7.941E-3	2.003E-2	-0.634	0.557	0.844
9.176	-6.242E-2	1.474E-3	6.244E-2	-3.000E-4	1.063E-3	1.105E-3	-0.433	0.298	0.526
9.193	-6.242E-2	1.395E-3	6.243E-2	6.054E-3	-2.150E-3	6.424E-3	0.224	-4.474E-2	0.228
9.209	-6.222E-2	1.402E-3	6.224E-2	9.105E-3	1.057E-3	9.167E-3	3.336E-2	0.160	0.163
9.226	-6.211E-2	1.430E-3	6.213E-2	5.686E-3	2.815E-3	6.344E-3	0.135	0.129	0.186
9.243	-6.203E-2	1.496E-3	6.205E-2	1.267E-2	5.393E-3	1.377E-2	0.427	-0.240	0.490
9.259	-6.169E-2	1.610E-3	6.171E-2	2.201E-2	-3.485E-3	2.228E-2	0.255	-0.470	0.535
9.276	-6.130E-2	1.380E-3	6.131E-2	2.092E-2	-1.349E-2	2.489E-2	-0.192	-0.251	0.316
9.293	-6.099E-2	1.160E-3	6.100E-2	1.505E-2	-1.067E-2	1.845E-2	-9.300E-2	0.396	0.407
9.309	-6.079E-2	1.024E-3	6.080E-2	1.663E-2	-6.667E-4	1.664E-2	0.202	0.324	0.382
9.326	-6.044E-2	1.137E-3	6.045E-2	2.331E-2	2.541E-3	2.345E-2	-0.105	0.217	0.241
9.343	-6.002E-2	1.108E-3	6.003E-2	1.455E-2	3.540E-3	1.497E-2	-0.358	6.661E-3	0.358
9.359	-5.995E-2	1.256E-3	5.997E-2	7.498E-3	5.375E-3	9.225E-3	-0.167	-1.829E-2	0.168
9.376	-5.977E-2	1.288E-3	5.978E-2	1.150E-2	1.284E-3	1.157E-2			
9.393	-5.957E-2	1.298E-3	5.958E-2						
