	mass A									
t	x	y	r	vx	vy	v	ax	ay	a	
0.000	-3.355E-5	2.684E-4	2.705E-4						
0.017	-2.969E-5	2.890E-4	2.906E-4	-9.944E-4	-1.021E-3	1.425E-3			
0.033	-6.672E-5	2.343E-4	2.436E-4	-4.205E-3	-1.274E-3	4.393E-3	7.485E-2	4.999E-2	9.001E-2
0.050	-1.700E-4	2.465E-4	2.995E-4	1.987E-4	1.442E-3	1.456E-3	0.160	8.684E-2	0.182
0.067	-6.010E-5	2.824E-4	2.887E-4	3.658E-3	1.616E-3	3.999E-3	-0.217	3.587E-2	0.220
0.083	-4.792E-5	3.005E-4	3.043E-4	-7.608E-3	2.222E-3	7.926E-3	-0.184	-5.870E-2	0.193
0.100	-3.139E-4	3.566E-4	4.751E-4	-5.890E-3	4.726E-4	5.909E-3	0.307	-0.194	0.363
0.117	-2.444E-4	3.162E-4	3.997E-4	6.392E-3	-4.891E-3	8.048E-3	0.274	-8.406E-2	0.287
0.133	-1.007E-4	1.934E-4	2.180E-4	3.227E-3	-3.218E-3	4.558E-3	-0.152	0.155	0.217
0.150	-1.368E-4	2.088E-4	2.496E-4	-7.448E-4	1.705E-3	1.861E-3	-3.936E-2	6.671E-2	7.746E-2
0.167	-1.255E-4	2.503E-4	2.800E-4	2.788E-3	-8.814E-4	2.924E-3	-3.295E-2	-7.378E-2	8.081E-2
0.184	-4.375E-5	1.794E-4	1.847E-4	-6.502E-4	-2.131E-3	2.228E-3	-0.104	6.572E-2	0.123
0.200	-1.472E-4	1.792E-4	2.319E-4	-3.025E-3	2.095E-3	3.680E-3	-1.915E-2	0.106	0.107
0.217	-1.447E-4	2.493E-4	2.883E-4	3.787E-4	2.009E-3	2.045E-3	0.214	7.288E-2	0.226
0.234	-1.346E-4	2.462E-4	2.806E-4	3.347E-3	3.124E-3	4.579E-3	6.681E-2	-2.571E-2	7.159E-2
0.250	-3.302E-5	3.536E-4	3.551E-4	3.699E-3	2.914E-3	4.709E-3	-4.482E-2	-0.133	0.140
0.267	-1.114E-5	3.435E-4	3.436E-4	8.444E-4	-2.522E-3	2.659E-3	-0.427	-0.148	0.452
0.284	-4.847E-6	2.694E-4	2.695E-4	-8.992E-3	-2.377E-3	9.301E-3	-7.983E-2	-9.768E-2	0.126
0.300	-3.112E-4	2.641E-4	4.082E-4	-6.171E-3	-4.344E-3	7.547E-3	0.101	9.307E-2	0.137
0.317	-2.108E-4	1.245E-4	2.448E-4	4.038E-5	-1.673E-3	1.673E-3	0.255	0.181	0.313
0.334	-3.098E-4	2.083E-4	3.734E-4	-1.706E-3	4.281E-3	4.609E-3	-6.292E-4	0.171	0.171
0.350	-2.677E-4	2.674E-4	3.783E-4	2.138E-3	2.959E-3	3.651E-3	0.150	-0.211	0.259
0.367	-2.385E-4	3.070E-4	3.888E-4	2.487E-3	-2.170E-3	3.300E-3	-3.176E-2	-0.119	0.123
0.384	-1.847E-4	1.949E-4	2.685E-4	1.580E-3	-2.800E-3	3.215E-3	3.430E-2	6.945E-2	7.746E-2
0.400	-1.858E-4	2.136E-4	2.831E-4	2.666E-3	1.817E-3	3.226E-3	-6.554E-2	0.140	0.154
0.417	-9.575E-5	2.556E-4	2.729E-4	1.031E-3	1.623E-3	1.923E-3	-4.534E-2	-3.081E-2	5.481E-2
0.434	-1.514E-4	2.678E-4	3.076E-4	-8.401E-4	4.714E-4	9.634E-4	-0.154	-7.847E-2	0.173
0.450	-1.238E-4	2.713E-4	2.982E-4	-2.232E-3	-7.977E-4	2.370E-3	3.894E-2	-6.924E-3	3.955E-2
0.467	-2.259E-4	2.411E-4	3.304E-4	-1.646E-3	-2.354E-4	1.663E-3	5.854E-2	2.112E-2	6.223E-2
0.484	-1.787E-4	2.634E-4	3.183E-4	1.713E-3	6.047E-4	1.817E-3	-9.145E-2	0.125	0.155
0.501	-1.687E-4	2.613E-4	3.110E-4	-4.873E-3	3.044E-3	5.745E-3	-2.776E-2	3.232E-2	4.261E-2
0.517	-3.413E-4	3.650E-4	4.997E-4	-1.834E-3	3.134E-3	3.631E-3	0.168	-5.464E-2	0.176
0.534	-2.299E-4	3.659E-4	4.321E-4	4.277E-3	-9.183E-5	4.278E-3	9.256E-2	-0.137	0.165
0.551	-1.986E-4	3.619E-4	4.128E-4	-3.319E-4	-9.419E-4	9.986E-4	-5.584E-2	-8.674E-3	5.651E-2
0.567	-2.410E-4	3.345E-4	4.122E-4	1.543E-3	-6.978E-4	1.693E-3	4.401E-2	2.080E-2	4.868E-2
0.584	-1.471E-4	3.387E-4	3.692E-4	2.994E-3	1.401E-4	2.998E-3	-5.941E-2	9.940E-2	0.116
0.601	-1.411E-4	3.391E-4	3.673E-4	-1.507E-3	2.148E-3	2.624E-3	-3.489E-2	-4.152E-2	5.423E-2
0.617	-1.974E-4	4.103E-4	4.554E-4	1.040E-3	-1.221E-5	1.040E-3	-3.773E-2	-0.149	0.153
0.634	-1.063E-4	3.387E-4	3.550E-4	-3.998E-4	-4.333E-3	4.351E-3	-0.177	0.108	0.208
0.651	-2.107E-4	2.658E-4	3.392E-4	-7.070E-3	3.134E-3	7.734E-3	-5.661E-2	0.165	0.174
0.667	-3.423E-4	4.433E-4	5.600E-4	-2.459E-3	4.224E-3	4.887E-3	0.293	-7.672E-2	0.303
0.684	-2.928E-4	4.067E-4	5.011E-4	4.189E-3	-2.314E-3	4.786E-3	0.161	-0.188	0.247
0.701	-2.025E-4	3.661E-4	4.183E-4	2.862E-3	-1.316E-3	3.150E-3	-0.124	6.370E-2	0.139
0.717	-1.973E-4	3.628E-4	4.130E-4	-6.968E-4	1.054E-4	7.047E-4	-8.317E-2	7.290E-2	0.111
0.734	-2.257E-4	3.696E-4	4.331E-4	-6.972E-5	9.630E-4	9.655E-4	-3.691E-2	-0.181	0.185
0.751	-1.996E-4	3.949E-4	4.425E-4	-9.576E-4	-4.899E-3	4.992E-3	-2.232E-2	-5.921E-2	6.328E-2
0.767	-2.577E-4	2.061E-4	3.300E-4	-1.982E-3	-3.975E-3	4.442E-3	-7.796E-3	0.174	0.174
0.784	-2.658E-4	2.623E-4	3.734E-4	-4.367E-4	3.853E-3	3.877E-3	1.724E-2	0.189	0.190
0.801	-2.722E-4	3.347E-4	4.314E-4	-1.455E-3	1.778E-3	2.297E-3	0.158	-0.156	0.222
0.817	-3.143E-4	3.216E-4	4.497E-4	3.634E-3	-1.980E-3	4.139E-3	0.121	-0.152	0.194
0.834	-1.510E-4	2.686E-4	3.081E-4	5.145E-3	-3.268E-3	6.095E-3	-3.548E-2	1.132E-2	3.725E-2
0.851	-1.426E-4	2.126E-4	2.560E-4	2.759E-4	-1.695E-3	1.717E-3	-0.332	-0.136	0.359
0.868	-1.418E-4	2.121E-4	2.551E-4	-4.654E-3	-6.412E-3	7.923E-3	6.461E-2	-0.297	0.304
0.884	-2.979E-4	-1.366E-6	2.979E-4	-1.908E-4	-1.355E-2	1.355E-2	0.106	-9.569E-2	0.143
0.901	-1.481E-4	-2.401E-4	2.821E-4	3.016E-3	-9.585E-3	1.005E-2	-9.977E-2	2.294E-2	0.102
0.918	-1.973E-4	-3.212E-4	3.769E-4	-6.085E-3	-1.052E-2	1.215E-2	-0.105	-0.543	0.553
0.934	-3.512E-4	-5.911E-4	6.875E-4	-1.622E-3	-2.827E-2	2.832E-2	0.204	-0.472	0.514
0.951	-2.514E-4	-1.265E-3	1.289E-3	3.673E-3	-3.034E-2	3.056E-2	-3.550E-3	0.344	0.344
0.968	-2.286E-4	-1.603E-3	1.619E-3	-2.879E-3	-1.321E-2	1.352E-2	-0.240	0.620	0.665
0.984	-3.475E-4	-1.705E-3	1.740E-3	-5.467E-3	-8.693E-3	1.027E-2	7.599E-2	0.144	0.163
1.001	-4.110E-4	-1.893E-3	1.937E-3	1.691E-4	-1.030E-2	1.030E-2	0.176	-0.407	0.444
1.018	-3.418E-4	-2.049E-3	2.077E-3	1.671E-3	-2.010E-2	2.017E-2	-0.161	-0.243	0.291
1.034	-3.552E-4	-2.564E-3	2.588E-3	-5.777E-3	-2.277E-2	2.350E-2	-1.596E-2	0.278	0.279
1.051	-5.346E-4	-2.809E-3	2.859E-3	-1.281E-3	-7.918E-3	8.021E-3	0.203	0.185	0.275
1.068	-3.980E-4	-2.828E-3	2.856E-3	4.894E-3	-1.400E-2	1.483E-2	0.201	-0.419	0.465
1.084	-3.713E-4	-3.276E-3	3.297E-3	2.949E-3	-2.657E-2	2.673E-2	-8.349E-2	-0.296	0.308
1.101	-2.996E-4	-3.715E-3	3.727E-3	3.130E-3	-2.251E-2	2.272E-2	4.855E-2	0.163	0.170
1.118	-2.668E-4	-4.027E-3	4.036E-3	3.783E-3	-1.993E-2	2.028E-2	-0.414	0.191	0.456
1.134	-1.734E-4	-4.379E-3	4.383E-3	-8.055E-3	-1.752E-2	1.928E-2	-4.063E-2	-0.223	0.227
1.151	-5.356E-4	-4.611E-3	4.642E-3	-4.232E-3	-2.464E-2	2.500E-2	0.364	4.886E-2	0.368
1.168	-3.146E-4	-5.202E-3	5.211E-3	1.132E-2	-2.146E-2	2.426E-2	0.335	0.264	0.426
1.185	-1.578E-4	-5.327E-3	5.330E-3	4.584E-3	-9.982E-3	1.098E-2	-0.377	0.214	0.434
1.201	-1.616E-4	-5.535E-3	5.537E-3	-2.088E-3	-1.642E-2	1.655E-2	-0.119	-0.373	0.392
1.218	-2.275E-4	-5.875E-3	5.880E-3	1.759E-4	-2.287E-2	2.287E-2	-1.366E-2	-9.849E-2	9.943E-2
1.235	-1.558E-4	-6.298E-3	6.300E-3	-4.245E-4	-2.052E-2	2.053E-2	0.204	8.356E-2	0.220
1.251	-2.417E-4	-6.560E-3	6.564E-3	3.756E-3	-1.803E-2	1.841E-2	-5.842E-2	0.237	0.244
1.268	-3.044E-5	-6.899E-3	6.899E-3	2.323E-3	-1.477E-2	1.495E-2	-0.226	0.122	0.257
1.285	-1.642E-4	-7.053E-3	7.055E-3	-8.022E-3	-1.167E-2	1.417E-2	-0.162	-0.391	0.423
1.301	-2.981E-4	-7.289E-3	7.295E-3	-2.420E-3	-2.741E-2	2.752E-2	0.353	-0.404	0.536
1.318	-2.449E-4	-7.967E-3	7.971E-3	5.075E-3	-3.011E-2	3.053E-2	3.306E-2	0.120	0.125
1.335	-1.288E-4	-8.293E-3	8.294E-3	-5.111E-4	-1.861E-2	1.862E-2	-4.749E-2	-8.399E-2	9.648E-2
1.351	-2.620E-4	-8.588E-3	8.592E-3	-4.832E-5	-3.210E-2	3.210E-2	-3.459E-2	-0.290	0.292
1.368	-1.304E-4	-9.364E-3	9.365E-3	2.448E-3	-3.428E-2	3.436E-2	-5.354E-2	0.308	0.313
1.385	-1.803E-4	-9.732E-3	9.734E-3	-4.332E-3	-1.699E-2	1.753E-2	0.129	-6.898E-3	0.129
1.401	-2.749E-4	-9.931E-3	9.935E-3	5.547E-3	-3.195E-2	3.243E-2	0.272	-0.313	0.415
1.418	4.758E-6	-1.080E-2	1.080E-2	9.214E-3	-3.613E-2	3.729E-2	-8.470E-2	0.124	0.150
1.435	3.251E-5	-1.114E-2	1.114E-2	-7.013E-4	-2.041E-2	2.042E-2	-0.252	0.151	0.294
1.451	-1.864E-5	-1.148E-2	1.148E-2	6.744E-4	-3.178E-2	3.179E-2	2.329E-2	-8.816E-3	2.490E-2
1.468	5.501E-5	-1.220E-2	1.220E-2	1.849E-3	-2.630E-2	2.636E-2	1.372E-2	-7.276E-2	7.404E-2
1.485	4.305E-5	-1.236E-2	1.236E-2	-2.078E-4	-2.553E-2	2.554E-2	-5.157E-2	0.132	0.141
1.502	4.808E-5	-1.305E-2	1.305E-2	5.977E-4	-3.044E-2	3.045E-2	0.160	7.106E-2	0.175
1.518	6.299E-5	-1.337E-2	1.337E-2	4.598E-3	-1.792E-2	1.850E-2	7.789E-2	0.256	0.268
1.535	2.015E-4	-1.365E-2	1.365E-2	4.724E-3	-2.224E-2	2.274E-2	0.183	-0.110	0.213
1.552	2.206E-4	-1.411E-2	1.412E-2	8.141E-3	-2.402E-2	2.536E-2	3.160E-2	-6.832E-2	7.527E-2
1.568	4.731E-4	-1.445E-2	1.446E-2	9.144E-3	-2.224E-2	2.405E-2	-6.042E-2	7.794E-2	9.862E-2
1.585	5.257E-4	-1.486E-2	1.487E-2	3.381E-3	-2.285E-2	2.310E-2	-0.265	-0.188	0.325
1.602	5.859E-4	-1.521E-2	1.522E-2	1.512E-3	-2.692E-2	2.696E-2	0.143	-0.106	0.178
1.618	5.762E-4	-1.575E-2	1.577E-2	6.518E-3	-2.877E-2	2.950E-2	0.175	-1.706E-2	0.175
1.635	8.034E-4	-1.617E-2	1.619E-2	1.016E-2	-2.551E-2	2.746E-2	0.171	2.360E-2	0.172
1.652	9.153E-4	-1.661E-2	1.663E-2	9.774E-3	-2.836E-2	3.000E-2	-7.793E-2	0.435	0.442
1.668	1.130E-3	-1.712E-2	1.715E-2	9.422E-3	-1.396E-2	1.684E-2	0.368	0.478	0.603
1.685	1.230E-3	-1.707E-2	1.712E-2	1.879E-2	-6.051E-3	1.974E-2	-3.047E-2	0.207	0.209
1.702	1.757E-3	-1.732E-2	1.741E-2	1.493E-2	-1.232E-2	1.936E-2	-0.414	-0.263	0.490
1.718	1.728E-3	-1.748E-2	1.757E-2	-1.614E-3	-1.245E-2	1.256E-2	-0.640	-7.689E-2	0.644
1.735	1.703E-3	-1.773E-2	1.782E-2	-3.693E-3	-1.590E-2	1.632E-2	-4.341E-2	-0.290	0.293
1.752	1.605E-3	-1.801E-2	1.808E-2	-3.979E-3	-2.131E-2	2.167E-2	0.189	-0.262	0.323
1.768	1.570E-3	-1.845E-2	1.851E-2	2.768E-3	-2.586E-2	2.601E-2	0.739	0.104	0.746
1.785	1.697E-3	-1.888E-2	1.895E-2	2.002E-2	-1.824E-2	2.709E-2	0.440	0.187	0.479
1.802	2.238E-3	-1.905E-2	1.919E-2	2.183E-2	-1.663E-2	2.744E-2	-0.204	-0.245	0.318
1.818	2.425E-3	-1.943E-2	1.958E-2	8.775E-3	-2.835E-2	2.968E-2	-0.536	-0.352	0.641
1.835	2.531E-3	-2.000E-2	2.016E-2	4.958E-3	-2.982E-2	3.023E-2	-0.153	0.270	0.310
1.852	2.591E-3	-2.043E-2	2.059E-2	3.638E-3	-1.831E-2	1.867E-2	5.695E-2	0.186	0.194
1.869	2.652E-3	-2.061E-2	2.078E-2	6.640E-3	-2.081E-2	2.185E-2	0.118	0.163	0.201
1.885	2.812E-3	-2.112E-2	2.131E-2	8.564E-3	-1.840E-2	2.030E-2	-0.174	0.106	0.203
1.902	2.938E-3	-2.123E-2	2.143E-2	1.055E-3	-1.168E-2	1.173E-2	-0.228	0.384	0.446
1.919	2.848E-3	-2.151E-2	2.170E-2	-1.318E-3	-9.871E-3	9.958E-3	-6.862E-2	-0.193	0.204
1.935	2.894E-3	-2.155E-2	2.175E-2	1.100E-3	-1.372E-2	1.376E-2	-4.446E-3	-0.284	0.284
1.952	2.884E-3	-2.197E-2	2.216E-2	-2.288E-3	-2.367E-2	2.378E-2	-0.112	-0.450	0.464
1.969	2.818E-3	-2.234E-2	2.252E-2	-3.032E-3	-2.632E-2	2.649E-2	0.115	0.106	0.157
1.985	2.783E-3	-2.285E-2	2.301E-2	1.562E-3	-2.243E-2	2.248E-2	0.188	0.343	0.391
2.002	2.870E-3	-2.309E-2	2.327E-2	4.271E-3	-1.249E-2	1.320E-2	2.526E-3	-0.299	0.299
2.019	2.926E-3	-2.326E-2	2.345E-2	1.175E-3	-2.998E-2	3.000E-2	-0.184	-0.334	0.381
2.035	2.909E-3	-2.409E-2	2.427E-2	-2.202E-3	-3.214E-2	3.222E-2	1.883E-2	0.327	0.327
2.052	2.852E-3	-2.434E-2	2.450E-2	1.123E-3	-1.162E-2	1.167E-2	6.014E-2	0.525	0.529
2.069	2.946E-3	-2.448E-2	2.466E-2	1.818E-3	-1.537E-2	1.548E-2	0.276	-9.800E-2	0.293
2.085	2.913E-3	-2.485E-2	2.502E-2	7.262E-3	-1.779E-2	1.922E-2	-0.104	-0.240	0.261
2.102	3.189E-3	-2.507E-2	2.528E-2	3.412E-3	-2.026E-2	2.055E-2	-0.111	-9.433E-2	0.146
2.119	3.027E-3	-2.552E-2	2.570E-2	-2.540E-3	-2.389E-2	2.402E-2	-0.238	-5.677E-2	0.244
2.135	3.104E-3	-2.587E-2	2.606E-2	6.016E-5	-2.039E-2	2.039E-2	4.810E-2	2.039E-2	5.224E-2
2.152	3.029E-3	-2.620E-2	2.638E-2	-3.423E-3	-2.307E-2	2.332E-2	-0.294	-5.742E-2	0.300
2.169	2.990E-3	-2.664E-2	2.681E-2	-7.986E-3	-2.363E-2	2.494E-2	0.140	0.169	0.220
2.186	2.762E-3	-2.699E-2	2.713E-2	-2.149E-3	-1.686E-2	1.700E-2	0.413	0.444	0.606
2.202	2.918E-3	-2.720E-2	2.736E-2	9.812E-3	-8.554E-3	1.302E-2	0.565	-0.271	0.627
2.219	3.090E-3	-2.728E-2	2.745E-2	1.458E-2	-2.272E-2	2.700E-2	8.618E-2	-0.318	0.330
2.236	3.405E-3	-2.796E-2	2.817E-2	1.448E-2	-2.698E-2	3.062E-2	-2.327E-2	-4.436E-2	5.009E-2
2.252	3.573E-3	-2.818E-2	2.840E-2	1.170E-2	-1.701E-2	2.065E-2	-0.187	0.599	0.628
2.269	3.795E-3	-2.853E-2	2.878E-2	9.824E-3	-1.151E-2	1.513E-2	-6.545E-2	-1.825E-3	6.547E-2
2.286	3.901E-3	-2.856E-2	2.883E-2	8.037E-3	-1.229E-2	1.469E-2	-0.195	-0.274	0.336
2.302	4.063E-3	-2.894E-2	2.922E-2	5.005E-3	-2.466E-2	2.517E-2	7.644E-2	-0.301	0.311
2.319	4.068E-3	-2.939E-2	2.967E-2	7.893E-3	-2.211E-2	2.348E-2	-0.169	0.281	0.328
2.336	4.327E-3	-2.968E-2	2.999E-2	3.882E-3	-1.417E-2	1.470E-2	-0.243	0.643	0.687
2.352	4.197E-3	-2.986E-2	3.015E-2	-5.034E-3	-1.669E-3	5.303E-3	-0.393	5.848E-3	0.393
2.369	4.159E-3	-2.973E-2	3.002E-2	-6.221E-3	-9.426E-3	1.129E-2	8.320E-2	-0.481	0.488
2.386	3.990E-3	-3.017E-2	3.044E-2	-4.565E-3	-2.416E-2	2.459E-2	0.256	-0.807	0.846
2.402	4.006E-3	-3.054E-2	3.080E-2	4.028E-3	-3.189E-2	3.215E-2	0.268	-6.913E-2	0.277
2.419	4.124E-3	-3.124E-2	3.151E-2	4.778E-3	-3.113E-2	3.150E-2	-5.923E-2	9.523E-2	0.112
2.436	4.166E-3	-3.158E-2	3.185E-2	1.165E-3	-2.378E-2	2.380E-2	-2.671E-2	0.330	0.331
2.452	4.163E-3	-3.203E-2	3.230E-2	3.325E-3	-2.316E-2	2.340E-2	-1.337E-2	0.239	0.239
2.469	4.277E-3	-3.235E-2	3.263E-2	2.527E-3	-1.484E-2	1.505E-2	-8.010E-2	0.349	0.358
2.486	4.247E-3	-3.253E-2	3.280E-2	-1.165E-3	-1.077E-2	1.083E-2	-4.187E-2	-0.295	0.298
2.503	4.238E-3	-3.271E-2	3.298E-2	1.610E-3	-2.361E-2	2.366E-2	8.711E-2	-0.438	0.447
2.519	4.301E-3	-3.331E-2	3.359E-2	2.460E-3	-2.982E-2	2.992E-2	-1.696E-2	0.316	0.316
2.536	4.320E-3	-3.371E-2	3.398E-2	4.579E-4	-1.124E-2	1.125E-2	2.846E-2	0.361	0.362
2.553	4.316E-3	-3.369E-2	3.396E-2	2.947E-3	-1.315E-2	1.348E-2	2.724E-2	-0.314	0.316
2.569	4.418E-3	-3.414E-2	3.443E-2	2.842E-3	-2.752E-2	2.766E-2	-8.214E-2	-0.316	0.326
2.586	4.411E-3	-3.461E-2	3.489E-2	-1.092E-3	-2.246E-2	2.249E-2	-0.207	0.367	0.421
2.603	4.382E-3	-3.489E-2	3.517E-2	-3.538E-3	-1.418E-2	1.462E-2	0.205	0.176	0.270
2.619	4.293E-3	-3.508E-2	3.534E-2	3.987E-3	-1.579E-2	1.629E-2	0.139	-0.262	0.296
2.636	4.515E-3	-3.542E-2	3.571E-2	5.172E-3	-2.415E-2	2.470E-2	-6.977E-2	-0.179	0.192
2.653	4.465E-3	-3.589E-2	3.616E-2	-2.118E-3	-2.288E-2	2.298E-2	4.372E-2	-0.235	0.239
2.669	4.444E-3	-3.618E-2	3.646E-2	6.870E-3	-2.852E-2	2.933E-2	0.416	-0.113	0.431
2.686	4.695E-3	-3.684E-2	3.714E-2	1.409E-2	-3.149E-2	3.450E-2	0.101	7.672E-2	0.127
2.703	4.914E-3	-3.724E-2	3.756E-2	9.350E-3	-2.246E-2	2.433E-2	-9.117E-2	0.164	0.188
2.719	5.007E-3	-3.759E-2	3.792E-2	9.520E-3	-2.600E-2	2.769E-2	-0.195	-0.240	0.309
2.736	5.232E-3	-3.810E-2	3.846E-2	5.645E-3	-3.194E-2	3.244E-2	-3.064E-2	8.864E-2	9.379E-2
2.753	5.195E-3	-3.865E-2	3.900E-2	4.698E-3	-2.391E-2	2.437E-2	2.328E-2	0.145	0.146
2.769	5.389E-3	-3.890E-2	3.927E-2	9.778E-3	-2.321E-2	2.518E-2	4.337E-2	-0.279	0.283
2.786	5.521E-3	-3.943E-2	3.981E-2	5.050E-3	-3.623E-2	3.658E-2	-0.304	0.131	0.331
2.803	5.557E-3	-4.011E-2	4.049E-2	-5.473E-4	-2.174E-2	2.175E-2	6.086E-2	0.715	0.718
2.819	5.503E-3	-4.015E-2	4.053E-2	5.478E-3	-5.759E-3	7.949E-3	0.146	0.147	0.207
2.836	5.740E-3	-4.030E-2	4.071E-2	8.083E-3	-1.905E-2	2.069E-2	-0.175	-0.587	0.613
2.853	5.773E-3	-4.079E-2	4.119E-2	-2.695E-3	-2.794E-2	2.807E-2	-0.160	-3.500E-2	0.163
2.870	5.650E-3	-4.123E-2	4.162E-2	1.092E-3	-1.948E-2	1.951E-2	0.173	0.347	0.388
2.886	5.809E-3	-4.144E-2	4.184E-2	6.590E-3	-1.418E-2	1.563E-2	-6.288E-2	0.312	0.318
2.903	5.870E-3	-4.171E-2	4.212E-2	-2.218E-3	-1.136E-2	1.157E-2	-0.300	0.206	0.363
2.920	5.735E-3	-4.182E-2	4.221E-2	-5.086E-3	-5.773E-3	7.694E-3	-9.471E-2	-0.229	0.248
2.936	5.700E-3	-4.190E-2	4.229E-2	-3.487E-3	-1.765E-2	1.799E-2	9.426E-2	-0.473	0.483
2.953	5.619E-3	-4.241E-2	4.278E-2	-3.030E-3	-2.593E-2	2.611E-2	0.107	-0.180	0.210
2.970	5.599E-3	-4.276E-2	4.313E-2	5.614E-4	-2.072E-2	2.073E-2	0.220	0.239	0.324
2.986	5.638E-3	-4.310E-2	4.346E-2	4.260E-3	-1.855E-2	1.903E-2	-6.572E-2	-0.199	0.209
3.003	5.741E-3	-4.338E-2	4.376E-2	-3.793E-4	-2.584E-2	2.585E-2	-0.131	-0.143	0.194
3.020	5.625E-3	-4.396E-2	4.432E-2	-2.875E-3	-2.703E-2	2.719E-2	-0.119	9.964E-3	0.120
3.036	5.645E-3	-4.429E-2	4.464E-2	-1.815E-3	-2.183E-2	2.191E-2	9.782E-2	5.921E-2	0.114
3.053	5.564E-3	-4.469E-2	4.503E-2	-1.539E-3	-2.643E-2	2.647E-2	0.125	-0.114	0.169
3.070	5.594E-3	-4.517E-2	4.551E-2	3.493E-3	-2.634E-2	2.657E-2	1.199E-2	0.181	0.181
3.086	5.681E-3	-4.557E-2	4.592E-2	-3.306E-4	-1.992E-2	1.993E-2	0.167	0.421	0.453
3.103	5.583E-3	-4.583E-2	4.617E-2	5.605E-3	-1.207E-2	1.331E-2	-0.102	0.198	0.222
3.120	5.868E-3	-4.597E-2	4.634E-2	2.428E-3	-1.222E-2	1.246E-2	-0.105	-0.257	0.277
3.136	5.664E-3	-4.624E-2	4.659E-2	-4.781E-3	-2.158E-2	2.211E-2	-0.180	-0.256	0.313
3.153	5.708E-3	-4.669E-2	4.704E-2	8.837E-4	-2.236E-2	2.238E-2	0.145	8.981E-2	0.171
3.170	5.693E-3	-4.699E-2	4.733E-2	-1.424E-3	-1.668E-2	1.674E-2	6.608E-2	0.120	0.137
3.187	5.661E-3	-4.725E-2	4.758E-2	2.548E-3	-1.830E-2	1.848E-2	-5.751E-3	-0.301	0.301
3.203	5.778E-3	-4.760E-2	4.795E-2	6.588E-4	-2.683E-2	2.684E-2	-0.161	-0.557	0.579
3.220	5.683E-3	-4.814E-2	4.848E-2	-5.357E-3	-3.744E-2	3.783E-2	2.234E-2	-0.112	0.114
3.237	5.600E-3	-4.885E-2	4.917E-2	1.498E-3	-3.252E-2	3.255E-2	0.295	0.438	0.528
3.253	5.733E-3	-4.923E-2	4.956E-2	6.497E-3	-1.979E-2	2.083E-2	9.458E-2	0.198	0.219
3.270	5.817E-3	-4.951E-2	4.985E-2	3.519E-3	-2.526E-2	2.550E-2	-0.454	-0.182	0.489
3.287	5.850E-3	-5.007E-2	5.041E-2	-7.498E-3	-2.932E-2	3.027E-2	-1.786E-2	6.909E-2	7.137E-2
3.303	5.566E-3	-5.049E-2	5.079E-2	-1.763E-3	-2.105E-2	2.113E-2	0.500	0.250	0.559
3.320	5.791E-3	-5.077E-2	5.110E-2	1.473E-2	-2.009E-2	2.491E-2	0.858	3.847E-2	0.858
3.337	6.058E-3	-5.116E-2	5.151E-2	2.389E-2	-2.140E-2	3.207E-2	-0.166	-4.229E-2	0.172
3.353	6.589E-3	-5.149E-2	5.191E-2	1.383E-2	-2.051E-2	2.474E-2	-0.535	0.287	0.608
3.370	6.519E-3	-5.184E-2	5.225E-2	-7.340E-4	-1.339E-2	1.341E-2	-0.495	6.528E-2	0.499
3.387	6.564E-3	-5.193E-2	5.235E-2	1.097E-3	-1.467E-2	1.471E-2	0.170	0.262	0.312
3.403	6.556E-3	-5.233E-2	5.274E-2	3.437E-3	-1.033E-2	1.088E-2	0.192	-0.291	0.349
3.420	6.679E-3	-5.228E-2	5.270E-2	8.666E-3	-1.643E-2	1.858E-2	5.225E-4	-0.533	0.533
3.437	6.845E-3	-5.288E-2	5.332E-2	4.104E-3	-3.569E-2	3.592E-2	-0.252	-0.397	0.470
3.453	6.816E-3	-5.347E-2	5.390E-2	-1.636E-3	-2.784E-2	2.788E-2	-0.143	0.502	0.522
3.470	6.791E-3	-5.381E-2	5.423E-2	-1.350E-5	-1.727E-2	1.727E-2	5.301E-2	0.174	0.182
3.487	6.815E-3	-5.404E-2	5.447E-2	6.604E-4	-2.123E-2	2.124E-2	-4.378E-2	-8.398E-2	9.470E-2
3.504	6.813E-3	-5.451E-2	5.494E-2	-1.703E-3	-2.324E-2	2.330E-2	8.725E-2	-0.148	0.172
3.520	6.758E-3	-5.482E-2	5.523E-2	2.437E-3	-2.304E-2	2.317E-2	-2.407E-3	0.238	0.238
3.537	6.894E-3	-5.528E-2	5.571E-2	1.067E-3	-1.871E-2	1.874E-2	-2.698E-3	9.771E-2	9.775E-2
3.554	6.794E-3	-5.544E-2	5.586E-2	-1.167E-3	-1.561E-2	1.565E-2	-1.944E-2	5.001E-2	5.366E-2
3.570	6.855E-3	-5.580E-2	5.622E-2	2.908E-3	-2.028E-2	2.049E-2	-1.826E-2	-5.484E-2	5.780E-2
3.587	6.891E-3	-5.612E-2	5.654E-2	-2.071E-3	-1.651E-2	1.664E-2	-0.105	9.288E-2	0.140
3.604	6.786E-3	-5.636E-2	5.676E-2	-2.272E-3	-1.638E-2	1.654E-2	5.719E-2	0.151	0.162
3.620	6.815E-3	-5.667E-2	5.707E-2	1.617E-3	-1.321E-2	1.331E-2	0.176	-0.191	0.260
3.637	6.840E-3	-5.680E-2	5.721E-2	2.791E-3	-1.927E-2	1.947E-2	-2.557E-2	-0.230	0.231
3.654	6.908E-3	-5.731E-2	5.772E-2	1.531E-3	-2.566E-2	2.571E-2	-2.603E-2	-0.165	0.168
3.670	6.891E-3	-5.765E-2	5.806E-2	7.402E-4	-2.156E-2	2.158E-2	-0.135	0.139	0.194
3.687	6.933E-3	-5.803E-2	5.844E-2	-1.524E-3	-2.209E-2	2.214E-2	0.142	-3.073E-2	0.145
3.704	6.840E-3	-5.839E-2	5.879E-2	2.856E-3	-2.224E-2	2.242E-2	3.184E-2	0.346	0.347
3.720	7.028E-3	-5.877E-2	5.919E-2	3.623E-3	-1.230E-2	1.282E-2	4.584E-2	0.350	0.353
3.737	6.961E-3	-5.880E-2	5.921E-2	3.608E-4	-6.750E-3	6.759E-3	-0.359	-1.017E-3	0.359
3.754	7.040E-3	-5.900E-2	5.941E-2	-4.661E-3	-1.482E-2	1.554E-2	6.136E-2	-0.290	0.296
3.770	6.805E-3	-5.929E-2	5.968E-2	-2.562E-3	-1.675E-2	1.694E-2	7.622E-2	-0.361	0.369
3.787	6.955E-3	-5.955E-2	5.996E-2	3.328E-3	-2.478E-2	2.500E-2	0.272	-0.147	0.309
3.804	6.916E-3	-6.012E-2	6.052E-2	2.556E-3	-2.562E-2	2.575E-2	-0.279	-0.208	0.348
3.820	7.040E-3	-6.041E-2	6.082E-2	-2.374E-3	-2.667E-2	2.678E-2	-9.665E-2	-3.264E-2	0.102
3.837	6.837E-3	-6.101E-2	6.139E-2	-5.164E-3	-3.127E-2	3.169E-2	-7.492E-2	0.143	0.161
3.854	6.868E-3	-6.145E-2	6.184E-2	-1.059E-3	-2.012E-2	2.014E-2	0.213	0.528	0.569
3.871	6.802E-3	-6.168E-2	6.206E-2	-3.899E-4	-1.268E-2	1.269E-2	-6.420E-2	0.113	0.130
3.887	6.855E-3	-6.188E-2	6.225E-2	-1.148E-3	-1.627E-2	1.631E-2	3.896E-2	-0.231	0.234
3.904	6.764E-3	-6.223E-2	6.259E-2	-1.417E-3	-2.176E-2	2.181E-2	3.955E-2	-0.175	0.179
3.921	6.808E-3	-6.260E-2	6.297E-2	2.036E-3	-2.179E-2	2.188E-2	0.365	5.666E-3	0.365
3.937	6.832E-3	-6.295E-2	6.332E-2	8.937E-3	-2.119E-2	2.300E-2	6.005E-2	0.270	0.277
3.954	7.106E-3	-6.331E-2	6.371E-2	7.544E-3	-1.401E-2	1.591E-2	-0.257	0.120	0.284
3.971	7.083E-3	-6.342E-2	6.381E-2	-3.014E-3	-1.398E-2	1.430E-2	5.072E-2	-0.410	0.413
3.987	7.005E-3	-6.378E-2	6.416E-2	8.197E-3	-2.967E-2	3.078E-2	0.273	-0.331	0.429
4.004	7.357E-3	-6.441E-2	6.483E-2	1.140E-2	-2.779E-2	3.004E-2	-1.365E-2	0.357	0.357
4.021	7.386E-3	-6.470E-2	6.512E-2	2.967E-3	-1.415E-2	1.446E-2	-8.742E-2	5.499E-3	8.759E-2
4.037	7.456E-3	-6.488E-2	6.531E-2	9.463E-3	-2.591E-2	2.758E-2	0.184	-0.102	0.210
4.054	7.702E-3	-6.557E-2	6.602E-2	1.097E-2	-2.474E-2	2.706E-2	-0.107	0.372	0.387
4.071	7.822E-3	-6.571E-2	6.617E-2	4.459E-3	-6.855E-3	8.178E-3	-0.346	0.541	0.643
4.087	7.850E-3	-6.580E-2	6.626E-2	-5.182E-4	-8.175E-3	8.192E-3	0.232	-0.533	0.581
4.104	7.805E-3	-6.598E-2	6.644E-2	1.011E-2	-2.382E-2	2.588E-2	0.183	-0.384	0.425
4.121	8.188E-3	-6.659E-2	6.709E-2	1.126E-2	-2.579E-2	2.814E-2	-0.243	8.471E-3	0.243
4.137	8.180E-3	-6.684E-2	6.734E-2	-2.822E-3	-1.815E-2	1.837E-2	-0.579	0.490	0.759
4.154	8.094E-3	-6.720E-2	6.768E-2	-6.840E-3	-1.309E-2	1.477E-2	0.104	0.223	0.246
4.171	7.952E-3	-6.728E-2	6.775E-2	-5.955E-4	-7.496E-3	7.519E-3	0.119	-6.821E-3	0.119
4.188	8.074E-3	-6.745E-2	6.793E-2	5.731E-4	-1.463E-2	1.464E-2	0.143	-0.242	0.281
4.204	7.971E-3	-6.777E-2	6.823E-2	2.115E-4	-1.680E-2	1.680E-2	-8.578E-2	-0.188	0.206
4.221	8.081E-3	-6.801E-2	6.849E-2	1.247E-3	-1.897E-2	1.901E-2	7.767E-2	2.850E-2	8.273E-2
4.238	8.013E-3	-6.840E-2	6.887E-2	-1.812E-4	-1.819E-2	1.819E-2	-0.142	0.110	0.179
4.254	8.075E-3	-6.861E-2	6.909E-2	-9.497E-4	-1.316E-2	1.319E-2	0.159	-0.103	0.189
4.271	7.981E-3	-6.884E-2	6.930E-2	2.128E-3	-2.130E-2	2.140E-2	-0.220	-0.293	0.366
4.288	8.146E-3	-6.933E-2	6.980E-2	-3.490E-3	-2.568E-2	2.592E-2	-2.736E-2	-8.451E-2	8.883E-2
4.304	7.865E-3	-6.969E-2	7.014E-2	-5.349E-3	-2.198E-2	2.262E-2	-9.745E-2	0.158	0.185
4.321	7.967E-3	-7.006E-2	7.051E-2	-5.866E-4	-2.101E-2	2.102E-2	0.224	-4.327E-2	0.228
4.338	7.845E-3	-7.040E-2	7.083E-2	-2.187E-3	-2.283E-2	2.293E-2	0.132	7.262E-2	0.151
4.354	7.894E-3	-7.082E-2	7.126E-2	5.847E-3	-2.022E-2	2.104E-2	0.259	-0.204	0.330
4.371	8.040E-3	-7.107E-2	7.152E-2	6.812E-3	-2.616E-2	2.703E-2	-3.945E-2	-0.184	0.189
4.388	8.122E-3	-7.169E-2	7.215E-2	3.728E-3	-3.120E-2	3.143E-2	-0.268	-0.237	0.358
4.404	8.165E-3	-7.211E-2	7.257E-2	-1.588E-3	-2.999E-2	3.003E-2	-0.175	0.516	0.544
4.421	8.069E-3	-7.269E-2	7.314E-2	-3.463E-3	-1.863E-2	1.895E-2	-3.643E-2	0.535	0.536
4.438	8.049E-3	-7.273E-2	7.318E-2	-1.507E-3	-6.212E-3	6.392E-3	0.169	7.918E-2	0.187
4.454	8.018E-3	-7.290E-2	7.334E-2	1.305E-3	-1.827E-2	1.831E-2	0.143	-0.549	0.567
4.471	8.093E-3	-7.334E-2	7.379E-2	4.227E-3	-2.633E-2	2.666E-2	-0.150	-0.222	0.268
4.488	8.159E-3	-7.378E-2	7.423E-2	-3.192E-3	-2.469E-2	2.490E-2	-0.249	0.285	0.378
4.505	7.986E-3	-7.417E-2	7.459E-2	-6.629E-3	-1.724E-2	1.847E-2	0.157	0.137	0.208
4.521	7.938E-3	-7.435E-2	7.478E-2	3.262E-3	-1.773E-2	1.802E-2	0.267	-4.831E-2	0.272
4.538	8.095E-3	-7.476E-2	7.519E-2	4.247E-3	-2.185E-2	2.226E-2	1.227E-2	-5.270E-2	5.411E-2
4.555	8.080E-3	-7.508E-2	7.552E-2	1.046E-3	-1.813E-2	1.816E-2	-0.220	6.903E-2	0.231
4.571	8.130E-3	-7.536E-2	7.580E-2	-1.216E-3	-1.911E-2	1.915E-2	-0.199	-0.157	0.253
4.588	8.039E-3	-7.572E-2	7.615E-2	-6.857E-3	-2.391E-2	2.488E-2	1.204E-2	5.565E-2	5.694E-2
4.605	7.901E-3	-7.616E-2	7.657E-2	-1.580E-3	-1.867E-2	1.874E-2	0.124	0.155	0.198
4.621	7.987E-3	-7.634E-2	7.676E-2	1.122E-4	-1.559E-2	1.559E-2	-0.194	0.200	0.278
4.638	7.905E-3	-7.668E-2	7.709E-2	-9.746E-3	-1.511E-2	1.798E-2	-6.100E-3	0.275	0.275
4.655	7.661E-3	-7.685E-2	7.723E-2	-2.487E-3	-5.067E-3	5.644E-3	0.481	0.204	0.522
4.671	7.822E-3	-7.685E-2	7.725E-2	1.034E-2	-6.643E-3	1.229E-2	0.262	-0.511	0.574
4.688	8.006E-3	-7.707E-2	7.749E-2	5.518E-3	-2.329E-2	2.393E-2	-0.187	-0.438	0.476
4.705	8.006E-3	-7.763E-2	7.804E-2	2.104E-3	-2.444E-2	2.453E-2	-0.163	0.234	0.285
4.721	8.077E-3	-7.789E-2	7.830E-2	1.838E-3	-1.200E-2	1.214E-2	-0.188	0.276	0.334
4.738	8.067E-3	-7.803E-2	7.844E-2	-4.591E-3	-1.460E-2	1.530E-2	1.668E-2	-0.373	0.374
4.755	7.923E-3	-7.837E-2	7.877E-2	3.100E-4	-2.597E-2	2.598E-2	0.217	-0.304	0.373
4.771	8.078E-3	-7.889E-2	7.931E-2	6.205E-3	-2.607E-2	2.680E-2	9.157E-2	9.813E-2	0.134
4.788	8.130E-3	-7.924E-2	7.966E-2	1.465E-3	-2.055E-2	2.060E-2	-0.309	0.167	0.352
4.805	8.126E-3	-7.958E-2	7.999E-2	-3.677E-3	-2.099E-2	2.131E-2	-0.116	1.400E-2	0.117
4.821	8.008E-3	-7.994E-2	8.034E-2	-3.652E-3	-2.056E-2	2.089E-2	7.386E-2	0.600	0.604
4.838	8.005E-3	-8.027E-2	8.066E-2	2.111E-4	-2.849E-3	2.857E-3	1.553E-2	3.412	3.412
4.855	8.015E-3	-8.004E-2	8.044E-2	-2.999E-3	8.726E-2	8.731E-2	3.830E-2	5.723	5.723
4.872	7.905E-3	-7.735E-2	7.776E-2	-4.758E-4	0.201	0.201	9.884E-2	4.207	4.208
4.888	7.999E-3	-7.333E-2	7.376E-2	2.954E-3	0.230	0.230	-0.252	1.789	1.807
4.905	8.003E-3	-6.967E-2	7.013E-2	-9.195E-3	0.248	0.248	-0.309	1.586	1.615
4.922	7.692E-3	-6.506E-2	6.552E-2	-1.078E-2	0.291	0.291	0.176	2.026	2.033
4.938	7.643E-3	-5.997E-2	6.046E-2	-1.313E-4	0.314	0.314	0.350	1.909	1.940
4.955	7.688E-3	-5.458E-2	5.512E-2	8.413E-4	0.351	0.351	0.160	1.673	1.681
4.972	7.671E-3	-4.826E-2	4.887E-2	3.630E-3	0.377	0.377	-8.254E-2	1.389	1.392
4.988	7.809E-3	-4.201E-2	4.273E-2	7.352E-4	0.391	0.391	-0.120	1.382	1.388
5.005	7.696E-3	-3.523E-2	3.606E-2	-3.626E-3	0.425	0.425	-0.109	1.184	1.189
5.022	7.688E-3	-2.782E-2	2.887E-2	-8.842E-4	0.435	0.435	0.283	5.687E-2	0.288
5.038	7.666E-3	-2.073E-2	2.210E-2	4.423E-3	0.422	0.422	0.709	0.682	0.984
5.055	7.835E-3	-1.374E-2	1.582E-2	2.268E-2	0.453	0.453	0.569	0.353	0.669
5.072	8.423E-3	-5.618E-3	1.012E-2	2.730E-2	0.449	0.450	0.222	2.918E-2	0.223
5.088	8.746E-3	1.252E-3	8.836E-3	2.518E-2	0.435	0.436	-0.292	-0.999	1.040
5.105	9.264E-3	8.897E-3	1.284E-2	2.168E-2	0.432	0.432	-0.401	-1.092	1.163
5.122	9.470E-3	1.566E-2	1.830E-2	8.812E-3	0.390	0.390	0.281	-1.581	1.605
5.138	9.558E-3	2.191E-2	2.390E-2	2.811E-2	0.378	0.379	0.593	-0.443	0.740
5.155	1.041E-2	2.827E-2	3.012E-2	3.756E-2	0.379	0.381	-0.129	-0.291	0.318
5.172	1.081E-2	3.454E-2	3.619E-2	1.764E-2	0.368	0.369	-0.958	-0.938	1.340
5.189	1.100E-2	4.055E-2	4.202E-2	6.346E-3	0.347	0.347	-0.288	-1.324	1.355
5.205	1.102E-2	4.613E-2	4.743E-2	6.833E-3	0.323	0.323	-0.228	-0.743	0.778
5.222	1.122E-2	5.133E-2	5.254E-2	2.320E-3	0.320	0.320	-8.333E-2	-9.587E-2	0.127
5.239	1.110E-2	5.681E-2	5.788E-2	-4.965E-4	0.324	0.324	0.243	-0.209	0.321
5.255	1.121E-2	6.215E-2	6.315E-2	1.292E-2	0.312	0.312	0.672	-0.727	0.990
5.272	1.153E-2	6.721E-2	6.819E-2	2.233E-2	0.299	0.300	6.249E-2	-0.133	0.147
5.289	1.195E-2	7.212E-2	7.311E-2	1.623E-2	0.306	0.306	-0.679	-0.415	0.796
5.305	1.207E-2	7.741E-2	7.835E-2	-2.028E-3	0.292	0.292	-0.466	-0.615	0.772
5.322	1.189E-2	8.188E-2	8.274E-2	-1.971E-3	0.275	0.275	2.931E-2	-0.551	0.552
5.339	1.201E-2	8.660E-2	8.743E-2	3.443E-3	0.280	0.280	0.160	-0.316	0.354
5.355	1.200E-2	9.123E-2	9.201E-2	7.786E-4	0.265	0.265	-0.191	-0.521	0.555
5.372	1.203E-2	9.544E-2	9.619E-2	-1.563E-3	0.259	0.259	5.121E-2	-0.728	0.730
5.389	1.195E-2	9.986E-2	0.101	5.270E-4	0.247	0.247	0.168	-0.275	0.322
5.405	1.205E-2	0.104	0.104	6.134E-3	0.241	0.242	0.149	1.764E-2	0.150
5.422	1.215E-2	0.108	0.109	4.888E-3	0.254	0.254	4.085E-3	4.685E-2	4.703E-2
5.439	1.221E-2	0.112	0.113	5.618E-3	0.242	0.242	-0.160	-0.886	0.900
5.455	1.234E-2	0.116	0.117	1.229E-3	0.223	0.223	-0.108	-0.709	0.717
5.472	1.225E-2	0.120	0.120	-7.208E-4	0.217	0.217	4.961E-3	-0.521	0.521
5.489	1.232E-2	0.123	0.124	3.594E-3	0.209	0.209	0.211	-9.741E-2	0.232
5.506	1.237E-2	0.127	0.127	5.366E-3	0.209	0.209	-0.138	2.829E-2	0.141
5.522	1.250E-2	0.130	0.131	5.213E-4	0.215	0.215	7.197E-3	-0.226	0.226
5.539	1.239E-2	0.134	0.134	2.205E-3	0.200	0.200	-7.630E-2	-0.800	0.803
5.556	1.257E-2	0.137	0.137	2.507E-3	0.186	0.186	-9.504E-2	0.212	0.233
5.572	1.248E-2	0.140	0.141	-4.632E-3	0.205	0.205	-0.277	5.475E-2	0.283
5.589	1.241E-2	0.144	0.144	-5.101E-3	0.198	0.199	0.171	-0.831	0.848
5.606	1.231E-2	0.147	0.147	-3.763E-4	0.167	0.167	4.647E-2	-0.201	0.206
5.622	1.240E-2	0.149	0.150	-6.546E-4	0.191	0.191	-4.752E-2	0.337	0.341
5.639	1.228E-2	0.153	0.153	-4.992E-3	0.191	0.191	-5.481E-2	-0.342	0.346
5.656	1.224E-2	0.156	0.156	-1.195E-3	0.167	0.167	0.315	-0.489	0.582
5.672	1.224E-2	0.159	0.159	5.057E-3	0.178	0.178	-1.764E-2	-0.282	0.283
5.689	1.240E-2	0.162	0.162	5.771E-4	0.162	0.162	-0.122	-0.733	0.743
5.706	1.226E-2	0.164	0.164	-3.035E-3	0.145	0.145	-2.347E-2	-5.091E-2	5.606E-2
5.722	1.230E-2	0.166	0.167	2.613E-3	0.164	0.164	0.115	0.644	0.654
5.739	1.235E-2	0.169	0.170	4.391E-4	0.170	0.170	-0.208	6.056E-2	0.217
5.756	1.232E-2	0.172	0.173	-4.649E-3	0.163	0.163	5.227E-2	-0.612	0.614
5.772	1.219E-2	0.175	0.175	6.109E-4	0.152	0.152	0.220	-0.686	0.720
5.789	1.234E-2	0.177	0.178	5.755E-3	0.138	0.138	0.222	-9.234E-2	0.240
5.806	1.239E-2	0.179	0.180	5.671E-3	0.147	0.147	-0.173	1.123	1.136
5.822	1.253E-2	0.182	0.183	2.084E-3	0.177	0.177	-0.233	-0.462	0.517
5.839	1.246E-2	0.185	0.186	-4.298E-3	0.142	0.142	-7.785E-2	-0.554	0.560
5.856	1.238E-2	0.187	0.187	-2.160E-4	0.135	0.135	4.942E-2	-0.304	0.308
5.873	1.245E-2	0.190	0.190	-7.872E-4	0.156	0.156	0.410	0.424	0.590
5.889	1.236E-2	0.192	0.192	9.398E-3	0.135	0.135	0.571	-0.319	0.654
5.906	1.276E-2	0.194	0.195	2.334E-2	0.148	0.150	-7.723E-2	-2.205E-2	8.032E-2
5.923	1.314E-2	0.197	0.197	6.665E-3	0.139	0.139	-0.220	-0.126	0.253
5.939	1.299E-2	0.199	0.199	9.050E-3	0.135	0.136	-0.431	-0.339	0.548
5.956	1.344E-2	0.201	0.202	3.136E-3	0.137	0.137	3.530E-2	0.318	0.320
5.973	1.309E-2	0.204	0.204	-1.926E-3	0.138	0.138	-0.186	-0.899	0.918
5.989	1.337E-2	0.206	0.207	7.187E-3	0.118	0.118	0.451	-0.659	0.798
6.006	1.333E-2	0.207	0.208	6.314E-3	0.101	0.101	0.131	0.202	0.241
6.023	1.358E-2	0.209	0.210	1.549E-2	0.133	0.134	-0.180	0.556	0.584
6.039	1.385E-2	0.212	0.212	1.178E-3	0.124	0.124	-0.480	0.182	0.514
6.056	1.362E-2	0.214	0.214	-5.798E-3	0.127	0.127	-0.474	0.142	0.495
6.073	1.365E-2	0.216	0.217	-8.894E-3	0.141	0.141	0.451	-0.411	0.610
6.089	1.333E-2	0.218	0.219	2.059E-3	0.110	0.110	0.169	-0.555	0.580
6.106	1.372E-2	0.220	0.220	6.850E-3	0.114	0.115	6.879E-2	-0.645	0.648
6.123	1.356E-2	0.222	0.223	-4.334E-3	0.103	0.103	8.502E-2	8.661E-2	0.121
6.139	1.358E-2	0.223	0.224	1.214E-2	9.885E-2	9.959E-2	0.112	-0.150	0.187
6.156	1.396E-2	0.225	0.226	4.362E-3	0.115	0.115	-0.313	0.983	1.032
6.173	1.372E-2	0.227	0.227	-6.317E-3	0.120	0.120	-0.107	-0.416	0.430
6.190	1.375E-2	0.229	0.230	5.205E-3	0.113	0.113	-0.240	-0.473	0.530
6.206	1.390E-2	0.231	0.231	-1.153E-2	9.209E-2	9.281E-2	-0.222	-0.474	0.523
6.223	1.337E-2	0.232	0.233	-1.142E-2	0.102	0.103	0.250	-8.513E-2	0.264
6.240	1.352E-2	0.234	0.235	5.985E-3	9.157E-2	9.176E-2	9.006E-2	-0.618	0.624
6.256	1.356E-2	0.236	0.236	-1.029E-2	7.695E-2	7.764E-2	-0.322	6.022E-2	0.328
6.273	1.317E-2	0.237	0.237	-1.006E-2	9.338E-2	9.392E-2	0.260	0.238	0.352
6.290	1.323E-2	0.239	0.239	4.063E-3	9.205E-2	9.214E-2	6.363E-2	1.722E-2	6.592E-2
6.306	1.331E-2	0.240	0.240	-7.896E-3	8.506E-2	8.542E-2	7.284E-2	-0.242	0.252
6.323	1.297E-2	0.241	0.242	-9.854E-5	9.032E-2	9.032E-2	0.342	0.455	0.569
6.340	1.330E-2	0.243	0.243	1.229E-2	9.563E-2	9.642E-2	0.303	-0.365	0.474
6.356	1.338E-2	0.245	0.245	4.747E-3	8.503E-2	8.516E-2	-0.315	-0.359	0.478
6.373	1.346E-2	0.246	0.246	3.325E-3	7.449E-2	7.456E-2	-0.689	-0.369	0.782
6.390	1.349E-2	0.247	0.248	-1.631E-2	7.964E-2	8.130E-2	-0.452	0.410	0.611
6.406	1.292E-2	0.248	0.249	-1.876E-2	8.366E-2	8.574E-2	0.351	-0.323	0.477
6.423	1.286E-2	0.250	0.250	1.583E-3	7.504E-2	7.505E-2	0.468	-0.519	0.699
6.440	1.297E-2	0.251	0.251	-2.576E-3	5.939E-2	5.945E-2	0.252	-0.823	0.861
6.456	1.277E-2	0.252	0.252	4.338E-3	5.232E-2	5.250E-2	-6.331E-2	0.524	0.528
6.473	1.312E-2	0.253	0.253	3.627E-3	6.984E-2	6.993E-2	0.136	0.339	0.366
6.490	1.290E-2	0.254	0.255	-8.791E-5	7.582E-2	7.582E-2	-0.371	-0.339	0.502
6.507	1.311E-2	0.255	0.256	-6.451E-4	4.932E-2	4.932E-2	4.361E-2	-0.730	0.731
6.523	1.287E-2	0.256	0.256	-5.643E-3	5.188E-2	5.218E-2	-0.125	0.653	0.665
6.540	1.292E-2	0.257	0.257	3.206E-5	7.229E-2	7.229E-2	0.460	0.394	0.606
6.557	1.288E-2	0.258	0.259	6.301E-3	6.966E-2	6.995E-2	-0.162	-0.445	0.473
6.573	1.313E-2	0.259	0.260	-8.132E-5	5.170E-2	5.170E-2	-0.441	-0.621	0.762
6.590	1.287E-2	0.260	0.260	-1.440E-2	5.016E-2	5.219E-2	-0.516	-0.109	0.527
6.607	1.265E-2	0.261	0.261	-1.448E-2	4.912E-2	5.121E-2	-0.138	-6.122E-2	0.151
6.623	1.239E-2	0.262	0.262	-1.913E-2	4.725E-2	5.097E-2	-0.103	-5.952E-2	0.119
6.640	1.202E-2	0.262	0.263	-1.912E-2	4.757E-2	5.127E-2	0.149	-3.337E-2	0.153
6.657	1.175E-2	0.263	0.264	-1.314E-2	4.624E-2	4.807E-2	0.560	0.125	0.574
6.673	1.158E-2	0.264	0.264	-1.407E-3	5.058E-2	5.060E-2	0.333	0.313	0.457
6.690	1.170E-2	0.265	0.265	1.101E-3	5.819E-2	5.820E-2	0.507	-0.279	0.578
6.707	1.161E-2	0.266	0.266	1.013E-2	4.344E-2	4.461E-2	-0.261	-0.542	0.602
6.723	1.204E-2	0.266	0.267	1.248E-3	3.399E-2	3.401E-2	-0.961	-0.378	1.033
6.740	1.166E-2	0.267	0.267	-3.013E-2	3.604E-2	4.698E-2	-1.063	-1.909E-2	1.063
6.757	1.104E-2	0.268	0.268	-3.327E-2	3.081E-2	4.534E-2	0.496	-0.365	0.616
6.773	1.055E-2	0.268	0.268	-1.372E-2	2.540E-2	2.887E-2	0.154	0.384	0.414
6.790	1.058E-2	0.268	0.269	-2.092E-2	3.931E-2	4.453E-2	0.494	0.367	0.615
6.807	9.848E-3	0.269	0.270	-1.076E-2	4.578E-2	4.702E-2	0.408	0.473	0.624
6.823	1.022E-2	0.270	0.270	7.515E-3	4.669E-2	4.729E-2	0.484	-0.619	0.786
6.840	1.010E-2	0.271	0.271	-4.018E-3	3.459E-2	3.482E-2	-0.373	-0.413	0.556
6.857	1.009E-2	0.271	0.271	-1.733E-3	2.168E-2	2.175E-2	0.120	-0.188	0.223
6.874	1.004E-2	0.272	0.272	-1.013E-3	3.557E-2	3.559E-2	-0.293	0.400	0.496
6.890	1.005E-2	0.272	0.273	-9.441E-3	3.381E-2	3.510E-2	-0.424	-0.222	0.478
6.907	9.726E-3	0.273	0.273	-1.844E-2	2.774E-2	3.331E-2	0.141	-0.421	0.444
6.924	9.437E-3	0.273	0.273	-4.761E-3	1.984E-2	2.040E-2	0.171	-0.214	0.274
6.940	9.567E-3	0.274	0.274	-7.166E-3	1.922E-2	2.051E-2	-0.464	0.457	0.652
6.957	9.198E-3	0.274	0.274	-2.580E-2	3.513E-2	4.358E-2	0.246	0.335	0.415
6.974	8.706E-3	0.275	0.275	-1.818E-3	3.499E-2	3.504E-2	0.197	-0.296	0.356
6.990	9.137E-3	0.275	0.275	-6.231E-3	2.040E-2	2.133E-2	0.216	-0.450	0.499
7.007	8.498E-3	0.275	0.276	-1.154E-2	2.064E-2	2.364E-2	-0.573	-0.216	0.612
7.024	8.752E-3	0.276	0.276	-9.581E-3	1.544E-2	1.817E-2	0.122	-0.316	0.339
7.040	8.178E-3	0.276	0.276	-2.039E-2	7.469E-3	2.172E-2	-0.120	-0.284	0.309
7.057	8.072E-3	0.276	0.276	-6.081E-3	7.090E-3	9.341E-3	0.530	0.223	0.575
7.074	7.976E-3	0.276	0.276	-4.750E-3	1.384E-2	1.463E-2	-9.249E-2	0.526	0.534
7.090	7.913E-3	0.276	0.277	-8.275E-3	2.596E-2	2.725E-2	-0.489	0.276	0.561
7.107	7.699E-3	0.277	0.277	-2.129E-2	2.445E-2	3.242E-2	7.444E-2	-0.224	0.236
7.124	7.203E-3	0.277	0.277	-1.034E-2	1.612E-2	1.915E-2	0.632	-0.676	0.926
7.140	7.354E-3	0.278	0.278	6.873E-3	3.831E-3	7.868E-3	0.421	-0.281	0.506
7.157	7.432E-3	0.277	0.278	8.491E-4	2.646E-3	2.779E-3	-0.139	-0.338	0.366
7.174	7.383E-3	0.278	0.278	9.058E-4	-1.367E-3	1.640E-3	-0.254	0.248	0.355
7.191	7.462E-3	0.277	0.277	-4.635E-3	3.201E-3	5.633E-3	-5.581E-2	0.235	0.241
7.207	7.228E-3	0.278	0.278	-5.429E-3	1.446E-2	1.545E-2	0.257	0.597	0.650
7.224	7.281E-3	0.278	0.278	7.182E-3	1.729E-2	1.872E-2	-0.228	-0.249	0.338
7.241	7.468E-3	0.278	0.278	-1.008E-2	1.194E-2	1.563E-2	-1.019	5.180E-2	1.020
7.257	6.945E-3	0.278	0.278	-3.318E-2	1.137E-2	3.508E-2	-0.283	-0.426	0.511
7.274	6.361E-3	0.279	0.279	-1.926E-2	6.641E-3	2.038E-2	0.938	-0.146	0.950
7.291	6.302E-3	0.278	0.279	2.095E-3	-2.416E-3	3.198E-3	0.634	-0.160	0.653
7.307	6.430E-3	0.279	0.279	2.032E-3	6.950E-3	7.241E-3	-0.332	0.262	0.423
7.324	6.370E-3	0.279	0.279	-1.043E-2	4.941E-3	1.154E-2	-0.174	-0.229	0.288
7.341	6.082E-3	0.279	0.279	-6.464E-3	-4.332E-4	6.478E-3	2.640E-2	-0.263	0.264
7.357	6.154E-3	0.279	0.279	-4.275E-3	-4.708E-3	6.359E-3	0.127	-2.569E-2	0.130
7.374	5.940E-3	0.279	0.279	-7.034E-3	-1.340E-3	7.160E-3	-0.545	0.124	0.559
7.391	5.920E-3	0.279	0.279	-1.729E-2	7.644E-4	1.730E-2	-0.166	-4.620E-2	0.173
7.407	5.363E-3	0.279	0.279	-1.993E-2	-3.478E-3	2.023E-2	-2.736E-2	-0.131	0.133
7.424	5.255E-3	0.279	0.279	-1.137E-2	-4.381E-3	1.219E-2	0.423	8.009E-2	0.431
7.441	4.984E-3	0.278	0.279	-1.001E-2	-2.587E-4	1.002E-2	0.103	1.204E-2	0.104
7.457	4.920E-3	0.279	0.279	-5.237E-3	-2.849E-3	5.962E-3	-6.919E-2	1.999E-2	7.202E-2
7.474	4.809E-3	0.278	0.278	-1.276E-2	-2.151E-3	1.294E-2	8.711E-2	6.565E-2	0.109
7.491	4.495E-3	0.278	0.278	-5.730E-3	1.893E-3	6.034E-3	0.342	0.118	0.362
7.508	4.618E-3	0.278	0.278	3.784E-3	4.804E-4	3.815E-3	-6.580E-3	-0.354	0.355
7.524	4.621E-3	0.278	0.279	-7.715E-3	-8.360E-3	1.138E-2	-0.652	-5.922E-2	0.654
7.541	4.360E-3	0.278	0.278	-1.920E-2	-5.766E-3	2.004E-2	-0.475	0.127	0.492
7.558	3.980E-3	0.278	0.278	-2.337E-2	1.165E-3	2.340E-2	0.314	0.228	0.388
7.574	3.581E-3	0.278	0.278	-1.032E-2	-1.464E-3	1.042E-2	0.699	-0.190	0.724
7.591	3.636E-3	0.278	0.278	3.858E-3	-3.352E-3	5.111E-3	0.107	-1.755E-2	0.109
7.608	3.709E-3	0.278	0.278	-6.924E-3	-3.954E-3	7.973E-3	-0.140	-1.736E-2	0.141
7.624	3.405E-3	0.278	0.278	-5.876E-3	-2.182E-3	6.268E-3	0.220	-3.600E-2	0.223
7.641	3.513E-3	0.278	0.278	5.680E-3	-5.796E-3	8.115E-3	-0.121	-0.271	0.297
7.658	3.595E-3	0.278	0.278	-9.809E-3	-1.112E-2	1.483E-2	-0.777	-0.692	1.041
7.674	3.186E-3	0.278	0.278	-2.436E-2	-2.764E-2	3.685E-2	-0.586	-0.144	0.603
7.691	2.782E-3	0.277	0.277	-2.684E-2	-2.193E-2	3.466E-2	0.486	0.404	0.632
7.708	2.290E-3	0.277	0.277	-1.149E-2	-6.365E-3	1.313E-2	0.554	0.460	0.720
7.724	2.399E-3	0.277	0.277	-1.672E-3	-1.018E-2	1.032E-2	6.055E-3	-0.203	0.203
7.741	2.235E-3	0.277	0.277	-1.539E-2	-1.251E-2	1.983E-2	-0.431	-0.610	0.747
7.758	1.885E-3	0.276	0.276	-1.703E-2	-2.895E-2	3.358E-2	-0.107	-0.470	0.482
7.774	1.666E-3	0.276	0.276	-1.655E-2	-3.352E-2	3.738E-2	0.101	0.347	0.361
7.791	1.333E-3	0.275	0.275	-1.580E-2	-1.384E-2	2.100E-2	-0.108	0.787	0.794
7.808	1.139E-3	0.275	0.275	-1.759E-2	-5.703E-3	1.849E-2	0.372	-0.837	0.916
7.824	7.458E-4	0.275	0.275	-7.921E-3	-3.906E-2	3.985E-2	0.660	-0.519	0.840
7.841	8.750E-4	0.274	0.274	9.521E-3	-3.676E-2	3.798E-2	9.070E-2	0.307	0.320
7.858	1.063E-3	0.274	0.274	-4.384E-3	-1.305E-2	1.377E-2	-0.243	0.463	0.523
7.875	7.287E-4	0.273	0.273	-5.421E-3	-2.842E-2	2.893E-2	-0.586	-1.000	1.160
7.891	8.826E-4	0.273	0.273	-1.418E-2	-4.476E-2	4.695E-2	-5.988E-2	-0.414	0.418
7.908	2.556E-4	0.272	0.272	-1.887E-2	-4.617E-2	4.988E-2	-0.376	4.878E-2	0.379
7.925	2.529E-4	0.271	0.271	-1.581E-2	-3.837E-2	4.150E-2	0.340	0.518	0.620
7.941	-2.720E-4	0.271	0.271	-1.678E-2	-3.210E-2	3.622E-2	0.214	0.200	0.293
7.958	-3.068E-4	0.270	0.270	-2.218E-3	-2.834E-2	2.842E-2	0.245	0.155	0.290
7.975	-3.460E-4	0.270	0.270	-9.690E-3	-2.988E-2	3.142E-2	-2.388E-2	-0.214	0.216
7.991	-6.302E-4	0.269	0.269	-6.587E-3	-3.305E-2	3.370E-2	-0.327	-0.472	0.574
8.008	-5.658E-4	0.269	0.269	-1.400E-2	-4.680E-2	4.885E-2	-2.460E-2	-0.314	0.315
8.025	-1.097E-3	0.268	0.268	-1.624E-2	-4.598E-2	4.876E-2	-0.219	0.645	0.682
8.041	-1.108E-3	0.267	0.267	-1.259E-2	-2.380E-2	2.692E-2	0.257	0.126	0.286
8.058	-1.518E-3	0.267	0.267	-1.473E-2	-3.538E-2	3.832E-2	-0.159	-0.989	1.001
8.075	-1.599E-3	0.266	0.266	-1.231E-2	-6.539E-2	6.653E-2	0.182	-0.776	0.797
8.091	-1.928E-3	0.265	0.265	-1.312E-2	-6.031E-2	6.172E-2	0.334	0.328	0.468
8.108	-2.037E-3	0.264	0.264	7.514E-4	-5.100E-2	5.100E-2	-0.172	0.387	0.424
8.125	-1.903E-3	0.263	0.263	-1.450E-2	-4.917E-2	5.126E-2	-0.528	-7.011E-2	0.533
8.141	-2.521E-3	0.262	0.262	-2.593E-2	-5.197E-2	5.808E-2	-2.914E-2	7.021E-2	7.602E-2
8.158	-2.768E-3	0.261	0.261	-9.809E-3	-4.960E-2	5.056E-2	0.428	0.112	0.443
8.175	-2.848E-3	0.261	0.261	-1.091E-2	-4.503E-2	4.633E-2	0.396	0.416	0.575
8.192	-3.132E-3	0.260	0.260	-1.316E-3	-3.882E-2	3.885E-2	-0.188	-0.477	0.513
8.208	-2.892E-3	0.259	0.259	-8.539E-3	-5.447E-2	5.514E-2	-0.237	-0.388	0.455
8.225	-3.417E-3	0.258	0.258	-1.973E-2	-6.247E-2	6.551E-2	-0.135	-0.434	0.454
8.242	-3.550E-3	0.257	0.257	-6.610E-3	-5.882E-2	5.919E-2	0.370	0.448	0.581
8.258	-3.638E-3	0.256	0.256	-8.261E-3	-5.587E-2	5.647E-2	-0.492	0.237	0.546
8.275	-3.826E-3	0.255	0.255	-2.246E-2	-4.394E-2	4.935E-2	-0.187	-0.169	0.253
8.292	-4.387E-3	0.255	0.255	-1.934E-2	-6.281E-2	6.572E-2	0.305	-0.545	0.625
8.308	-4.471E-3	0.253	0.253	-6.403E-3	-6.729E-2	6.760E-2	0.146	-0.224	0.267
8.325	-4.601E-3	0.252	0.252	-1.578E-2	-6.415E-2	6.607E-2	-0.393	0.272	0.478
8.342	-4.997E-3	0.251	0.251	-2.186E-2	-6.299E-2	6.667E-2	-7.795E-2	6.269E-2	0.100
8.358	-5.330E-3	0.250	0.250	-1.711E-2	-5.812E-2	6.058E-2	0.323	-0.188	0.373
8.375	-5.568E-3	0.249	0.249	-1.100E-2	-7.023E-2	7.109E-2	0.503	-0.109	0.515
8.392	-5.697E-3	0.248	0.248	-7.911E-4	-6.557E-2	6.558E-2	-5.283E-2	0.261	0.267
8.408	-5.594E-3	0.247	0.247	-9.063E-3	-5.599E-2	5.672E-2	-0.791	0.314	0.851
8.425	-6.000E-3	0.246	0.246	-3.151E-2	-5.823E-2	6.621E-2	-0.839	-0.507	0.980
8.442	-6.646E-3	0.245	0.245	-3.715E-2	-7.008E-2	7.932E-2	0.947	-0.286	0.989
8.458	-7.239E-3	0.244	0.244	-3.090E-3	-7.320E-2	7.326E-2	0.582	-9.965E-3	0.582
8.475	-6.749E-3	0.243	0.243	-3.904E-3	-6.530E-2	6.542E-2	0.239	-8.627E-2	0.254
8.492	-7.370E-3	0.241	0.242	-1.277E-2	-7.684E-2	7.790E-2	-0.857	-0.352	0.927
8.509	-7.175E-3	0.240	0.240	-1.671E-2	-8.023E-2	8.195E-2	0.308	-0.350	0.467
8.525	-7.927E-3	0.239	0.239	-1.796E-2	-8.411E-2	8.601E-2	-9.203E-2	0.173	0.196
8.542	-7.774E-3	0.237	0.237	-5.826E-3	-8.008E-2	8.029E-2	-1.590E-3	0.422	0.422
8.559	-8.122E-3	0.236	0.236	-2.551E-2	-6.487E-2	6.970E-2	-0.194	0.654	0.682
8.575	-8.625E-3	0.235	0.235	-1.382E-2	-6.030E-2	6.187E-2	0.471	-0.163	0.498
8.592	-8.583E-3	0.234	0.234	-3.569E-3	-6.802E-2	6.811E-2	-0.296	-0.709	0.768
8.609	-8.744E-3	0.233	0.233	-2.551E-2	-8.645E-2	9.014E-2	-0.636	-0.168	0.658
8.625	-9.434E-3	0.231	0.231	-3.004E-2	-7.671E-2	8.238E-2	2.835E-2	0.264	0.265
8.642	-9.747E-3	0.230	0.230	-1.904E-2	-7.011E-2	7.265E-2	0.610	-7.425E-2	0.615
8.659	-1.007E-2	0.229	0.229	-1.237E-2	-8.422E-2	8.512E-2	-0.188	-0.549	0.580
8.675	-1.016E-2	0.227	0.228	-2.105E-2	-8.784E-2	9.033E-2	-0.201	7.734E-2	0.215
8.692	-1.077E-2	0.226	0.226	-2.605E-2	-8.206E-2	8.610E-2	-0.110	0.392	0.408
8.709	-1.103E-2	0.225	0.225	-1.895E-2	-7.339E-2	7.580E-2	0.648	-2.332E-2	0.648
8.725	-1.140E-2	0.223	0.224	-8.914E-3	-8.140E-2	8.188E-2	3.530E-2	-0.656	0.657
8.742	-1.133E-2	0.222	0.222	-1.113E-2	-9.790E-2	9.853E-2	-0.361	-0.427	0.559
8.759	-1.178E-2	0.220	0.221	-2.736E-2	-9.677E-2	0.101	-0.339	0.468	0.578
8.775	-1.224E-2	0.219	0.219	-2.123E-2	-8.077E-2	8.351E-2	-9.011E-2	0.182	0.203
8.792	-1.248E-2	0.218	0.218	-2.671E-2	-8.693E-2	9.094E-2	-0.367	-7.385E-2	0.374
8.809	-1.313E-2	0.216	0.216	-3.796E-2	-9.054E-2	9.818E-2	6.935E-2	-0.191	0.204
8.825	-1.375E-2	0.215	0.215	-2.430E-2	-8.670E-2	9.004E-2	0.659	0.125	0.671
8.842	-1.394E-2	0.213	0.213	-1.227E-2	-9.080E-2	9.162E-2	0.454	-7.907E-2	0.461
8.859	-1.416E-2	0.211	0.212	-1.148E-2	-8.716E-2	8.792E-2	0.101	-0.179	0.206
8.876	-1.432E-2	0.210	0.211	-8.493E-3	-9.607E-2	9.644E-2	-0.373	-8.489E-2	0.383
8.892	-1.444E-2	0.208	0.209	-2.171E-2	-9.406E-2	9.654E-2	-0.701	0.301	0.763
8.909	-1.505E-2	0.207	0.207	-3.624E-2	-8.184E-2	8.951E-2	0.394	0.325	0.510
8.926	-1.565E-2	0.206	0.206	-1.019E-2	-8.390E-2	8.452E-2	7.993E-2	-0.209	0.224
8.942	-1.539E-2	0.204	0.205	-2.090E-2	-8.966E-2	9.206E-2	-0.613	-0.559	0.830
8.959	-1.635E-2	0.203	0.203	-4.645E-2	-0.101	0.112	-4.123E-2	-0.329	0.331
8.976	-1.694E-2	0.201	0.201	-1.653E-2	-0.104	0.105	1.286	8.124E-2	1.289
8.992	-1.690E-2	0.199	0.200	4.912E-4	-9.560E-2	9.560E-2	0.618	0.695	0.930
9.009	-1.692E-2	0.198	0.198	6.311E-4	-8.290E-2	8.290E-2	-0.780	0.140	0.792
9.026	-1.688E-2	0.196	0.197	-2.133E-2	-8.591E-2	8.852E-2	-0.727	-0.632	0.964
9.042	-1.763E-2	0.195	0.195	-3.253E-2	-0.108	0.113	-0.602	-0.290	0.669
9.059	-1.797E-2	0.193	0.194	-3.259E-2	-9.855E-2	0.104	3.417E-2	0.421	0.422
9.076	-1.872E-2	0.191	0.192	-3.788E-2	-8.704E-2	9.493E-2	0.399	0.317	0.509
9.092	-1.923E-2	0.190	0.191	-1.725E-2	-9.268E-2	9.427E-2	0.159	-0.885	0.899
9.109	-1.930E-2	0.188	0.189	-2.664E-2	-0.112	0.115	-9.459E-2	-0.257	0.274
9.126	-2.012E-2	0.186	0.187	-3.132E-2	-0.111	0.115	-0.180	8.515E-2	0.199
9.142	-2.034E-2	0.185	0.186	-2.293E-2	-9.858E-2	0.101	0.179	0.293	0.343
9.159	-2.088E-2	0.183	0.184	-3.087E-2	-0.107	0.112	-0.218	-0.204	0.299
9.176	-2.137E-2	0.181	0.182	-2.850E-2	-0.104	0.107	0.136	0.367	0.391
9.193	-2.183E-2	0.179	0.181	-2.653E-2	-9.567E-2	9.927E-2	-0.163	-0.389	0.422
9.209	-2.226E-2	0.178	0.179	-3.266E-2	-0.112	0.117	-0.142	-0.547	0.565
9.226	-2.292E-2	0.176	0.177	-3.434E-2	-0.123	0.128	0.156	5.732E-2	0.166
9.243	-2.340E-2	0.174	0.175	-2.528E-2	-0.105	0.108	0.290	0.986	1.028
9.259	-2.377E-2	0.172	0.174	-2.419E-2	-9.064E-2	9.381E-2	0.238	0.346	0.420
9.276	-2.421E-2	0.171	0.172	-1.949E-2	-9.090E-2	9.296E-2	-0.440	-0.651	0.786
9.293	-2.442E-2	0.169	0.171	-3.353E-2	-0.113	0.118	-0.748	-0.620	0.972
9.309	-2.533E-2	0.167	0.169	-5.184E-2	-0.117	0.128	-0.288	-0.231	0.370
9.326	-2.615E-2	0.165	0.167	-4.058E-2	-0.114	0.121	0.558	0.639	0.849
9.343	-2.668E-2	0.163	0.165	-3.129E-2	-0.103	0.107	0.170	0.455	0.486
9.359	-2.719E-2	0.162	0.164	-3.524E-2	-9.037E-2	9.700E-2	-0.283	-0.446	0.528
9.376	-2.786E-2	0.160	0.162	-4.191E-2	-0.120	0.127	-0.210	-1.374	1.390
9.393	-2.859E-2	0.158	0.160	-4.236E-2	-0.141	0.147	0.255	0.637	0.686
9.409	-2.927E-2	0.155	0.158	-3.373E-2	-0.101	0.107	0.185	1.128	1.143
9.426	-2.971E-2	0.154	0.157	-3.340E-2	-8.821E-2	9.433E-2	-9.673E-2	-0.847	0.853
9.443	-3.039E-2	0.152	0.155	-3.995E-2	-0.139	0.145	5.317E-2	-0.842	0.844
9.459	-3.105E-2	0.150	0.153	-3.172E-2	-0.125	0.129	0.630	0.761	0.988
9.476	-3.144E-2	0.148	0.152	-1.757E-2	-9.766E-2	9.923E-2	-0.286	0.654	0.714
9.493	-3.163E-2	0.146	0.150	-3.698E-2	-0.112	0.118	-5.161E-2	-0.705	0.707
9.510	-3.268E-2	0.145	0.148	-3.187E-2	-0.120	0.124	-0.437	-0.118	0.452
9.526	-3.270E-2	0.142	0.146	-3.438E-2	-0.118	0.123	-2.927E-3	6.845E-2	6.851E-2
9.543	-3.383E-2	0.141	0.145	-4.856E-2	-0.114	0.124	-0.160	-0.202	0.258
9.560	-3.432E-2	0.139	0.143	-2.955E-2	-0.125	0.129	0.808	-0.446	0.923
9.576	-3.481E-2	0.136	0.141	-2.497E-2	-0.131	0.133	-0.564	4.488E-2	0.566
9.593	-3.515E-2	0.134	0.139	-4.371E-2	-0.123	0.130	-0.329	0.365	0.491
9.610	-3.627E-2	0.132	0.137	-4.624E-2	-0.117	0.126	0.553	0.845	1.010
9.626	-3.669E-2	0.130	0.135	-1.716E-2	-9.851E-2	1.000E-1	1.393E-2	-0.769	0.769
9.643	-3.684E-2	0.129	0.134	-4.171E-2	-0.130	0.137	-0.403	-0.785	0.883
9.660	-3.809E-2	0.126	0.132	-4.534E-2	-0.147	0.154	-9.927E-2	-0.334	0.348
9.676	-3.836E-2	0.124	0.130	-3.002E-2	-0.123	0.126	-0.109	6.201E-2	0.126
9.693	-3.909E-2	0.122	0.128	-5.545E-2	-0.150	0.160	-0.395	1.807E-2	0.396
9.710	-4.021E-2	0.119	0.126	-4.736E-2	-0.131	0.139	0.520	0.781	0.939
9.726	-4.067E-2	0.118	0.124	-3.042E-2	-0.109	0.113	-3.551E-2	0.834	0.835
9.743	-4.122E-2	0.115	0.123	-4.977E-2	-0.114	0.124	0.386	-0.180	0.426
9.760	-4.233E-2	0.114	0.121	-2.746E-2	-0.109	0.113	-0.107	-0.843	0.849
9.776	-4.214E-2	0.112	0.119	-3.344E-2	-0.141	0.145	-5.769E-2	-0.729	0.732
9.793	-4.344E-2	0.109	0.117	-5.159E-2	-0.144	0.153	-0.971	-0.278	1.010
9.810	-4.386E-2	0.107	0.116	-4.842E-2	-0.137	0.146	0.336	1.312E-2	0.336
9.826	-4.506E-2	0.104	0.114	-5.357E-2	-0.152	0.161	0.462	0.206	0.506
9.843	-4.565E-2	0.102	0.112	-2.571E-2	-0.130	0.133	0.261	0.500	0.564
9.860	-4.592E-2	0.100	0.110	-4.123E-2	-0.128	0.134	-0.224	5.891E-2	0.231
9.877	-4.702E-2	9.767E-2	0.108	-4.473E-2	-0.137	0.144	3.485E-2	-0.355	0.357
9.893	-4.741E-2	9.552E-2	0.107	-2.948E-2	-0.134	0.137	0.413	1.881E-2	0.413
9.910	-4.801E-2	9.319E-2	0.105	-3.578E-2	-0.139	0.144	-4.891E-2	0.127	0.136
9.927	-4.860E-2	9.088E-2	0.103	-3.094E-2	-0.130	0.134	-9.480E-2	0.219	0.239
9.943	-4.904E-2	8.884E-2	0.101	-3.609E-2	-0.129	0.133	-0.472	0.107	0.484
9.960	-4.981E-2	8.659E-2	9.989E-2	-4.974E-2	-0.130	0.140	-0.652	0.397	0.763
9.977	-5.070E-2	8.449E-2	9.853E-2	-5.691E-2	-0.115	0.128	0.416	1.348	1.411
9.993	-5.171E-2	8.276E-2	9.759E-2	-3.938E-2	-8.548E-2	9.412E-2	8.528E-2	1.672	1.674
10.010	-5.201E-2	8.164E-2	9.680E-2	-4.387E-2	-5.688E-2	7.183E-2	-0.563	1.132	1.265
10.027	-5.317E-2	8.087E-2	9.678E-2	-6.862E-2	-4.705E-2	8.320E-2	-0.532	0.997	1.130
10.043	-5.430E-2	8.007E-2	9.674E-2	-5.898E-2	-2.824E-2	6.540E-2	0.572	1.207	1.336
10.060	-5.514E-2	7.992E-2	9.710E-2	-4.753E-2	-1.943E-3	4.757E-2	0.716	0.463	0.852
10.077	-5.589E-2	8.000E-2	9.759E-2	-3.676E-2	-1.145E-2	3.850E-2	0.379	-0.608	0.717
10.093	-5.636E-2	7.954E-2	9.749E-2	-3.239E-2	-2.775E-2	4.265E-2	0.529	-1.000	1.131
10.110	-5.697E-2	7.908E-2	9.746E-2	-2.319E-2	-4.074E-2	4.688E-2	0.730	-1.078	1.301
10.127	-5.714E-2	7.818E-2	9.684E-2	-4.614E-3	-6.560E-2	6.576E-2	0.731	-0.748	1.046
10.143	-5.712E-2	7.689E-2	9.578E-2	9.685E-4	-6.861E-2	6.861E-2	7.514E-2	-0.379	0.387
10.160	-5.711E-2	7.589E-2	9.498E-2	-2.443E-3	-7.213E-2	7.218E-2	4.679E-2	6.349E-2	7.887E-2
10.177	-5.720E-2	7.448E-2	9.391E-2	6.518E-4	-7.305E-2	7.306E-2	0.301	0.166	0.344
10.194	-5.708E-2	7.346E-2	9.303E-2	9.575E-3	-6.144E-2	6.218E-2	7.737E-2	0.188	0.203
10.210	-5.688E-2	7.243E-2	9.210E-2	4.142E-3	-6.760E-2	6.773E-2	-0.579	-2.904E-2	0.580
10.227	-5.695E-2	7.120E-2	9.117E-2	-1.128E-2	-6.533E-2	6.630E-2	-0.148	0.480	0.503
10.244	-5.726E-2	7.025E-2	9.063E-2	-3.950E-3	-4.940E-2	4.956E-2	0.241	0.243	0.342
10.260	-5.708E-2	6.955E-2	8.997E-2	3.184E-3	-5.445E-2	5.455E-2	0.498	-0.432	0.660
10.277	-5.715E-2	6.843E-2	8.916E-2	6.736E-3	-6.834E-2	6.867E-2	-0.324	-0.476	0.576
10.294	-5.685E-2	6.727E-2	8.808E-2	-6.456E-4	-6.898E-2	6.899E-2	-0.188	0.179	0.259
10.310	-5.718E-2	6.613E-2	8.742E-2	-8.076E-3	-6.282E-2	6.334E-2	-0.405	-0.343	0.531
10.327	-5.712E-2	6.518E-2	8.667E-2	-6.849E-3	-7.622E-2	7.653E-2	-0.172	-0.677	0.699
10.344	-5.740E-2	6.359E-2	8.567E-2	-1.811E-2	-9.208E-2	9.385E-2	-0.426	0.157	0.454
10.360	-5.773E-2	6.210E-2	8.479E-2	-1.991E-2	-7.009E-2	7.286E-2	0.218	0.293	0.365
10.377	-5.807E-2	6.125E-2	8.440E-2	-1.202E-2	-7.408E-2	7.505E-2	0.392	0.371	0.540
10.394	-5.813E-2	5.963E-2	8.328E-2	-4.261E-3	-7.068E-2	7.081E-2	0.148	0.159	0.217
10.410	-5.821E-2	5.889E-2	8.280E-2	-8.044E-3	-5.630E-2	5.687E-2	-1.435E-2	0.277	0.277
10.427	-5.840E-2	5.775E-2	8.213E-2	-6.239E-3	-6.855E-2	6.883E-2	0.216	-0.403	0.458
10.444	-5.842E-2	5.660E-2	8.134E-2	7.250E-4	-6.825E-2	6.825E-2	-0.145	-0.323	0.354
10.460	-5.837E-2	5.548E-2	8.053E-2	-9.444E-3	-7.764E-2	7.821E-2	-0.291	-0.277	0.402
10.477	-5.873E-2	5.401E-2	7.979E-2	-1.388E-2	-8.135E-2	8.253E-2	-0.407	-1.600E-2	0.407
10.494	-5.884E-2	5.276E-2	7.903E-2	-1.743E-2	-7.494E-2	7.694E-2	1.731E-2	0.345	0.345
10.511	-5.932E-2	5.151E-2	7.856E-2	-1.904E-2	-7.125E-2	7.375E-2	0.206	0.269	0.339
10.527	-5.947E-2	5.038E-2	7.794E-2	-6.568E-3	-6.528E-2	6.561E-2	0.517	-9.643E-2	0.526
10.544	-5.953E-2	4.933E-2	7.732E-2	-2.567E-3	-7.289E-2	7.294E-2	-0.167	-0.293	0.337
10.561	-5.956E-2	4.795E-2	7.646E-2	-1.082E-2	-7.880E-2	7.954E-2	-0.386	-0.390	0.549
10.577	-5.990E-2	4.670E-2	7.595E-2	-1.857E-2	-8.227E-2	8.434E-2	-0.269	0.108	0.290
10.594	-6.018E-2	4.521E-2	7.527E-2	-1.780E-2	-7.940E-2	8.137E-2	-6.030E-2	0.161	0.171
10.611	-6.049E-2	4.406E-2	7.483E-2	-2.082E-2	-7.240E-2	7.533E-2	0.393	0.716	0.817
10.627	-6.087E-2	4.279E-2	7.441E-2	-7.345E-3	-6.019E-2	6.064E-2	9.037E-2	0.557	0.564
10.644	-6.073E-2	4.205E-2	7.387E-2	-1.042E-2	-4.834E-2	4.945E-2	-4.990E-3	6.496E-2	6.515E-2
10.661	-6.122E-2	4.118E-2	7.378E-2	-1.679E-2	-6.016E-2	6.246E-2	-5.468E-2	-1.001	1.003
10.677	-6.129E-2	4.004E-2	7.321E-2	-5.901E-3	-8.162E-2	8.184E-2	0.337	-9.527E-2	0.351
10.694	-6.142E-2	3.845E-2	7.246E-2	-7.609E-3	-6.962E-2	7.004E-2	-8.514E-3	0.371	0.372
10.711	-6.155E-2	3.772E-2	7.219E-2	-6.334E-3	-5.810E-2	5.844E-2	-6.284E-2	0.535	0.538
10.727	-6.163E-2	3.652E-2	7.163E-2	-8.621E-3	-6.093E-2	6.154E-2	-0.534	-0.350	0.638
10.744	-6.184E-2	3.568E-2	7.139E-2	-2.389E-2	-6.280E-2	6.719E-2	-0.203	-0.219	0.299
10.761	-6.242E-2	3.442E-2	7.128E-2	-2.023E-2	-7.376E-2	7.649E-2	0.569	-0.227	0.613
10.777	-6.251E-2	3.322E-2	7.079E-2	2.249E-4	-6.846E-2	6.846E-2	0.750	9.197E-3	0.750
10.794	-6.242E-2	3.214E-2	7.020E-2	4.387E-3	-7.180E-2	7.194E-2	3.239E-2	1.817E-2	3.714E-2
10.811	-6.236E-2	3.083E-2	6.957E-2	5.231E-4	-7.130E-2	7.130E-2	-0.270	0.199	0.335
10.827	-6.240E-2	2.976E-2	6.913E-2	-4.777E-3	-6.238E-2	6.256E-2	-0.234	0.335	0.409
10.844	-6.252E-2	2.874E-2	6.882E-2	-7.688E-3	-6.069E-2	6.117E-2	-0.551	-0.175	0.578
10.861	-6.266E-2	2.773E-2	6.852E-2	-2.096E-2	-6.749E-2	7.067E-2	-0.281	-0.151	0.319
10.878	-6.322E-2	2.649E-2	6.855E-2	-2.244E-2	-6.851E-2	7.209E-2	0.272	-9.334E-2	0.288
10.894	-6.340E-2	2.545E-2	6.832E-2	-7.211E-3	-6.732E-2	6.770E-2	0.471	0.549	0.723
10.911	-6.346E-2	2.425E-2	6.794E-2	-6.867E-3	-5.480E-2	5.523E-2	2.286E-2	0.302	0.303
10.928	-6.363E-2	2.362E-2	6.787E-2	-8.181E-3	-4.994E-2	5.060E-2	8.641E-2	0.217	0.233
10.944	-6.374E-2	2.258E-2	6.762E-2	-3.364E-3	-5.460E-2	5.471E-2	0.294	4.604E-2	0.298
10.961	-6.375E-2	2.180E-2	6.737E-2	1.836E-3	-4.479E-2	4.483E-2	-2.362E-3	1.859E-2	1.874E-2
10.978	-6.368E-2	2.109E-2	6.708E-2	-2.261E-3	-5.295E-2	5.300E-2	0.112	-0.413	0.428
10.994	-6.382E-2	2.003E-2	6.689E-2	1.890E-3	-6.205E-2	6.208E-2	0.145	-0.173	0.226
11.011	-6.361E-2	1.902E-2	6.639E-2	7.275E-3	-5.736E-2	5.782E-2	0.192	-1.087E-2	0.192
11.028	-6.358E-2	1.812E-2	6.611E-2	4.890E-3	-6.066E-2	6.086E-2	-0.244	2.632E-3	0.244
11.044	-6.345E-2	1.699E-2	6.569E-2	1.574E-3	-6.064E-2	6.066E-2	-0.225	7.364E-3	0.225
11.061	-6.353E-2	1.609E-2	6.553E-2	-4.737E-3	-5.708E-2	5.728E-2	-0.327	0.312	0.452
11.078	-6.361E-2	1.509E-2	6.537E-2	-8.055E-3	-5.312E-2	5.373E-2	-3.671E-2	0.624	0.625
11.094	-6.379E-2	1.432E-2	6.538E-2	-7.382E-3	-3.529E-2	3.605E-2	0.439	-0.110	0.452
11.111	-6.385E-2	1.391E-2	6.535E-2	6.660E-3	-5.100E-2	5.143E-2	0.341	-0.574	0.667
11.128	-6.357E-2	1.262E-2	6.481E-2	7.677E-3	-6.523E-2	6.568E-2	-4.737E-2	-0.841	0.843
11.144	-6.360E-2	1.173E-2	6.467E-2	6.741E-4	-6.947E-2	6.948E-2	-0.165	0.407	0.439
11.161	-6.355E-2	1.030E-2	6.438E-2	3.970E-3	-6.157E-2	6.169E-2	-4.064E-2	0.301	0.303
11.178	-6.347E-2	9.679E-3	6.420E-2	3.459E-5	-4.853E-2	4.853E-2	-0.277	0.503	0.574
11.195	-6.355E-2	8.681E-3	6.414E-2	-6.637E-3	-5.253E-2	5.295E-2	9.666E-2	-0.144	0.173
11.211	-6.369E-2	7.926E-3	6.418E-2	2.036E-3	-4.909E-2	4.913E-2	0.176	3.582E-2	0.180
11.228	-6.348E-2	7.043E-3	6.387E-2	3.663E-3	-5.341E-2	5.354E-2	0.114	1.191E-2	0.115
11.245	-6.356E-2	6.144E-3	6.386E-2	1.034E-3	-4.898E-2	4.899E-2	-0.141	-4.721E-2	0.148
11.261	-6.345E-2	5.409E-3	6.368E-2	2.590E-3	-5.234E-2	5.240E-2	0.115	-2.424E-2	0.117
11.278	-6.348E-2	4.397E-3	6.363E-2	2.131E-3	-5.382E-2	5.386E-2	0.101	5.752E-2	0.117
11.295	-6.337E-2	3.613E-3	6.348E-2	7.570E-3	-4.726E-2	4.787E-2	-0.145	1.135E-2	0.145
11.311	-6.323E-2	2.820E-3	6.329E-2	-1.399E-3	-5.360E-2	5.362E-2	-0.158	-0.183	0.242
11.328	-6.342E-2	1.824E-3	6.345E-2	-2.231E-3	-5.566E-2	5.570E-2	0.166	0.343	0.381
11.345	-6.330E-2	9.634E-4	6.331E-2	8.213E-3	-4.156E-2	4.236E-2	0.156	0.926	0.939
11.361	-6.315E-2	4.378E-4	6.315E-2	2.776E-3	-2.359E-2	2.375E-2	-0.290	1.077	1.115
11.378	-6.321E-2	1.762E-4	6.321E-2	-3.427E-3	-6.162E-3	7.051E-3	-0.246	0.456	0.519
11.395	-6.326E-2	2.322E-4	6.326E-2	-4.338E-3	-5.508E-3	7.012E-3	0.292	-0.445	0.532
11.411	-6.335E-2	-7.551E-6	6.335E-2	4.559E-3	-2.360E-2	2.403E-2	0.383	-0.389	0.545
11.428	-6.311E-2	-5.552E-4	6.311E-2	1.181E-2	-2.148E-2	2.451E-2	9.887E-2	1.011	1.016
11.445	-6.296E-2	-7.241E-4	6.296E-2	6.092E-3	1.160E-2	1.310E-2	3.112E-2	1.661	1.662
11.461	-6.291E-2	-1.683E-4	6.291E-2	1.121E-2	3.789E-2	3.951E-2	-0.115	0.785	0.794
11.478	-6.258E-2	5.401E-4	6.259E-2	6.787E-3	3.681E-2	3.743E-2	3.684E-3	0.252	0.252
11.495	-6.268E-2	1.060E-3	6.269E-2	5.042E-3	4.241E-2	4.271E-2	0.584	0.317	0.665
11.512	-6.242E-2	1.955E-3	6.245E-2	2.925E-2	5.168E-2	5.939E-2	0.298	0.622	0.690
11.528	-6.170E-2	2.785E-3	6.177E-2	2.044E-2	5.958E-2	6.299E-2	-0.158	-0.223	0.273
11.545	-6.173E-2	3.943E-3	6.186E-2	1.353E-2	5.012E-2	5.191E-2	-0.177	-0.641	0.665
11.562	-6.125E-2	4.457E-3	6.141E-2	2.293E-2	3.118E-2	3.871E-2	0.366	-0.532	0.646
11.578	-6.097E-2	4.984E-3	6.117E-2	2.128E-2	3.479E-2	4.078E-2	-4.484E-3	-0.136	0.136
11.595	-6.054E-2	5.617E-3	6.080E-2	2.492E-2	2.881E-2	3.809E-2	-0.355	-0.396	0.532
11.612	-6.014E-2	5.945E-3	6.043E-2	1.061E-2	1.863E-2	2.144E-2	-0.618	-0.295	0.684
11.628	-6.019E-2	6.239E-3	6.051E-2	3.423E-5	1.970E-2	1.970E-2	0.409	-0.286	0.499
11.645	-6.014E-2	6.602E-3	6.050E-2	2.413E-2	1.133E-2	2.665E-2	0.469	-8.763E-2	0.477
11.662	-5.938E-2	6.617E-3	5.975E-2	2.421E-2	1.192E-2	2.699E-2	-0.236	-1.898E-2	0.237
11.678	-5.933E-2	7.000E-3	5.974E-2	6.802E-3	1.629E-2	1.766E-2	-0.621	-0.136	0.636
11.695	-5.916E-2	7.160E-3	5.959E-2	7.818E-3	4.602E-3	9.072E-3	2.021E-2	-0.339	0.340
11.712	-5.907E-2	7.153E-3	5.950E-2	6.168E-3	3.879E-3	7.286E-3	-4.479E-2	-8.795E-2	9.870E-2
11.728	-5.895E-2	7.290E-3	5.940E-2	6.910E-3	4.185E-3	8.078E-3	0.726	-0.146	0.740
11.745	-5.884E-2	7.293E-3	5.929E-2	2.732E-2	-2.384E-3	2.743E-2	0.519	-0.317	0.608
11.762	-5.804E-2	7.210E-3	5.849E-2	3.229E-2	-6.348E-3	3.290E-2	-0.410	-0.110	0.424
11.778	-5.776E-2	7.081E-3	5.819E-2	7.603E-3	-6.296E-3	9.871E-3	-0.971	-0.401	1.050
11.795	-5.779E-2	7.000E-3	5.821E-2	-6.478E-4	-1.733E-2	1.734E-2	0.354	-0.383	0.521
11.812	-5.778E-2	6.503E-3	5.815E-2	1.839E-2	-2.371E-2	3.001E-2	0.685	-0.135	0.698
11.828	-5.717E-2	6.209E-3	5.751E-2	2.841E-2	-1.823E-2	3.375E-2	0.230	-1.629E-2	0.231
11.845	-5.683E-2	5.895E-3	5.714E-2	2.106E-2	-2.449E-2	3.230E-2	-0.374	0.127	0.395
11.862	-5.647E-2	5.392E-3	5.673E-2	1.785E-2	-1.733E-2	2.488E-2	-0.179	5.800E-3	0.179
11.879	-5.624E-2	5.317E-3	5.649E-2	1.384E-2	-1.791E-2	2.264E-2	-8.836E-2	0.235	0.251
11.895	-5.601E-2	4.794E-3	5.621E-2	1.525E-2	-1.717E-2	2.296E-2	9.189E-2	0.324	0.337
11.912	-5.573E-2	4.744E-3	5.593E-2	1.726E-2	-1.388E-3	1.731E-2	0.185	0.420	0.459
11.929	-5.543E-2	4.748E-3	5.563E-2	2.091E-2	-4.074E-3	2.130E-2	0.363	-7.587E-2	0.371
11.945	-5.503E-2	4.608E-3	5.522E-2	2.942E-2	-5.770E-3	2.998E-2	3.026E-2	0.110	0.114
11.962	-5.445E-2	4.555E-3	5.464E-2	2.450E-2	4.424E-4	2.450E-2	-0.370	-9.770E-2	0.382
11.979	-5.421E-2	4.622E-3	5.441E-2	1.346E-2	-6.835E-3	1.510E-2	-0.718	-0.507	0.879
11.995	-5.400E-2	4.327E-3	5.417E-2	3.180E-3	-1.977E-2	2.003E-2	-0.267	-0.564	0.624
12.012	-5.411E-2	3.963E-3	5.425E-2	8.750E-4	-2.433E-2	2.435E-2	0.421	-8.579E-2	0.429
12.029	-5.397E-2	3.516E-3	5.409E-2	1.909E-2	-2.351E-2	3.029E-2	0.304	-0.271	0.407
12.045	-5.347E-2	3.178E-3	5.356E-2	1.522E-2	-3.060E-2	3.417E-2	-0.273	-8.842E-2	0.287
12.062	-5.346E-2	2.495E-3	5.352E-2	3.721E-3	-3.128E-2	3.150E-2	-7.410E-2	0.219	0.231
12.079	-5.335E-2	2.134E-3	5.339E-2	1.472E-2	-1.936E-2	2.432E-2	0.316	0.691	0.760
12.095	-5.297E-2	1.849E-3	5.301E-2	1.679E-2	-9.986E-3	1.953E-2	5.045E-2	0.568	0.571
12.112	-5.279E-2	1.801E-3	5.282E-2	1.339E-2	8.020E-4	1.342E-2	-7.989E-2	0.462	0.469
12.129	-5.253E-2	1.875E-3	5.256E-2	1.556E-2	5.331E-3	1.644E-2	-0.210	0.393	0.445
12.145	-5.227E-2	1.979E-3	5.230E-2	7.251E-3	1.271E-2	1.463E-2	3.120E-2	0.656	0.657
12.162	-5.228E-2	2.299E-3	5.233E-2	1.233E-2	2.774E-2	3.036E-2	0.140	0.712	0.726
12.179	-5.186E-2	2.905E-3	5.194E-2	1.802E-2	3.776E-2	4.184E-2	-7.651E-2	-0.325	0.334
12.196	-5.168E-2	3.559E-3	5.181E-2	6.268E-3	1.898E-2	1.999E-2	-0.447	-0.687	0.820
12.212	-5.165E-2	3.538E-3	5.177E-2	2.911E-3	7.558E-3	8.099E-3	-0.172	-0.476	0.506
12.229	-5.159E-2	3.812E-3	5.173E-2	1.598E-3	9.498E-3	9.632E-3	7.183E-2	-0.229	0.240
12.246	-5.159E-2	3.855E-3	5.174E-2	3.988E-3	-2.571E-3	4.745E-3	0.520	-1.125	1.240
12.262	-5.145E-2	3.726E-3	5.159E-2	1.900E-2	-2.594E-2	3.216E-2	7.270E-2	-0.391	0.398
12.279	-5.096E-2	2.989E-3	5.105E-2	1.140E-2	-2.310E-2	2.576E-2	-0.374	-9.910E-2	0.387
12.296	-5.107E-2	2.955E-3	5.116E-2	-1.005E-3	-1.831E-2	1.834E-2	-0.368	9.376E-2	0.380
12.312	-5.099E-2	2.378E-3	5.105E-2	3.550E-3	-2.849E-2	2.871E-2	0.416	-0.526	0.671
12.329	-5.095E-2	2.004E-3	5.099E-2	1.053E-2	-3.064E-2	3.240E-2	3.700E-2	9.031E-2	9.760E-2
12.346	-5.064E-2	1.356E-3	5.066E-2	8.730E-3	-2.997E-2	3.121E-2	-6.528E-2	-1.401E-2	6.677E-2
12.362	-5.066E-2	1.004E-3	5.067E-2	3.624E-3	-2.660E-2	2.685E-2	-2.584E-2	0.270	0.272
12.379	-5.052E-2	4.684E-4	5.052E-2	1.042E-2	-2.484E-2	2.694E-2	0.324	0.604	0.685
12.396	-5.031E-2	1.756E-4	5.032E-2	1.403E-2	-5.325E-3	1.500E-2	-0.194	1.022	1.041
12.412	-5.005E-2	2.908E-4	5.005E-2	5.601E-3	1.113E-2	1.246E-2	-0.154	0.720	0.737
12.429	-5.013E-2	5.469E-4	5.013E-2	4.454E-3	1.782E-2	1.837E-2	4.433E-2	0.106	0.115
12.446	-4.990E-2	8.854E-4	4.991E-2	1.138E-2	1.545E-2	1.919E-2	7.305E-3	-0.192	0.192
12.462	-4.975E-2	1.062E-3	4.976E-2	3.644E-3	9.797E-3	1.045E-2	-0.406	-0.446	0.603
12.479	-4.978E-2	1.212E-3	4.980E-2	-3.330E-3	2.024E-3	3.896E-3	-9.078E-2	-0.274	0.289
12.496	-4.986E-2	1.130E-3	4.987E-2	3.527E-4	-1.699E-3	1.735E-3	0.103	-0.174	0.202
12.513	-4.977E-2	1.156E-3	4.978E-2	2.153E-3	-1.424E-3	2.581E-3	0.302	-0.154	0.339
12.529	-4.979E-2	1.082E-3	4.980E-2	7.601E-3	-7.677E-3	1.080E-2	7.921E-2	-0.372	0.380
12.546	-4.952E-2	8.994E-4	4.953E-2	8.771E-3	-1.392E-2	1.645E-2	-0.126	-0.163	0.206
12.563	-4.949E-2	6.180E-4	4.950E-2	2.093E-4	-1.392E-2	1.392E-2	-0.308	0.185	0.360
12.579	-4.951E-2	4.348E-4	4.951E-2	-7.949E-4	-7.045E-3	7.090E-3	-3.248E-2	0.326	0.327
12.596	-4.952E-2	3.829E-4	4.952E-2	-6.808E-4	-2.449E-3	2.542E-3	0.217	0.302	0.372
12.613	-4.953E-2	3.531E-4	4.953E-2	5.534E-3	2.118E-3	5.926E-3	1.384E-2	0.178	0.178
12.629	-4.934E-2	4.536E-4	4.934E-2	2.832E-3	4.690E-3	5.479E-3	-0.139	0.165	0.216
12.646	-4.944E-2	5.096E-4	4.944E-2	-2.996E-3	6.279E-3	6.958E-3	-0.152	-0.215	0.263
12.663	-4.944E-2	6.631E-4	4.944E-2	-5.620E-5	-1.193E-4	1.319E-4	0.248	-0.455	0.518
12.679	-4.944E-2	5.056E-4	4.944E-2	4.175E-3	-1.166E-2	1.239E-2	0.169	1.649E-2	0.170
12.696	-4.930E-2	2.740E-4	4.930E-2	7.063E-3	-7.497E-4	7.103E-3	-0.157	0.363	0.395
12.713	-4.920E-2	4.806E-4	4.921E-2	-1.141E-3	5.509E-3	5.626E-3	-0.107	0.267	0.288
12.729	-4.934E-2	4.578E-4	4.934E-2	5.736E-4	3.615E-3	3.660E-3	0.457	-5.956E-2	0.461
12.746	-4.919E-2	6.012E-4	4.919E-2	1.641E-2	6.262E-3	1.757E-2	0.444	-3.549E-2	0.445
12.763	-4.879E-2	6.667E-4	4.879E-2	1.725E-2	1.411E-3	1.730E-2	1.449E-2	-0.255	0.256
12.779	-4.861E-2	6.483E-4	4.861E-2	1.355E-2	-2.443E-3	1.376E-2	-0.495	-6.209E-2	0.499
12.796	-4.834E-2	5.852E-4	4.834E-2	4.245E-3	-1.072E-3	4.378E-3	-0.404	0.160	0.435
12.813	-4.847E-2	6.125E-4	4.847E-2	-4.346E-3	3.586E-3	5.634E-3	6.042E-2	5.516E-2	8.182E-2
12.829	-4.848E-2	7.048E-4	4.849E-2	7.806E-3	1.512E-3	7.951E-3	0.226	-1.162E-2	0.226
12.846	-4.821E-2	6.630E-4	4.821E-2	6.537E-3	1.237E-3	6.653E-3	-0.300	4.519E-2	0.303
12.863	-4.826E-2	7.461E-4	4.827E-2	-5.867E-3	4.704E-3	7.520E-3	-4.729E-3	-0.165	0.165
12.880	-4.840E-2	8.199E-4	4.841E-2	5.111E-3	-3.709E-3	6.315E-3	0.234	-0.232	0.330
12.896	-4.809E-2	6.223E-4	4.810E-2	7.748E-3	-6.149E-3	9.892E-3	-0.115	3.005E-2	0.119
12.913	-4.814E-2	6.148E-4	4.815E-2	-3.719E-3	1.595E-5	3.719E-3	-0.413	0.264	0.491
12.930	-4.822E-2	6.229E-4	4.822E-2	-4.592E-3	1.804E-3	4.934E-3	9.953E-2	-9.529E-3	9.998E-2
12.946	-4.830E-2	6.750E-4	4.830E-2	-9.742E-4	3.968E-4	1.052E-3	7.462E-2	-1.658E-2	7.644E-2
12.963	-4.825E-2	6.361E-4	4.825E-2	-4.434E-4	-4.259E-5	4.455E-4	0.225	3.064E-2	0.227
12.980	-4.831E-2	6.735E-4	4.832E-2	3.901E-3	2.435E-3	4.598E-3	0.106	-5.648E-2	0.120
12.996	-4.812E-2	7.173E-4	4.812E-2	6.536E-3	-1.596E-3	6.728E-3	-8.760E-3	-0.143	0.143
13.013	-4.809E-2	6.203E-4	4.810E-2	1.086E-3	-3.856E-3	4.006E-3	-0.188	-4.923E-2	0.195
13.030	-4.808E-2	5.887E-4	4.809E-2	8.697E-4	-2.053E-3	2.229E-3	0.348	0.149	0.378
13.046	-4.807E-2	5.518E-4	4.807E-2	1.130E-2	4.166E-4	1.130E-2	0.248	4.443E-2	0.252
13.063	-4.771E-2	6.026E-4	4.771E-2	1.327E-2	5.578E-4	1.328E-2	-1.397E-2	-4.125E-2	4.355E-2
13.080	-4.762E-2	5.704E-4	4.763E-2	6.718E-3	-2.030E-3	7.018E-3	-0.168	-8.358E-3	0.168
13.096	-4.748E-2	5.348E-4	4.748E-2	9.272E-3	2.625E-4	9.276E-3	6.271E-2	8.418E-2	0.105
13.113	-4.731E-2	5.792E-4	4.732E-2	8.929E-3	1.625E-3	9.076E-3	-0.102	7.261E-2	0.125
13.130	-4.718E-2	5.890E-4	4.719E-2	5.743E-3	1.866E-3	6.038E-3	-0.108	-4.457E-2	0.117
13.146	-4.712E-2	6.414E-4	4.713E-2	4.736E-3	9.608E-4	4.832E-3	3.970E-2	-6.210E-2	7.371E-2
13.163	-4.703E-2	6.211E-4	4.703E-2	7.440E-3	-1.037E-3	7.512E-3	1.235E-2	0.113	0.114
13.180	-4.687E-2	6.068E-4	4.688E-2	5.910E-3	4.351E-3	7.339E-3	0.140	5.728E-2	0.152
13.197	-4.683E-2	7.663E-4	4.683E-2	9.962E-3	3.239E-3	1.048E-2	-1.415E-2	-0.174	0.175
13.213	-4.654E-2	7.149E-4	4.655E-2	9.102E-3	-3.900E-3	9.902E-3	0.313	-0.230	0.388
13.230	-4.652E-2	6.361E-4	4.653E-2	1.506E-2	-3.875E-3	1.555E-2	4.928E-2	0.129	0.138
13.247	-4.604E-2	5.856E-4	4.604E-2	1.755E-2	2.796E-4	1.755E-2	-0.117	0.224	0.253
13.263	-4.594E-2	6.455E-4	4.594E-2	5.887E-3	4.327E-3	7.306E-3	-0.220	7.167E-2	0.231
13.280	-4.584E-2	7.300E-4	4.585E-2	1.107E-2	2.741E-3	1.141E-2	0.320	-0.174	0.364
13.297	-4.557E-2	7.369E-4	4.558E-2	1.788E-2	-1.925E-3	1.798E-2	-0.183	-0.137	0.228
13.313	-4.525E-2	6.657E-4	4.525E-2	6.477E-3	-2.425E-3	6.916E-3	-3.682E-2	4.556E-2	5.858E-2
13.330	-4.535E-2	6.560E-4	4.536E-2	1.036E-2	3.262E-4	1.037E-2	0.126	2.705E-2	0.129
13.347	-4.490E-2	6.766E-4	4.491E-2	1.856E-2	-1.181E-3	1.859E-2	0.138	6.334E-3	0.138
13.363	-4.473E-2	6.166E-4	4.474E-2	1.010E-2	-6.968E-4	1.012E-2	-0.264	1.175E-3	0.264
13.380	-4.456E-2	6.534E-4	4.457E-2	1.091E-2	3.036E-4	1.092E-2	-5.560E-2	3.690E-2	6.673E-2
13.397	-4.437E-2	6.268E-4	4.437E-2	8.822E-3	-5.692E-4	8.841E-3	-0.176	-0.107	0.206
13.413	-4.427E-2	6.344E-4	4.427E-2	4.382E-3	-2.311E-3	4.954E-3	5.478E-2	0.235	0.242
13.430	-4.422E-2	5.496E-4	4.423E-2	9.595E-3	4.918E-3	1.078E-2	-4.733E-2	0.122	0.131
13.447	-4.395E-2	7.985E-4	4.396E-2	6.433E-3	6.260E-3	8.976E-3	0.207	-7.935E-3	0.207
13.463	-4.401E-2	7.585E-4	4.402E-2	1.062E-2	3.584E-4	1.062E-2	0.340	-0.312	0.462
13.480	-4.359E-2	8.105E-4	4.360E-2	2.348E-2	-1.481E-3	2.352E-2	0.143	-5.545E-2	0.154
13.497	-4.323E-2	7.091E-4	4.323E-2	1.412E-2	-3.558E-3	1.457E-2	-0.453	1.750E-2	0.453
13.514	-4.312E-2	6.918E-4	4.313E-2	6.249E-3	2.887E-4	6.255E-3	0.165	8.949E-2	0.187
13.530	-4.302E-2	7.187E-4	4.302E-2	1.899E-2	-2.805E-4	1.899E-2	0.711	-0.113	0.720
13.547	-4.249E-2	6.824E-4	4.250E-2	3.331E-2	-3.951E-3	3.354E-2	8.722E-2	8.408E-2	0.121
13.564	-4.191E-2	5.869E-4	4.191E-2	2.238E-2	1.288E-3	2.242E-2	-0.675	0.115	0.685
13.580	-4.174E-2	7.254E-4	4.175E-2	7.280E-3	2.906E-3	7.839E-3	-0.477	-0.188	0.513
13.597	-4.166E-2	6.839E-4	4.167E-2	7.206E-3	-6.898E-3	9.975E-3	-0.122	-0.229	0.260
13.614	-4.150E-2	4.952E-4	4.151E-2	4.927E-3	-5.996E-3	7.760E-3	-0.178	0.242	0.300
13.630	-4.150E-2	4.838E-4	4.150E-2	-3.333E-4	2.822E-3	2.842E-3	0.304	0.222	0.376
13.647	-4.151E-2	5.894E-4	4.152E-2	1.351E-2	2.230E-3	1.369E-2	0.822	-0.125	0.831
13.664	-4.105E-2	5.582E-4	4.105E-2	3.087E-2	-2.864E-3	3.100E-2	0.159	-8.080E-3	0.160
13.680	-4.048E-2	4.938E-4	4.049E-2	1.964E-2	1.496E-3	1.970E-2	-0.493	9.217E-2	0.502
13.697	-4.039E-2	6.081E-4	4.040E-2	9.380E-3	2.506E-3	9.709E-3	-0.558	-7.147E-3	0.558
13.714	-4.017E-2	5.774E-4	4.017E-2	5.309E-3	-8.865E-4	5.382E-3	0.130	-0.197	0.236
13.730	-4.022E-2	5.785E-4	4.022E-2	9.187E-3	-2.770E-3	9.595E-3	5.658E-2	0.198	0.205
13.747	-3.986E-2	4.850E-4	3.987E-2	1.290E-2	3.461E-3	1.335E-2	0.391	0.127	0.411
13.764	-3.978E-2	6.940E-4	3.979E-2	1.651E-2	5.480E-3	1.740E-2	-7.344E-2	-0.119	0.140
13.780	-3.931E-2	6.679E-4	3.932E-2	1.664E-2	-3.549E-3	1.702E-2	-1.663E-2	-0.147	0.148
13.797	-3.923E-2	5.756E-4	3.923E-2	1.020E-2	1.855E-4	1.020E-2	-8.022E-2	8.290E-2	0.115
13.814	-3.897E-2	6.740E-4	3.898E-2	1.690E-2	1.729E-3	1.699E-2	0.141	3.852E-2	0.146
13.830	-3.867E-2	6.333E-4	3.867E-2	1.505E-2	-7.762E-4	1.507E-2	-9.509E-3	-3.219E-2	3.357E-2
13.847	-3.847E-2	6.481E-4	3.848E-2	1.495E-2	1.623E-3	1.504E-2	9.785E-3	4.684E-2	4.785E-2
13.864	-3.817E-2	6.874E-4	3.817E-2	1.696E-2	9.571E-4	1.699E-2	-0.111	-2.602E-2	0.114
13.881	-3.790E-2	6.801E-4	3.791E-2	1.110E-2	1.644E-4	1.110E-2	-6.958E-2	-0.120	0.138
13.897	-3.780E-2	6.929E-4	3.780E-2	1.262E-2	-2.236E-3	1.282E-2	-0.198	-2.066E-2	0.199
13.914	-3.748E-2	6.055E-4	3.749E-2	8.385E-3	-1.941E-3	8.607E-3	-0.194	7.494E-3	0.195
13.931	-3.752E-2	6.281E-4	3.752E-2	1.757E-3	-3.675E-4	1.795E-3	-0.170	8.432E-2	0.190
13.947	-3.742E-2	5.932E-4	3.743E-2	5.300E-3	-3.424E-4	5.311E-3	7.293E-2	2.771E-2	7.801E-2
13.964	-3.734E-2	6.167E-4	3.734E-2	3.785E-3	1.317E-3	4.007E-3	0.158	-0.146	0.215
13.981	-3.730E-2	6.372E-4	3.730E-2	9.270E-3	-4.647E-3	1.037E-2	0.336	-0.118	0.356
13.997	-3.703E-2	4.616E-4	3.703E-2	1.700E-2	-5.070E-3	1.774E-2	0.306	-7.051E-3	0.306
14.014	-3.673E-2	4.680E-4	3.673E-2	1.867E-2	-2.128E-3	1.879E-2	-9.798E-2	0.288	0.304
14.031	-3.641E-2	3.906E-4	3.641E-2	1.451E-2	2.078E-3	1.466E-2	-0.641	0.249	0.688
14.047	-3.625E-2	5.373E-4	3.625E-2	-2.507E-3	8.498E-3	8.860E-3	-0.272	6.072E-2	0.278
14.064	-3.649E-2	6.742E-4	3.650E-2	5.194E-4	3.704E-3	3.740E-3	5.570E-2	-0.187	0.195
14.081	-3.623E-2	6.609E-4	3.624E-2	6.691E-3	7.794E-4	6.736E-3	8.338E-2	-0.379	0.388
14.097	-3.627E-2	7.002E-4	3.627E-2	-1.532E-3	-6.559E-3	6.735E-3	-0.202	-9.589E-2	0.224
14.114	-3.628E-2	4.420E-4	3.628E-2	1.162E-3	-6.478E-3	6.581E-3	-1.136E-2	0.222	0.222
14.131	-3.623E-2	4.840E-4	3.623E-2	-8.906E-4	4.422E-3	4.511E-3	-8.898E-2	0.345	0.356
14.147	-3.631E-2	5.896E-4	3.632E-2	-3.435E-3	4.546E-3	5.698E-3	-6.534E-2	-0.109	0.127
14.164	-3.634E-2	6.357E-4	3.635E-2	-2.071E-3	3.522E-4	2.101E-3	0.172	-0.214	0.275
14.181	-3.638E-2	6.013E-4	3.638E-2	1.550E-3	-2.902E-3	3.290E-3	-0.145	-5.740E-2	0.156
14.198	-3.629E-2	5.389E-4	3.630E-2	-4.446E-3	-1.744E-3	4.776E-3	6.444E-3	9.391E-2	9.413E-2
14.214	-3.653E-2	5.432E-4	3.653E-2	-3.116E-3	8.388E-4	3.227E-3	9.038E-2	7.974E-2	0.121
14.231	-3.640E-2	5.669E-4	3.640E-2	3.712E-3	8.761E-4	3.814E-3	0.187	9.421E-2	0.210
14.248	-3.640E-2	5.724E-4	3.641E-2	2.490E-4	3.316E-3	3.325E-3	-0.107	-3.161E-2	0.111
14.264	-3.639E-2	6.775E-4	3.639E-2	9.649E-4	1.446E-3	1.739E-3	-0.118	-0.170	0.207
14.281	-3.637E-2	6.206E-4	3.638E-2	-3.208E-3	-4.071E-3	5.183E-3	-2.556E-2	2.265E-3	2.566E-2
14.298	-3.649E-2	5.417E-4	3.650E-2	-1.852E-3	1.182E-3	2.197E-3	-6.687E-3	8.351E-2	8.378E-2
14.314	-3.643E-2	6.601E-4	3.644E-2	-6.549E-4	1.324E-3	1.477E-3	-2.720E-2	-1.187E-2	2.968E-2
14.331	-3.652E-2	5.859E-4	3.652E-2	-4.796E-3	-2.050E-3	5.216E-3	-3.637E-2	-0.127	0.133
14.348	-3.659E-2	5.917E-4	3.660E-2	-1.637E-3	-1.198E-3	2.029E-3	0.153	2.944E-2	0.155
14.364	-3.657E-2	5.459E-4	3.658E-2	1.157E-3	-1.963E-3	2.279E-3	-0.375	1.495E-2	0.375
14.381	-3.656E-2	5.262E-4	3.656E-2	-1.269E-2	-3.718E-4	1.269E-2			
14.398	-3.699E-2	5.335E-4	3.700E-2						
