	mass B									
t	x	y	r	vx	vy	v	ax	ay	a	
0.000	1.453E-4	6.052E-4	6.224E-4						
0.017	1.561E-4	5.649E-4	5.860E-4	1.978E-3	-2.742E-3	3.381E-3			
0.033	2.113E-4	5.137E-4	5.555E-4	-3.051E-3	1.238E-3	3.293E-3	-9.075E-2	0.115	0.146
0.050	5.433E-5	6.062E-4	6.086E-4	-3.850E-3	2.757E-3	4.735E-3	0.141	-2.202E-2	0.142
0.067	8.282E-5	6.057E-4	6.113E-4	3.836E-3	-7.971E-4	3.918E-3	0.198	-6.464E-2	0.208
0.083	1.823E-4	5.796E-4	6.076E-4	2.984E-3	4.855E-4	3.023E-3	0.104	-5.455E-3	0.104
0.100	1.824E-4	6.219E-4	6.481E-4	5.373E-3	6.946E-5	5.373E-3	-8.319E-2	-4.197E-2	9.318E-2
0.117	3.616E-4	5.819E-4	6.851E-4	3.240E-3	-1.974E-3	3.794E-3	-0.100	5.497E-2	0.115
0.133	2.905E-4	5.560E-4	6.274E-4	-1.312E-3	1.886E-3	2.298E-3	-0.190	4.878E-2	0.196
0.150	3.178E-4	6.448E-4	7.189E-4	-8.347E-4	1.168E-3	1.436E-3	-6.256E-2	-7.180E-2	9.523E-2
0.167	2.626E-4	5.950E-4	6.504E-4	-4.375E-3	-2.287E-3	4.937E-3	-4.425E-2	-8.481E-2	9.566E-2
0.184	1.718E-4	5.685E-4	5.939E-4	-2.660E-3	-9.584E-4	2.827E-3	6.759E-2	0.136	0.151
0.200	1.739E-4	5.630E-4	5.893E-4	-1.011E-3	1.985E-3	2.228E-3	8.852E-2	4.766E-2	0.101
0.217	1.381E-4	6.348E-4	6.496E-4	-6.420E-4	1.590E-3	1.715E-3	0.128	-3.514E-2	0.132
0.234	1.525E-4	6.161E-4	6.347E-4	3.469E-3	-3.954E-4	3.492E-3	8.554E-2	-0.113	0.142
0.250	2.539E-4	6.216E-4	6.714E-4	3.161E-3	-1.360E-3	3.441E-3	4.917E-2	6.558E-3	4.960E-2
0.267	2.579E-4	5.707E-4	6.263E-4	3.445E-3	-1.048E-3	3.601E-3	-5.289E-2	-2.152E-2	5.710E-2
0.284	3.688E-4	5.866E-4	6.929E-4	3.218E-3	-9.879E-4	3.366E-3	-0.191	2.725E-2	0.193
0.300	3.653E-4	5.378E-4	6.501E-4	-3.861E-3	-1.222E-3	4.050E-3	-0.173	5.292E-2	0.181
0.317	2.400E-4	5.458E-4	5.963E-4	-3.654E-3	1.410E-3	3.916E-3	-1.167E-2	0.110	0.111
0.334	2.434E-4	5.848E-4	6.334E-4	-2.274E-3	2.460E-3	3.350E-3	0.108	-8.930E-2	0.140
0.350	1.642E-4	6.279E-4	6.490E-4	-1.748E-3	-1.136E-3	2.085E-3	5.434E-2	-0.115	0.127
0.367	1.851E-4	5.469E-4	5.774E-4	8.133E-4	-2.747E-3	2.865E-3	0.104	2.555E-2	0.107
0.384	1.913E-4	5.362E-4	5.693E-4	1.076E-3	6.637E-4	1.265E-3	-6.095E-2	0.151	0.163
0.400	2.210E-4	5.691E-4	6.105E-4	-6.148E-4	2.316E-3	2.396E-3	-2.131E-2	-4.470E-2	4.952E-2
0.417	1.708E-4	6.135E-4	6.369E-4	-7.426E-4	-4.667E-4	8.771E-4	3.838E-3	-7.617E-2	7.627E-2
0.434	1.962E-4	5.535E-4	5.872E-4	6.304E-4	-1.474E-3	1.603E-3	4.366E-2	-7.392E-2	8.585E-2
0.450	1.918E-4	5.644E-4	5.961E-4	8.535E-5	-1.562E-3	1.565E-3	-7.485E-2	-0.196	0.210
0.467	1.990E-4	5.014E-4	5.394E-4	-1.381E-3	-8.301E-3	8.415E-3	-1.855E-2	1.180E-2	2.198E-2
0.484	1.457E-4	2.874E-4	3.222E-4	-1.363E-3	-3.480E-3	3.738E-3	2.313E-2	-8.953E-2	9.247E-2
0.500	1.536E-4	3.852E-4	4.147E-4	2.103E-4	-6.242E-3	6.245E-3	9.827E-2	-0.422	0.434
0.517	1.528E-4	7.912E-5	1.720E-4	1.377E-3	-2.186E-2	2.191E-2	2.946E-2	-0.502	0.503
0.534	1.995E-4	-3.443E-4	3.979E-4	1.783E-3	-2.266E-2	2.273E-2	7.234E-2	-0.196	0.209
0.551	2.123E-4	-6.769E-4	7.094E-4	2.980E-3	-2.622E-2	2.639E-2	-0.226	7.641E-2	0.239
0.567	2.989E-4	-1.219E-3	1.255E-3	-3.710E-3	-2.357E-2	2.386E-2	1.524E-2	-0.170	0.171
0.584	8.847E-5	-1.463E-3	1.466E-3	-1.028E-3	-2.672E-2	2.674E-2	-2.467E-2	-7.865E-2	8.243E-2
0.601	2.646E-4	-2.111E-3	2.127E-3	1.363E-3	-3.191E-2	3.194E-2	9.953E-2	-0.207	0.230
0.617	1.340E-4	-2.528E-3	2.532E-3	-2.720E-3	-2.932E-2	2.944E-2	-4.786E-2	7.228E-2	8.669E-2
0.634	1.739E-4	-3.089E-3	3.094E-3	2.522E-3	-3.196E-2	3.206E-2	0.229	-0.191	0.298
0.651	2.181E-4	-3.594E-3	3.601E-3	4.040E-3	-3.406E-2	3.430E-2	-0.388	-0.242	0.457
0.667	3.087E-4	-4.225E-3	4.237E-3	-8.099E-3	-4.091E-2	4.171E-2	-0.214	-0.189	0.285
0.684	-5.210E-5	-4.959E-3	4.960E-3	-8.976E-3	-4.111E-2	4.208E-2	0.202	1.675E-2	0.203
0.701	9.165E-6	-5.597E-3	5.597E-3	4.123E-3	-3.898E-2	3.920E-2	0.542	-0.121	0.555
0.717	8.548E-5	-6.260E-3	6.261E-3	7.062E-3	-4.502E-2	4.557E-2	-0.161	-0.443	0.471
0.734	2.448E-4	-7.099E-3	7.103E-3	6.716E-4	-5.455E-2	5.456E-2	-0.212	-8.522E-2	0.229
0.751	1.079E-4	-8.080E-3	8.081E-3	-3.578E-3	-4.963E-2	4.976E-2	-7.787E-2	0.223	0.236
0.767	1.254E-4	-8.755E-3	8.756E-3	7.116E-4	-4.345E-2	4.346E-2	9.675E-2	-0.226	0.246
0.784	1.316E-4	-9.530E-3	9.531E-3	-9.222E-4	-5.773E-2	5.774E-2	-2.471E-2	-0.217	0.218
0.801	9.461E-5	-1.068E-2	1.068E-2	-6.581E-4	-5.543E-2	5.543E-2	-0.119	-5.415E-3	0.119
0.817	1.097E-4	-1.138E-2	1.138E-2	-3.622E-3	-5.110E-2	5.122E-2	0.170	-9.945E-2	0.197
0.834	-2.625E-5	-1.239E-2	1.239E-2	2.056E-3	-6.296E-2	6.299E-2	0.261	-0.388	0.468
0.851	1.783E-4	-1.348E-2	1.348E-2	9.097E-3	-6.373E-2	6.438E-2	-0.245	0.261	0.358
0.868	2.773E-4	-1.451E-2	1.452E-2	-6.688E-3	-5.441E-2	5.482E-2	-0.333	7.871E-2	0.342
0.884	-4.487E-5	-1.530E-2	1.530E-2	-6.923E-3	-5.769E-2	5.811E-2	0.131	-0.428	0.448
0.901	4.629E-5	-1.644E-2	1.644E-2	3.317E-3	-7.230E-2	7.238E-2	0.200	-0.398	0.446
0.918	6.583E-5	-1.771E-2	1.771E-2	-2.149E-3	-7.124E-2	7.127E-2	-9.343E-2	-7.566E-3	9.374E-2
0.934	-2.541E-5	-1.882E-2	1.882E-2	-1.070E-3	-7.007E-2	7.008E-2	3.258E-2	0.188	0.191
0.951	3.011E-5	-2.005E-2	2.005E-2	1.002E-3	-6.762E-2	6.763E-2	-0.120	-5.779E-2	0.133
0.968	8.013E-6	-2.107E-2	2.107E-2	-5.737E-3	-6.866E-2	6.890E-2	0.106	0.195	0.222
0.984	-1.613E-4	-2.234E-2	2.234E-2	1.877E-3	-6.555E-2	6.558E-2	1.458E-2	-0.240	0.240
1.001	7.065E-5	-2.326E-2	2.326E-2	7.019E-4	-7.049E-2	7.049E-2	-3.333E-2	-0.566	0.567
1.018	-1.379E-4	-2.469E-2	2.469E-2	-5.697E-3	-8.973E-2	8.991E-2	-0.362	-0.500	0.617
1.034	-1.194E-4	-2.625E-2	2.625E-2	-6.455E-3	-8.707E-2	8.731E-2	0.270	7.254E-2	0.279
1.051	-3.533E-4	-2.759E-2	2.760E-2	-1.598E-3	-8.430E-2	8.432E-2	0.223	0.324	0.393
1.068	-1.728E-4	-2.907E-2	2.907E-2	6.257E-3	-7.953E-2	7.978E-2	0.190	-0.135	0.233
1.084	-1.445E-4	-3.025E-2	3.025E-2	1.655E-3	-8.393E-2	8.395E-2	-0.222	0.456	0.507
1.101	-1.175E-4	-3.187E-2	3.187E-2	-2.397E-4	-7.274E-2	7.274E-2	-9.753E-2	0.566	0.574
1.118	-1.525E-4	-3.268E-2	3.268E-2	-2.121E-3	-5.530E-2	5.534E-2	-0.149	0.420	0.445
1.134	-1.883E-4	-3.371E-2	3.371E-2	-4.610E-3	-6.388E-2	6.404E-2	-0.451	-0.195	0.492
1.151	-3.063E-4	-3.481E-2	3.481E-2	-1.652E-2	-6.190E-2	6.407E-2	-0.132	0.565	0.581
1.168	-7.397E-4	-3.578E-2	3.578E-2	-1.320E-2	-4.548E-2	4.736E-2	0.138	0.629	0.644
1.185	-7.467E-4	-3.632E-2	3.633E-2	-6.117E-3	-3.723E-2	3.773E-2	0.221	0.436	0.489
1.201	-9.438E-4	-3.702E-2	3.703E-2	-9.586E-3	-3.494E-2	3.623E-2	3.700E-2	0.277	0.280
1.218	-1.067E-3	-3.749E-2	3.751E-2	-3.924E-3	-2.580E-2	2.610E-2	-0.140	0.168	0.219
1.235	-1.075E-3	-3.788E-2	3.790E-2	-1.196E-2	-2.880E-2	3.118E-2	-5.890E-3	-0.147	0.147
1.251	-1.466E-3	-3.845E-2	3.848E-2	-9.833E-3	-3.282E-2	3.427E-2	9.965E-2	-0.339	0.353
1.268	-1.403E-3	-3.898E-2	3.900E-2	-2.251E-3	-3.797E-2	3.804E-2	0.345	-6.707E-2	0.352
1.285	-1.541E-3	-3.972E-2	3.975E-2	-2.761E-3	-3.808E-2	3.818E-2	-0.425	-0.134	0.446
1.301	-1.495E-3	-4.025E-2	4.027E-2	-1.192E-2	-3.863E-2	4.043E-2	-0.467	-0.366	0.593
1.318	-1.938E-3	-4.101E-2	4.105E-2	-2.372E-2	-5.230E-2	5.742E-2	2.112E-2	-0.443	0.443
1.335	-2.286E-3	-4.199E-2	4.205E-2	-9.867E-3	-5.487E-2	5.575E-2	0.358	0.197	0.409
1.351	-2.268E-3	-4.284E-2	4.290E-2	-7.764E-3	-4.453E-2	4.520E-2	-0.124	-0.106	0.163
1.368	-2.545E-3	-4.348E-2	4.355E-2	-1.792E-2	-5.482E-2	5.767E-2	-0.355	-0.463	0.583
1.385	-2.865E-3	-4.467E-2	4.476E-2	-1.876E-2	-6.634E-2	6.894E-2	0.339	-0.266	0.431
1.401	-3.171E-3	-4.569E-2	4.580E-2	-7.811E-3	-6.007E-2	6.057E-2	5.762E-2	0.540	0.543
1.418	-3.126E-3	-4.667E-2	4.678E-2	-1.182E-2	-4.996E-2	5.134E-2	9.467E-2	0.124	0.156
1.435	-3.566E-3	-4.736E-2	4.749E-2	-1.231E-2	-5.201E-2	5.344E-2	-2.810E-2	-0.268	0.269
1.451	-3.537E-3	-4.841E-2	4.854E-2	-5.626E-3	-6.325E-2	6.350E-2	-1.688E-2	-0.451	0.451
1.468	-3.753E-3	-4.947E-2	4.961E-2	-1.647E-2	-6.532E-2	6.736E-2	-0.481	-0.216	0.527
1.485	-4.086E-3	-5.059E-2	5.075E-2	-2.141E-2	-7.044E-2	7.363E-2	5.074E-2	-0.425	0.428
1.501	-4.468E-3	-5.182E-2	5.201E-2	-1.571E-2	-7.941E-2	8.095E-2	0.353	0.198	0.405
1.518	-4.611E-3	-5.324E-2	5.344E-2	-7.522E-3	-6.749E-2	6.790E-2	-0.174	4.408E-2	0.179
1.535	-4.719E-3	-5.407E-2	5.427E-2	-2.026E-2	-6.935E-2	7.225E-2	2.668E-2	-0.134	0.137
1.552	-5.287E-3	-5.555E-2	5.580E-2	-1.364E-2	-8.111E-2	8.225E-2	0.414	-0.542	0.682
1.568	-5.174E-3	-5.678E-2	5.701E-2	2.034E-3	-8.134E-2	8.137E-2	0.222	-0.228	0.318
1.585	-5.219E-3	-5.826E-2	5.850E-2	-9.528E-3	-9.171E-2	9.220E-2	-0.637	0.228	0.677
1.602	-5.492E-3	-5.984E-2	6.009E-2	-1.997E-2	-7.592E-2	7.850E-2	8.389E-2	1.309	1.312
1.618	-5.885E-3	-6.080E-2	6.108E-2	-8.891E-3	-4.435E-2	4.524E-2	-0.118	2.116	2.120
1.635	-5.788E-3	-6.132E-2	6.159E-2	-1.607E-2	-7.485E-3	1.773E-2	-0.180	1.757	1.766
1.652	-6.421E-3	-6.105E-2	6.138E-2	-2.508E-2	1.873E-2	3.131E-2	-8.111E-2	4.907	4.907
1.668	-6.625E-3	-6.069E-2	6.105E-2	-1.200E-2	0.137	0.138	0.130	5.131	5.132
1.685	-6.822E-3	-5.647E-2	5.688E-2	-2.120E-2	0.226	0.227	-0.451	1.523	1.589
1.702	-7.333E-3	-5.314E-2	5.364E-2	-2.987E-2	0.168	0.171	5.603E-2	-1.352	1.353
1.718	-7.819E-3	-5.086E-2	5.145E-2	-1.919E-2	0.171	0.172	0.259	1.487	1.509
1.735	-7.973E-3	-4.743E-2	4.809E-2	-1.735E-2	0.229	0.230	0.349	2.043	2.073
1.752	-8.398E-3	-4.322E-2	4.402E-2	-1.306E-2	0.243	0.243	-8.612E-2	0.883	0.888
1.768	-8.409E-3	-3.934E-2	4.022E-2	-1.367E-2	0.250	0.250	0.235	0.727	0.764
1.785	-8.854E-3	-3.488E-2	3.599E-2	-1.270E-2	0.272	0.273	6.688E-2	0.995	0.997
1.802	-8.832E-3	-3.025E-2	3.151E-2	-4.731E-3	0.282	0.282	0.521	0.555	0.761
1.818	-9.011E-3	-2.549E-2	2.704E-2	-5.016E-4	0.290	0.290	0.422	0.465	0.628
1.835	-8.849E-3	-2.056E-2	2.238E-2	1.270E-2	0.298	0.298	0.274	1.433	1.459
1.852	-8.588E-3	-1.556E-2	1.777E-2	8.995E-3	0.333	0.333	8.504E-2	1.445	1.447
1.869	-8.549E-3	-9.437E-3	1.273E-2	1.184E-2	0.357	0.357	-0.299	2.180	2.200
1.885	-8.192E-3	-3.660E-3	8.973E-3	5.039E-3	0.392	0.392	0.158	1.602	1.610
1.902	-8.381E-3	3.636E-3	9.136E-3	8.293E-3	0.426	0.426	0.391	1.119	1.185
1.919	-7.916E-3	1.056E-2	1.320E-2	2.626E-2	0.419	0.420	0.445	-0.545	0.704
1.935	-7.505E-3	1.761E-2	1.915E-2	2.046E-2	0.412	0.413	-0.739	-1.033	1.270
1.952	-7.233E-3	2.431E-2	2.537E-2	2.586E-3	0.383	0.383	-0.455	-1.306	1.383
1.969	-7.419E-3	3.041E-2	3.130E-2	3.239E-4	0.365	0.365	0.397	-0.960	1.039
1.985	-7.222E-3	3.649E-2	3.720E-2	1.990E-2	0.355	0.356	0.407	-0.384	0.560
2.002	-6.755E-3	4.226E-2	4.280E-2	1.627E-2	0.349	0.349	-0.504	-0.694	0.858
2.019	-6.679E-3	4.814E-2	4.860E-2	-6.984E-4	0.337	0.337	-0.592	-0.742	0.949
2.035	-6.778E-3	5.349E-2	5.392E-2	-3.619E-3	0.320	0.320	-0.133	-0.864	0.874
2.052	-6.800E-3	5.880E-2	5.919E-2	-3.444E-3	0.311	0.311	0.176	-0.350	0.392
2.069	-6.893E-3	6.386E-2	6.423E-2	4.489E-4	0.306	0.306	-0.243	-0.273	0.366
2.085	-6.785E-3	6.900E-2	6.933E-2	-7.538E-3	0.304	0.304	9.030E-2	-0.237	0.253
2.102	-7.144E-3	7.400E-2	7.434E-2	-3.915E-3	0.297	0.297	8.690E-2	-0.449	0.458
2.119	-6.916E-3	7.889E-2	7.920E-2	3.811E-3	0.289	0.289	0.125	-0.438	0.456
2.135	-7.017E-3	8.365E-2	8.394E-2	-5.209E-3	0.282	0.282	-3.427E-2	-0.876	0.877
2.152	-7.089E-3	8.829E-2	8.858E-2	3.249E-3	0.262	0.262	0.608	-0.626	0.873
2.169	-6.909E-3	9.239E-2	9.265E-2	1.633E-2	0.255	0.256	0.315	-0.422	0.526
2.186	-6.545E-3	9.681E-2	9.703E-2	1.519E-2	0.255	0.255	-0.214	-0.253	0.331
2.202	-6.402E-3	0.101	0.101	6.773E-3	0.243	0.243	-0.511	-0.770	0.924
2.219	-6.319E-3	0.105	0.105	-6.203E-4	0.231	0.231	-0.624	-0.172	0.647
2.236	-6.423E-3	0.109	0.109	-1.426E-2	0.233	0.233	-1.707E-2	-0.623	0.623
2.252	-6.794E-3	0.113	0.113	-5.128E-3	0.219	0.219	0.767	-0.663	1.013
2.269	-6.594E-3	0.116	0.116	1.670E-2	0.201	0.201	0.643	-0.626	0.897
2.286	-6.237E-3	0.119	0.120	1.599E-2	0.204	0.205	-0.566	-0.204	0.602
2.302	-6.060E-3	0.123	0.123	-2.530E-3	0.193	0.193	-0.327	-0.218	0.392
2.319	-6.322E-3	0.126	0.126	-1.135E-4	0.194	0.194	-0.220	-0.272	0.350
2.336	-6.064E-3	0.129	0.129	-1.179E-3	0.189	0.189	-7.019E-2	-0.189	0.201
2.352	-6.361E-3	0.132	0.132	-1.047E-2	0.182	0.182	-0.188	-0.657	0.683
2.369	-6.413E-3	0.135	0.135	-3.015E-3	0.173	0.173	0.525	-0.298	0.604
2.386	-6.462E-3	0.138	0.138	4.924E-3	0.166	0.166	0.145	-0.478	0.500
2.402	-6.249E-3	0.141	0.141	5.135E-3	0.163	0.163	-0.103	-4.828E-3	0.103
2.419	-6.290E-3	0.143	0.143	-1.869E-3	0.160	0.160	-0.218	-0.403	0.459
2.436	-6.312E-3	0.146	0.146	-9.421E-4	0.155	0.155	-1.340E-3	-0.572	0.572
2.452	-6.322E-3	0.148	0.149	-1.740E-3	0.137	0.137	3.869E-2	-0.817	0.817
2.469	-6.370E-3	0.151	0.151	-3.793E-4	0.129	0.129	0.247	0.194	0.314
2.486	-6.334E-3	0.153	0.153	6.717E-3	0.141	0.141	-0.522	0.200	0.559
2.502	-6.145E-3	0.155	0.156	-1.333E-2	0.142	0.143	-0.604	0.434	0.744
2.519	-6.779E-3	0.158	0.158	-2.324E-2	0.147	0.148	0.146	-0.398	0.424
2.536	-6.921E-3	0.160	0.160	-1.698E-3	0.140	0.140	0.558	-0.356	0.662
2.553	-6.836E-3	0.162	0.162	-3.541E-3	0.124	0.124	-0.153	-0.693	0.710
2.569	-7.039E-3	0.164	0.165	-1.049E-2	0.124	0.124	1.293E-2	0.155	0.155
2.586	-7.186E-3	0.166	0.167	-2.313E-3	0.124	0.124	0.262	-0.348	0.436
2.603	-7.116E-3	0.169	0.169	3.882E-4	0.118	0.118	-1.627E-2	0.236	0.236
2.619	-7.173E-3	0.170	0.170	-4.676E-3	0.124	0.124	-0.331	-9.345E-2	0.344
2.636	-7.272E-3	0.173	0.173	-9.917E-3	0.125	0.126	0.209	-0.458	0.503
2.653	-7.504E-3	0.174	0.175	-5.640E-4	0.101	0.101	3.931E-2	-0.824	0.825
2.669	-7.291E-3	0.176	0.176	-2.116E-3	9.846E-2	9.849E-2	-1.967E-2	-0.374	0.375
2.686	-7.574E-3	0.178	0.178	-8.567E-3	9.175E-2	9.215E-2	-4.303E-3	-7.274E-2	7.287E-2
2.703	-7.577E-3	0.179	0.179	1.962E-3	9.143E-2	9.145E-2	0.188	0.304	0.358
2.719	-7.509E-3	0.181	0.181	-2.006E-3	0.105	0.105	-0.410	0.313	0.516
2.736	-7.644E-3	0.183	0.183	-1.306E-2	0.103	0.104	-0.210	-0.230	0.312
2.753	-7.945E-3	0.184	0.184	-1.062E-2	9.514E-2	9.573E-2	0.324	-0.727	0.796
2.769	-7.998E-3	0.186	0.186	1.017E-4	8.124E-2	8.124E-2	0.245	8.446E-2	0.259
2.786	-7.941E-3	0.187	0.187	-1.817E-3	9.097E-2	9.099E-2	-0.337	0.189	0.386
2.803	-8.059E-3	0.189	0.189	-1.234E-2	9.825E-2	9.903E-2	-0.198	0.110	0.227
2.819	-8.353E-3	0.190	0.190	-1.026E-2	8.633E-2	8.693E-2	-0.112	-0.410	0.425
2.836	-8.401E-3	0.192	0.192	-1.192E-2	8.818E-2	8.898E-2	0.376	-0.357	0.519
2.853	-8.751E-3	0.193	0.193	-3.793E-3	7.494E-2	7.504E-2	0.438	-0.235	0.498
2.870	-8.527E-3	0.194	0.194	9.469E-3	7.566E-2	7.625E-2	9.855E-2	0.207	0.229
2.886	-8.435E-3	0.196	0.196	-2.870E-3	8.700E-2	8.705E-2	-0.438	0.273	0.516
2.903	-8.623E-3	0.197	0.197	-7.544E-3	8.327E-2	8.361E-2	1.824E-2	-0.635	0.635
2.920	-8.686E-3	0.198	0.199	-4.597E-4	6.695E-2	6.695E-2	0.380	-0.186	0.423
2.936	-8.639E-3	0.199	0.200	5.207E-3	7.120E-2	7.139E-2	7.244E-2	-7.023E-2	0.101
2.953	-8.513E-3	0.201	0.201	2.824E-3	7.367E-2	7.372E-2	-0.127	0.328	0.352
2.970	-8.544E-3	0.202	0.202	-8.508E-4	7.324E-2	7.324E-2	-0.235	-0.129	0.269
2.986	-8.541E-3	0.203	0.203	-3.524E-3	7.722E-2	7.730E-2	-0.200	-0.319	0.377
3.003	-8.662E-3	0.204	0.205	-8.551E-3	5.858E-2	5.920E-2	-7.873E-2	-0.839	0.842
3.020	-8.826E-3	0.205	0.205	-6.477E-3	4.874E-2	4.917E-2	0.570	-0.364	0.676
3.036	-8.878E-3	0.206	0.206	9.776E-3	4.703E-2	4.803E-2	0.111	0.546	0.557
3.053	-8.500E-3	0.207	0.207	3.196E-3	6.476E-2	6.484E-2	-0.288	0.242	0.377
3.070	-8.771E-3	0.208	0.208	-8.363E-3	6.290E-2	6.345E-2	-0.369	-0.342	0.503
3.086	-8.779E-3	0.209	0.209	-3.617E-3	4.504E-2	4.519E-2	6.587E-2	-0.522	0.527
3.103	-8.892E-3	0.210	0.210	-8.013E-3	4.844E-2	4.909E-2	0.341	0.119	0.361
3.120	-9.047E-3	0.211	0.211	5.708E-3	4.943E-2	4.975E-2	0.343	0.151	0.375
3.136	-8.702E-3	0.211	0.212	9.493E-3	5.243E-2	5.329E-2	-0.130	3.629E-2	0.135
3.153	-8.730E-3	0.212	0.212	-3.669E-3	5.240E-2	5.253E-2	-0.443	-0.185	0.480
3.170	-8.824E-3	0.213	0.213	-4.425E-3	4.510E-2	4.531E-2	0.278	-0.435	0.516
3.187	-8.878E-3	0.214	0.214	5.056E-3	3.798E-2	3.831E-2	-0.123	-6.086E-2	0.137
3.203	-8.655E-3	0.214	0.215	-3.879E-3	4.148E-2	4.166E-2	-7.470E-2	-1.395E-2	7.600E-2
3.220	-9.007E-3	0.215	0.215	-5.722E-3	4.116E-2	4.156E-2	0.287	-4.493E-2	0.291
3.237	-8.846E-3	0.216	0.216	1.218E-2	3.642E-2	3.840E-2	0.241	0.169	0.294
3.253	-8.601E-3	0.216	0.217	2.591E-3	4.746E-2	4.753E-2	-0.300	1.032E-2	0.300
3.270	-8.760E-3	0.217	0.217	-2.644E-3	4.086E-2	4.095E-2	-0.368	-0.267	0.455
3.287	-8.689E-3	0.218	0.218	-4.710E-3	3.221E-2	3.256E-2	0.120	-0.173	0.210
3.303	-8.917E-3	0.218	0.219	-3.636E-3	3.894E-2	3.911E-2	-3.673E-2	0.204	0.207
3.320	-8.810E-3	0.219	0.219	-7.573E-4	3.842E-2	3.843E-2	-0.187	-4.281E-2	0.192
3.337	-8.942E-3	0.220	0.220	-1.267E-2	3.719E-2	3.929E-2	-0.385	-0.201	0.435
3.353	-9.233E-3	0.220	0.220	-1.437E-2	3.243E-2	3.547E-2	-0.191	-0.268	0.329
3.370	-9.422E-3	0.221	0.221	-1.674E-2	2.709E-2	3.184E-2	0.391	-0.237	0.457
3.387	-9.791E-3	0.221	0.221	-5.669E-3	2.509E-2	2.573E-2	-0.256	0.334	0.421
3.403	-9.611E-3	0.222	0.222	-1.597E-2	3.626E-2	3.962E-2	-0.411	-8.857E-2	0.420
3.420	-1.032E-2	0.222	0.223	-3.104E-2	2.868E-2	4.227E-2	-0.158	-0.335	0.371
3.437	-1.065E-2	0.223	0.223	-1.473E-2	1.651E-2	2.213E-2	0.412	2.479E-2	0.413
3.453	-1.082E-2	0.223	0.223	-1.672E-2	3.328E-2	3.725E-2	0.188	0.205	0.278
3.470	-1.120E-2	0.224	0.224	-1.254E-2	2.701E-2	2.978E-2	0.183	-0.187	0.261
3.487	-1.123E-2	0.224	0.224	-5.995E-3	2.019E-2	2.106E-2	-9.813E-2	0.202	0.225
3.503	-1.140E-2	0.224	0.225	-1.752E-2	3.715E-2	4.108E-2	-0.355	0.628	0.721
3.520	-1.182E-2	0.225	0.225	-2.000E-2	4.277E-2	4.721E-2	6.090E-2	-0.207	0.216
3.537	-1.207E-2	0.226	0.226	-1.333E-2	2.967E-2	3.253E-2	0.156	-0.837	0.852
3.554	-1.226E-2	0.226	0.226	-1.451E-2	1.322E-2	1.963E-2	-0.135	-0.367	0.391
3.570	-1.256E-2	0.226	0.227	-1.878E-2	1.583E-2	2.456E-2	-0.260	0.304	0.400
3.587	-1.289E-2	0.227	0.227	-2.272E-2	2.650E-2	3.491E-2	3.984E-2	0.282	0.284
3.604	-1.331E-2	0.227	0.227	-1.898E-2	2.496E-2	3.136E-2	3.547E-2	-0.207	0.210
3.620	-1.352E-2	0.227	0.228	-1.846E-2	1.877E-2	2.632E-2	9.799E-2	-0.180	0.205
3.637	-1.393E-2	0.228	0.228	-1.908E-2	1.828E-2	2.643E-2	-0.121	-0.102	0.159
3.654	-1.416E-2	0.228	0.228	-1.934E-2	1.695E-2	2.572E-2	6.075E-2	0.160	0.171
3.670	-1.458E-2	0.228	0.229	-2.009E-2	2.112E-2	2.915E-2	-9.485E-2	0.203	0.224
3.687	-1.483E-2	0.229	0.229	-1.970E-2	2.679E-2	3.325E-2	-0.311	0.186	0.362
3.704	-1.523E-2	0.229	0.230	-3.138E-2	2.547E-2	4.042E-2	0.184	-0.293	0.346
3.720	-1.588E-2	0.230	0.230	-1.797E-2	1.865E-2	2.590E-2	0.467	-0.205	0.509
3.737	-1.583E-2	0.230	0.230	-7.425E-3	1.566E-2	1.733E-2	-1.458E-2	-0.244	0.245
3.754	-1.613E-2	0.230	0.231	-2.346E-2	1.385E-2	2.725E-2	-0.558	5.462E-3	0.558
3.770	-1.662E-2	0.230	0.231	-2.666E-2	1.258E-2	2.948E-2	0.135	-7.758E-2	0.155
3.787	-1.702E-2	0.231	0.231	-1.818E-2	1.419E-2	2.306E-2	0.176	0.125	0.216
3.804	-1.722E-2	0.231	0.231	-1.864E-2	1.443E-2	2.357E-2	4.908E-2	3.953E-2	6.302E-2
3.820	-1.764E-2	0.231	0.232	-1.987E-2	1.726E-2	2.632E-2	-2.978E-2	0.124	0.128
3.837	-1.788E-2	0.231	0.232	-1.700E-2	1.755E-2	2.444E-2	5.884E-2	-0.267	0.273
3.854	-1.820E-2	0.232	0.232	-1.922E-2	1.012E-2	2.173E-2	0.227	0.176	0.287
3.871	-1.853E-2	0.232	0.232	-1.040E-2	1.833E-2	2.108E-2	-0.456	-0.205	0.500
3.887	-1.855E-2	0.232	0.233	-2.809E-2	1.261E-2	3.079E-2	-0.408	-0.433	0.595
3.904	-1.946E-2	0.232	0.233	-3.562E-2	-5.630E-3	3.606E-2	0.124	-0.299	0.324
3.921	-1.974E-2	0.232	0.233	-1.493E-2	6.080E-3	1.612E-2	0.898	0.236	0.929
3.937	-1.996E-2	0.232	0.233	-8.577E-3	4.908E-3	9.882E-3	0.306	-0.197	0.364
3.954	-2.003E-2	0.232	0.233	-3.640E-3	-3.907E-3	5.339E-3	-0.345	-9.874E-2	0.359
3.971	-2.008E-2	0.232	0.233	-1.855E-2	1.848E-3	1.864E-2	-0.553	0.113	0.564
3.987	-2.065E-2	0.232	0.233	-2.735E-2	2.435E-3	2.746E-2	-0.138	-0.116	0.180
4.004	-2.100E-2	0.232	0.233	-1.943E-2	-4.287E-3	1.990E-2	0.140	-0.320	0.349
4.021	-2.129E-2	0.232	0.233	-2.246E-2	-7.513E-3	2.368E-2	-0.219	1.237E-2	0.219
4.037	-2.175E-2	0.232	0.233	-2.812E-2	-4.938E-3	2.856E-2	0.108	0.147	0.182
4.054	-2.223E-2	0.232	0.233	-1.982E-2	-9.310E-4	1.984E-2	1.772E-2	0.265	0.266
4.071	-2.241E-2	0.232	0.233	-2.294E-2	2.509E-3	2.307E-2	-0.266	-0.151	0.306
4.087	-2.300E-2	0.232	0.233	-3.382E-2	-3.323E-3	3.399E-2	0.391	-0.250	0.464
4.104	-2.354E-2	0.232	0.233	-1.073E-2	-9.714E-3	1.447E-2	0.275	-0.391	0.478
4.121	-2.336E-2	0.232	0.233	-1.502E-2	-1.301E-2	1.987E-2	-0.321	0.118	0.342
4.137	-2.404E-2	0.231	0.233	-3.301E-2	-9.650E-3	3.439E-2	-0.496	-0.200	0.535
4.154	-2.446E-2	0.231	0.233	-2.560E-2	-1.380E-2	2.908E-2	6.775E-4	-0.196	0.196
4.171	-2.489E-2	0.231	0.232	-3.320E-2	-2.251E-2	4.011E-2	0.398	9.917E-2	0.410
4.188	-2.556E-2	0.231	0.232	-1.757E-2	-8.123E-3	1.936E-2	0.464	0.419	0.625
4.204	-2.548E-2	0.231	0.232	-8.247E-3	-5.864E-3	1.012E-2	-0.512	-0.429	0.668
4.221	-2.584E-2	0.230	0.232	-3.925E-2	-2.394E-2	4.598E-2	-0.226	-0.637	0.676
4.238	-2.679E-2	0.230	0.231	-2.362E-2	-3.022E-2	3.836E-2	0.141	-6.693E-2	0.156
4.254	-2.663E-2	0.229	0.231	-1.855E-2	-2.328E-2	2.977E-2	-0.137	0.145	0.199
4.271	-2.741E-2	0.229	0.231	-4.165E-2	-2.514E-2	4.865E-2	-0.567	5.289E-2	0.570
4.288	-2.802E-2	0.229	0.230	-3.263E-2	-2.352E-2	4.022E-2	0.474	-0.647	0.802
4.304	-2.849E-2	0.228	0.230	-2.580E-2	-4.144E-2	4.881E-2	8.266E-2	-0.174	0.193
4.321	-2.888E-2	0.227	0.229	-2.882E-2	-4.015E-2	4.942E-2	5.320E-2	0.369	0.373
4.338	-2.946E-2	0.227	0.229	-2.715E-2	-1.847E-2	3.284E-2	-0.126	0.292	0.318
4.354	-2.978E-2	0.227	0.229	-2.876E-2	-3.298E-2	4.375E-2	0.394	-0.552	0.678
4.371	-3.042E-2	0.226	0.228	-2.020E-2	-4.048E-2	4.524E-2	0.282	0.135	0.313
4.388	-3.046E-2	0.225	0.227	-1.170E-2	-2.689E-2	2.933E-2	0.204	0.495	0.535
4.404	-3.081E-2	0.225	0.227	-1.882E-2	-2.139E-2	2.848E-2	-0.999	-0.642	1.187
4.421	-3.109E-2	0.225	0.227	-3.986E-2	-4.751E-2	6.202E-2	-0.543	-1.077	1.206
4.438	-3.214E-2	0.223	0.226	-4.620E-2	-6.400E-2	7.893E-2	0.206	-3.925E-2	0.209
4.454	-3.263E-2	0.222	0.225	-2.549E-2	-4.573E-2	5.236E-2	0.810	0.749	1.103
4.471	-3.299E-2	0.222	0.224	-2.055E-2	-3.594E-2	4.140E-2	0.657	6.609E-2	0.660
4.488	-3.331E-2	0.221	0.224	-5.844E-3	-4.511E-2	4.549E-2	-1.752E-2	-0.202	0.203
4.504	-3.318E-2	0.220	0.223	-1.419E-2	-4.512E-2	4.730E-2	-0.915	-0.544	1.065
4.521	-3.379E-2	0.220	0.222	-4.362E-2	-5.773E-2	7.235E-2	-1.143	-0.425	1.220
4.538	-3.464E-2	0.218	0.221	-5.123E-2	-6.709E-2	8.441E-2	0.635	-1.211E-2	0.635
4.555	-3.550E-2	0.217	0.220	-2.522E-2	-5.319E-2	5.887E-2	1.124	0.582	1.266
4.571	-3.548E-2	0.217	0.220	-5.261E-3	-4.803E-2	4.832E-2	0.544	0.368	0.656
4.588	-3.567E-2	0.216	0.219	-1.250E-2	-4.194E-2	4.376E-2	-0.468	9.108E-2	0.477
4.605	-3.590E-2	0.215	0.218	-1.939E-2	-4.284E-2	4.703E-2	-7.421E-2	-0.111	0.134
4.621	-3.632E-2	0.214	0.217	-1.765E-2	-4.816E-2	5.130E-2	-0.217	-0.724	0.756
4.638	-3.648E-2	0.214	0.217	-2.187E-2	-6.366E-2	6.731E-2	-0.180	-0.764	0.785
4.655	-3.705E-2	0.212	0.216	-2.887E-2	-7.855E-2	8.369E-2	-0.499	-2.182E-2	0.500
4.671	-3.745E-2	0.211	0.214	-3.398E-2	-6.367E-2	7.217E-2	0.416	0.603	0.733
4.688	-3.818E-2	0.210	0.214	-2.174E-2	-5.413E-2	5.833E-2	0.185	0.141	0.232
4.705	-3.817E-2	0.209	0.213	-1.745E-2	-6.161E-2	6.403E-2	-9.548E-3	3.212E-2	3.351E-2
4.721	-3.876E-2	0.208	0.212	-3.101E-2	-5.488E-2	6.304E-2	-0.730	-0.231	0.766
4.738	-3.921E-2	0.207	0.211	-3.655E-2	-6.329E-2	7.309E-2	-7.601E-2	-0.324	0.333
4.755	-3.998E-2	0.206	0.210	-3.821E-2	-7.360E-2	8.293E-2	0.353	-0.301	0.464
4.771	-4.048E-2	0.205	0.209	-2.208E-2	-6.796E-2	7.146E-2	0.949	0.638	1.143
4.788	-4.072E-2	0.204	0.208	-6.596E-3	-5.627E-2	5.665E-2	-3.933E-2	0.259	0.262
4.805	-4.070E-2	0.203	0.207	-1.940E-2	-5.328E-2	5.670E-2	-0.387	-0.445	0.590
4.821	-4.137E-2	0.202	0.206	-2.813E-2	-7.491E-2	8.002E-2	-0.815	-0.958	1.257
4.838	-4.164E-2	0.201	0.205	-3.733E-2	-8.642E-2	9.413E-2	0.409	6.435E-2	0.414
4.855	-4.261E-2	0.199	0.204	-2.665E-2	-7.361E-2	7.828E-2	0.300	0.744	0.802
4.872	-4.253E-2	0.198	0.203	-1.277E-2	-5.772E-2	5.912E-2	0.194	0.186	0.269
4.888	-4.304E-2	0.197	0.202	-2.984E-2	-6.721E-2	7.354E-2	-0.565	-0.578	0.809
4.905	-4.353E-2	0.196	0.201	-2.895E-2	-8.031E-2	8.537E-2	0.305	0.134	0.333
4.922	-4.401E-2	0.194	0.199	-2.083E-2	-6.413E-2	6.743E-2	5.425E-3	-0.623	0.623
4.938	-4.422E-2	0.194	0.199	-2.485E-2	-8.958E-2	9.296E-2	6.465E-2	-0.102	0.121
4.955	-4.483E-2	0.191	0.197	-2.489E-2	-8.878E-2	9.220E-2	5.835E-2	0.458	0.461
4.972	-4.505E-2	0.191	0.196	-1.722E-2	-5.417E-2	5.684E-2	-0.266	0.613	0.668
4.988	-4.541E-2	0.190	0.195	-3.475E-2	-7.563E-2	8.323E-2	-0.703	-0.619	0.937
5.005	-4.621E-2	0.188	0.194	-4.442E-2	-7.822E-2	8.995E-2	-0.226	-0.201	0.302
5.022	-4.689E-2	0.187	0.193	-3.950E-2	-7.681E-2	8.637E-2	0.164	6.809E-2	0.178
5.038	-4.753E-2	0.186	0.192	-3.901E-2	-8.022E-2	8.920E-2	0.420	-0.549	0.691
5.055	-4.819E-2	0.184	0.191	-2.761E-2	-9.055E-2	9.466E-2	0.369	-0.154	0.400
5.072	-4.845E-2	0.183	0.189	-2.215E-2	-9.217E-2	9.479E-2	0.153	0.258	0.300
5.088	-4.893E-2	0.181	0.188	-2.650E-2	-7.638E-2	8.085E-2	-0.733	-7.548E-2	0.737
5.105	-4.933E-2	0.180	0.187	-4.238E-2	-9.312E-2	0.102	-0.207	-0.291	0.358
5.122	-5.035E-2	0.178	0.185	-4.167E-2	-9.451E-2	0.103	0.271	-0.221	0.350
5.138	-5.072E-2	0.177	0.184	-2.499E-2	-9.064E-2	9.403E-2	0.692	0.624	0.931
5.155	-5.118E-2	0.175	0.183	-2.261E-2	-8.329E-2	8.631E-2	-0.278	-0.318	0.422
5.172	-5.148E-2	0.174	0.182	-3.079E-2	-8.925E-2	9.441E-2	-0.218	0.264	0.342
5.189	-5.221E-2	0.172	0.180	-3.539E-2	-8.924E-2	9.600E-2	-0.802	-0.212	0.830
5.205	-5.266E-2	0.171	0.179	-5.010E-2	-8.180E-2	9.592E-2	-0.391	-0.282	0.482
5.222	-5.388E-2	0.169	0.178	-5.828E-2	-0.107	0.122	-5.854E-2	-0.900	0.902
5.239	-5.460E-2	0.168	0.176	-4.443E-2	-0.111	0.120	1.091	0.524	1.210
5.255	-5.536E-2	0.166	0.175	-2.689E-2	-9.100E-2	9.489E-2	0.156	-0.170	0.231
5.272	-5.550E-2	0.165	0.174	-3.066E-2	-0.107	0.111	-0.435	-0.445	0.622
5.289	-5.638E-2	0.162	0.172	-5.068E-2	-0.121	0.131	-0.489	-0.154	0.513
5.305	-5.719E-2	0.161	0.170	-4.385E-2	-0.102	0.111	0.298	0.828	0.880
5.322	-5.785E-2	0.159	0.169	-3.966E-2	-9.702E-2	0.105	0.175	0.115	0.209
5.339	-5.852E-2	0.157	0.168	-3.897E-2	-9.561E-2	0.103	-0.368	-0.405	0.547
5.355	-5.915E-2	0.156	0.166	-4.984E-2	-0.111	0.121	0.205	-0.435	0.481
5.372	-6.018E-2	0.154	0.165	-3.897E-2	-0.114	0.120	0.194	-0.344	0.395
5.389	-6.045E-2	0.152	0.163	-3.276E-2	-0.117	0.121	0.370	0.361	0.517
5.405	-6.127E-2	0.150	0.162	-3.648E-2	-0.109	0.115	-0.274	-0.238	0.363
5.422	-6.167E-2	0.148	0.161	-3.430E-2	-0.114	0.119	-0.228	0.381	0.444
5.439	-6.242E-2	0.146	0.159	-4.852E-2	-0.110	0.120	-0.477	-0.132	0.495
5.455	-6.328E-2	0.145	0.158	-4.996E-2	-0.104	0.115	0.164	-0.239	0.290
5.472	-6.408E-2	0.142	0.156	-4.270E-2	-0.128	0.135	0.287	-0.269	0.394
5.489	-6.471E-2	0.140	0.154	-3.895E-2	-0.113	0.119	3.563E-2	0.467	0.468
5.505	-6.538E-2	0.139	0.153	-4.240E-2	-0.106	0.114	0.167	0.652	0.673
5.522	-6.612E-2	0.137	0.152	-3.507E-2	-9.882E-2	0.105	7.884E-3	-0.662	0.662
5.539	-6.655E-2	0.135	0.151	-3.752E-2	-0.116	0.122	-0.137	-0.227	0.265
5.556	-6.738E-2	0.133	0.149	-4.495E-2	-0.123	0.131	-0.461	-0.435	0.633
5.572	-6.805E-2	0.131	0.148	-4.881E-2	-0.115	0.125	0.399	-1.301E-2	0.399
5.589	-6.900E-2	0.129	0.146	-3.740E-2	-0.134	0.139	0.377	-2.085E-2	0.377
5.606	-6.930E-2	0.127	0.145	-2.801E-2	-0.115	0.118	-0.182	9.975E-2	0.208
5.622	-6.994E-2	0.125	0.143	-4.782E-2	-0.122	0.131	-0.616	-0.130	0.630
5.639	-7.090E-2	0.123	0.142	-5.080E-2	-0.131	0.140	0.111	-0.170	0.203
5.656	-7.163E-2	0.121	0.140	-4.126E-2	-0.119	0.126	-6.726E-2	0.358	0.365
5.672	-7.227E-2	0.119	0.139	-5.130E-2	-0.122	0.133	-5.262E-2	0.128	0.138
5.689	-7.335E-2	0.117	0.138	-4.927E-2	-0.115	0.125	0.279	-0.179	0.332
5.706	-7.392E-2	0.115	0.137	-3.566E-2	-0.124	0.129	0.451	0.189	0.489
5.722	-7.454E-2	0.113	0.135	-3.679E-2	-0.117	0.123	-0.318	-5.161E-2	0.322
5.739	-7.514E-2	0.111	0.134	-4.482E-2	-0.114	0.123	-2.099E-2	0.682	0.683
5.756	-7.603E-2	0.109	0.133	-4.154E-2	-0.107	0.115	1.545E-2	-0.709	0.709
5.772	-7.653E-2	0.107	0.132	-3.859E-2	-0.122	0.128	-0.249	-0.757	0.797
5.789	-7.732E-2	0.105	0.130	-5.312E-2	-0.150	0.159	-2.717E-2	2.198E-2	3.495E-2
5.806	-7.830E-2	0.102	0.129	-4.235E-2	-0.115	0.122	0.227	1.320	1.339
5.822	-7.873E-2	0.101	0.128	-3.813E-2	-0.100	0.107	0.155	-0.278	0.318
5.839	-7.958E-2	9.909E-2	0.127	-4.405E-2	-0.127	0.134	-3.923E-2	-0.901	0.901
5.856	-8.020E-2	9.666E-2	0.126	-3.599E-2	-0.136	0.140	0.206	0.138	0.248
5.873	-8.078E-2	9.456E-2	0.124	-3.728E-2	-0.118	0.124	-0.179	0.609	0.635
5.889	-8.144E-2	9.273E-2	0.123	-4.262E-2	-0.114	0.122	0.224	-0.102	0.246
5.906	-8.220E-2	9.076E-2	0.122	-3.202E-2	-0.123	0.127	-0.352	0.298	0.461
5.923	-8.251E-2	8.863E-2	0.121	-4.632E-2	-0.108	0.117	-0.483	0.869	0.994
5.939	-8.374E-2	8.717E-2	0.121	-5.983E-2	-8.747E-2	0.106	-0.544	1.379	1.483
5.956	-8.451E-2	8.571E-2	0.120	-5.522E-2	-6.738E-2	8.712E-2	0.423	1.583	1.639
5.973	-8.559E-2	8.492E-2	0.121	-5.215E-2	-3.116E-2	6.075E-2	0.782	0.987	1.259
5.989	-8.625E-2	8.467E-2	0.121	-2.620E-2	-3.054E-2	4.024E-2	0.694	-0.422	0.812
6.006	-8.646E-2	8.390E-2	0.120	-2.512E-2	-5.117E-2	5.701E-2	0.237	-0.290	0.375
6.023	-8.709E-2	8.296E-2	0.120	-2.551E-2	-4.162E-2	4.881E-2	0.209	0.410	0.460
6.039	-8.731E-2	8.251E-2	0.120	-1.297E-2	-3.182E-2	3.436E-2	0.773	0.507	0.925
6.056	-8.752E-2	8.190E-2	0.120	-2.703E-3	-2.929E-2	2.942E-2	2.800E-2	-8.057E-2	8.530E-2
6.073	-8.740E-2	8.154E-2	0.120	-7.240E-3	-3.042E-2	3.127E-2	0.206	-0.145	0.252
6.089	-8.776E-2	8.088E-2	0.119	-3.851E-3	-3.783E-2	3.803E-2	0.272	0.106	0.292
6.106	-8.753E-2	8.027E-2	0.119	9.565E-3	-2.672E-2	2.838E-2	-7.027E-3	-3.987E-2	4.049E-2
6.123	-8.744E-2	7.999E-2	0.119	-6.220E-3	-3.405E-2	3.461E-2	-0.372	-0.260	0.454
6.139	-8.774E-2	7.914E-2	0.118	-7.036E-3	-4.293E-2	4.350E-2	-7.019E-2	-0.374	0.381
6.156	-8.768E-2	7.856E-2	0.118	-2.948E-3	-4.080E-2	4.090E-2	-0.137	0.423	0.444
6.173	-8.784E-2	7.778E-2	0.117	-1.432E-2	-3.370E-2	3.662E-2	-0.399	1.295E-2	0.399
6.190	-8.816E-2	7.744E-2	0.117	-1.699E-2	-3.376E-2	3.780E-2	1.515E-2	-0.137	0.137
6.206	-8.840E-2	7.665E-2	0.117	-1.281E-2	-4.437E-2	4.618E-2	0.244	-0.268	0.363
6.223	-8.858E-2	7.596E-2	0.117	-8.855E-3	-4.022E-2	4.118E-2	0.278	-3.142E-2	0.280
6.240	-8.870E-2	7.531E-2	0.116	-3.745E-3	-4.460E-2	4.475E-2	0.329	-0.250	0.413
6.256	-8.871E-2	7.447E-2	0.116	2.356E-3	-5.040E-2	5.046E-2	-4.247E-4	-0.470	0.470
6.273	-8.862E-2	7.363E-2	0.115	-2.311E-3	-5.834E-2	5.838E-2	-0.513	-4.413E-2	0.514
6.290	-8.879E-2	7.252E-2	0.115	-1.639E-2	-5.564E-2	5.800E-2	-0.325	0.290	0.435
6.306	-8.917E-2	7.177E-2	0.114	-1.506E-2	-4.459E-2	4.706E-2	7.997E-2	0.111	0.137
6.323	-8.929E-2	7.103E-2	0.114	-1.013E-2	-5.217E-2	5.314E-2	0.396	-0.363	0.537
6.340	-8.951E-2	7.003E-2	0.114	-4.970E-3	-5.921E-2	5.942E-2	-7.146E-2	0.233	0.244
6.356	-8.945E-2	6.906E-2	0.113	-8.182E-3	-4.486E-2	4.560E-2	-0.248	0.149	0.289
6.373	-8.978E-2	6.853E-2	0.113	-1.786E-2	-4.819E-2	5.139E-2	-0.139	-0.531	0.549
6.390	-9.005E-2	6.745E-2	0.113	-1.142E-2	-6.871E-2	6.966E-2	0.558	-0.235	0.606
6.406	-9.016E-2	6.624E-2	0.112	8.518E-4	-5.699E-2	5.699E-2	0.285	0.453	0.535
6.423	-9.002E-2	6.555E-2	0.111	6.190E-4	-4.770E-2	4.770E-2	-0.159	0.169	0.233
6.440	-9.014E-2	6.465E-2	0.111	-7.642E-3	-5.518E-2	5.571E-2	-0.675	-0.543	0.866
6.456	-9.028E-2	6.371E-2	0.110	-1.937E-2	-6.414E-2	6.701E-2	-0.193	-0.445	0.485
6.473	-9.079E-2	6.251E-2	0.110	-1.886E-2	-7.204E-2	7.447E-2	0.306	-6.669E-2	0.313
6.490	-9.091E-2	6.130E-2	0.110	-4.609E-3	-6.616E-2	6.632E-2	0.380	0.541	0.661
6.506	-9.094E-2	6.030E-2	0.109	-6.459E-3	-5.324E-2	5.363E-2	-8.901E-2	0.243	0.259
6.523	-9.112E-2	5.953E-2	0.109	-9.422E-3	-5.562E-2	5.641E-2	8.703E-2	-0.194	0.212
6.540	-9.125E-2	5.844E-2	0.108	-3.186E-3	-6.354E-2	6.362E-2	0.148	-0.214	0.260
6.557	-9.123E-2	5.741E-2	0.108	-2.710E-3	-6.118E-2	6.124E-2	-0.228	-0.418	0.476
6.573	-9.134E-2	5.640E-2	0.107	-1.198E-2	-7.523E-2	7.618E-2	-0.502	-0.242	0.557
6.590	-9.163E-2	5.490E-2	0.107	-1.986E-2	-7.576E-2	7.832E-2	-0.126	6.293E-2	0.141
6.607	-9.201E-2	5.387E-2	0.107	-1.711E-2	-6.613E-2	6.831E-2	0.199	0.130	0.238
6.623	-9.220E-2	5.269E-2	0.106	-1.123E-2	-7.440E-2	7.524E-2	0.454	-0.184	0.490
6.640	-9.238E-2	5.139E-2	0.106	-3.742E-3	-7.320E-2	7.329E-2	0.116	5.065E-3	0.116
6.657	-9.232E-2	5.025E-2	0.105	-4.224E-3	-7.197E-2	7.209E-2	-0.137	-0.227	0.265
6.673	-9.252E-2	4.899E-2	0.105	-1.159E-2	-8.150E-2	8.232E-2	-0.331	-0.284	0.436
6.690	-9.271E-2	4.753E-2	0.104	-1.371E-2	-8.336E-2	8.448E-2	0.132	0.164	0.210
6.707	-9.298E-2	4.621E-2	0.104	-8.980E-3	-7.455E-2	7.509E-2	-0.253	0.398	0.472
6.723	-9.301E-2	4.504E-2	0.103	-1.750E-2	-6.950E-2	7.167E-2	-3.766E-2	0.276	0.279
6.740	-9.356E-2	4.389E-2	0.103	-1.794E-2	-6.621E-2	6.860E-2	-0.125	-0.389	0.409
6.757	-9.361E-2	4.283E-2	0.103	-1.350E-2	-7.951E-2	8.064E-2	0.129	-0.226	0.260
6.773	-9.401E-2	4.124E-2	0.103	-1.960E-2	-8.082E-2	8.316E-2	-6.635E-2	2.342E-2	7.036E-2
6.790	-9.426E-2	4.013E-2	0.102	-1.307E-2	-7.147E-2	7.266E-2	0.339	-5.741E-2	0.344
6.807	-9.445E-2	3.885E-2	0.102	-8.810E-3	-8.517E-2	8.563E-2	-4.214E-2	-4.814E-2	6.398E-2
6.823	-9.456E-2	3.729E-2	0.102	-1.307E-2	-7.705E-2	7.815E-2	7.007E-2	0.434	0.440
6.840	-9.489E-2	3.628E-2	0.102	-1.012E-2	-6.427E-2	6.506E-2	-9.047E-2	2.503E-2	9.387E-2
6.857	-9.489E-2	3.515E-2	0.101	-1.088E-2	-7.816E-2	7.892E-2	-0.147	-0.294	0.329
6.874	-9.525E-2	3.367E-2	0.101	-1.962E-2	-7.796E-2	8.039E-2	-0.399	-8.547E-2	0.408
6.890	-9.555E-2	3.255E-2	0.101	-2.169E-2	-7.545E-2	7.851E-2	0.201	0.148	0.250
6.907	-9.597E-2	3.116E-2	0.101	-1.561E-2	-7.760E-2	7.915E-2	0.241	-6.237E-2	0.249
6.924	-9.607E-2	2.996E-2	0.101	-9.750E-3	-7.439E-2	7.503E-2	0.317	0.184	0.366
6.940	-9.630E-2	2.867E-2	0.100	-8.349E-3	-7.350E-2	7.397E-2	-0.154	-0.366	0.396
6.957	-9.635E-2	2.750E-2	0.100	-1.155E-2	-8.334E-2	8.414E-2	1.403E-2	-0.104	0.105
6.974	-9.668E-2	2.589E-2	0.100	-1.223E-2	-8.319E-2	8.408E-2	-0.170	0.950	0.965
6.990	-9.676E-2	2.473E-2	9.987E-2	-1.255E-2	-4.888E-2	5.046E-2	-0.135	1.263	1.270
7.007	-9.710E-2	2.426E-2	0.100	-2.027E-2	-3.587E-2	4.120E-2	-0.178	0.279	0.331
7.024	-9.743E-2	2.353E-2	0.100	-1.750E-2	-4.467E-2	4.797E-2	-0.185	9.321E-2	0.207
7.040	-9.769E-2	2.277E-2	0.100	-2.454E-2	-3.362E-2	4.162E-2	-3.475E-2	0.184	0.187
7.057	-9.825E-2	2.241E-2	0.101	-2.317E-2	-3.332E-2	4.058E-2	0.349	0.133	0.373
7.074	-9.846E-2	2.166E-2	0.101	-9.022E-3	-3.559E-2	3.672E-2	0.533	-0.204	0.571
7.090	-9.855E-2	2.122E-2	0.101	-5.869E-3	-3.458E-2	3.507E-2	0.134	-2.554E-2	0.137
7.107	-9.865E-2	2.051E-2	0.101	-5.260E-3	-4.054E-2	4.088E-2	-0.394	-0.609	0.725
7.124	-9.873E-2	1.987E-2	0.101	-1.693E-2	-5.112E-2	5.385E-2	-0.569	1.524E-2	0.569
7.140	-9.922E-2	1.880E-2	0.101	-2.815E-2	-4.661E-2	5.445E-2	0.171	-6.330E-2	0.183
7.157	-9.967E-2	1.832E-2	0.101	-1.125E-2	-4.420E-2	4.561E-2	0.384	6.251E-2	0.389
7.174	-9.959E-2	1.733E-2	0.101	-9.176E-3	-5.235E-2	5.315E-2	0.268	-0.279	0.387
7.191	-9.997E-2	1.657E-2	0.101	-1.015E-2	-4.886E-2	4.990E-2	0.334	2.469E-2	0.334
7.207	-9.993E-2	1.569E-2	0.101	6.811E-3	-5.338E-2	5.381E-2	-0.430	-0.809	0.916
7.224	-9.975E-2	1.479E-2	0.101	-2.048E-2	-7.298E-2	7.580E-2	-0.592	-0.267	0.650
7.241	-0.101	1.326E-2	0.101	-2.636E-2	-7.047E-2	7.524E-2	-0.106	-5.605E-2	0.120
7.257	-0.101	1.244E-2	0.101	-1.063E-2	-6.407E-2	6.494E-2	0.596	-0.174	0.621
7.274	-0.101	1.112E-2	0.102	-1.402E-2	-8.288E-2	8.406E-2	-1.301E-2	-1.207	1.207
7.291	-0.101	9.671E-3	0.102	-7.633E-3	-0.101	0.102	0.412	-0.269	0.492
7.307	-0.101	7.740E-3	0.102	-2.173E-3	-9.793E-2	9.795E-2	0.325	0.763	0.829
7.324	-0.101	6.403E-3	0.101	4.762E-3	-7.020E-2	7.036E-2	4.314E-2	0.900	0.901
7.341	-0.101	5.398E-3	0.101	-3.569E-4	-6.667E-2	6.668E-2	-0.128	0.460	0.478
7.357	-0.101	4.178E-3	0.101	-2.100E-3	-5.998E-2	6.001E-2	-0.175	7.178E-3	0.175
7.374	-0.101	3.396E-3	0.101	-3.214E-3	-5.991E-2	6.000E-2	-7.642E-2	-0.418	0.425
7.391	-0.101	2.179E-3	0.101	-7.133E-3	-7.871E-2	7.904E-2	-0.261	0.182	0.318
7.407	-0.101	7.701E-4	0.101	-9.996E-3	-5.748E-2	5.834E-2	-9.501E-2	1.584	1.586
7.424	-0.102	2.615E-4	0.102	-1.218E-2	-1.898E-2	2.255E-2	-2.032E-2	1.817	1.817
7.441	-0.102	1.367E-4	0.102	-9.407E-3	1.330E-3	9.501E-3	0.241	1.631	1.649
7.457	-0.102	3.059E-4	0.102	-4.940E-3	3.304E-2	3.340E-2	0.135	0.909	0.919
7.474	-0.102	1.239E-3	0.102	-3.444E-3	3.933E-2	3.948E-2	0.286	-0.221	0.361
7.491	-0.102	1.618E-3	0.102	2.134E-3	1.829E-2	1.842E-2	6.731E-2	-0.969	0.971
7.507	-0.102	1.849E-3	0.102	2.590E-3	8.829E-3	9.201E-3	7.788E-3	0.218	0.218
7.524	-0.102	1.913E-3	0.102	-1.480E-3	2.214E-2	2.219E-2	0.344	0.701	0.781
7.541	-0.102	2.588E-3	0.102	1.445E-2	3.848E-2	4.110E-2	0.661	0.990	1.191
7.558	-0.101	3.196E-3	0.102	2.399E-2	5.003E-2	5.549E-2	0.112	0.171	0.204
7.574	-0.101	4.258E-3	0.101	1.633E-2	5.025E-2	5.283E-2	-5.960E-2	-0.563	0.567
7.591	-0.101	4.873E-3	0.101	1.981E-2	2.691E-2	3.341E-2	-9.676E-2	-0.852	0.857
7.608	-0.100	5.155E-3	0.101	1.768E-2	2.039E-2	2.699E-2	4.204E-2	0.270	0.273
7.624	-0.100	5.554E-3	0.100	1.579E-2	3.652E-2	3.979E-2	-0.145	0.202	0.249
7.641	-9.994E-2	6.374E-3	0.100	1.774E-2	3.263E-2	3.714E-2	6.299E-2	-0.494	0.498
7.658	-9.975E-2	6.642E-3	9.997E-2	1.430E-2	1.382E-2	1.989E-2	-0.286	-0.489	0.566
7.674	-9.946E-2	6.835E-3	9.969E-2	1.100E-2	1.723E-2	2.044E-2	0.493	0.150	0.516
7.691	-9.938E-2	7.217E-3	9.965E-2	2.545E-2	2.103E-2	3.301E-2	0.194	4.543E-3	0.194
7.708	-9.861E-2	7.537E-3	9.890E-2	2.716E-2	1.643E-2	3.174E-2	-0.192	-0.396	0.440
7.724	-9.848E-2	7.765E-3	9.878E-2	1.022E-2	8.112E-3	1.304E-2	-0.591	-0.437	0.735
7.741	-9.827E-2	7.808E-3	9.858E-2	1.105E-2	8.969E-4	1.109E-2	-4.448E-2	-0.244	0.248
7.758	-9.811E-2	7.795E-3	9.842E-2	8.175E-3	1.699E-4	8.176E-3	0.169	3.378E-2	0.173
7.774	-9.800E-2	7.813E-3	9.831E-2	1.530E-2	2.341E-3	1.548E-2	0.233	3.604E-2	0.236
7.791	-9.760E-2	7.873E-3	9.792E-2	1.925E-2	1.850E-3	1.934E-2	0.208	-0.231	0.311
7.808	-9.735E-2	7.875E-3	9.767E-2	1.909E-2	-5.281E-3	1.981E-2	-0.546	-0.591	0.805
7.824	-9.696E-2	7.697E-3	9.727E-2	5.499E-3	-1.811E-2	1.893E-2	-7.806E-3	-0.740	0.740
7.841	-9.717E-2	7.271E-3	9.744E-2	9.862E-3	-3.062E-2	3.217E-2	0.523	5.568E-2	0.526
7.858	-9.663E-2	6.676E-3	9.686E-2	3.196E-2	-1.901E-2	3.719E-2	0.483	0.501	0.696
7.875	-9.610E-2	6.636E-3	9.633E-2	2.382E-2	-7.661E-3	2.502E-2	-0.828	0.228	0.859
7.891	-9.584E-2	6.420E-3	9.605E-2	3.842E-3	-1.502E-2	1.550E-2	-0.375	-0.546	0.663
7.908	-9.598E-2	6.135E-3	9.617E-2	6.829E-3	-2.464E-2	2.557E-2	0.250	-0.757	0.797
7.925	-9.561E-2	5.598E-3	9.577E-2	1.870E-2	-4.091E-2	4.498E-2	2.716E-2	-0.284	0.285
7.941	-9.535E-2	4.771E-3	9.547E-2	6.014E-3	-3.728E-2	3.776E-2	-0.374	0.346	0.510
7.958	-9.541E-2	4.354E-3	9.551E-2	3.049E-3	-2.464E-2	2.483E-2	-1.957E-2	0.372	0.373
7.975	-9.525E-2	3.948E-3	9.533E-2	8.693E-3	-2.625E-2	2.765E-2	0.536	-0.296	0.612
7.991	-9.512E-2	3.478E-3	9.518E-2	1.826E-2	-3.426E-2	3.882E-2	4.459E-2	-0.155	0.161
8.008	-9.464E-2	2.805E-3	9.468E-2	1.520E-2	-3.382E-2	3.708E-2	-1.561E-2	-0.127	0.128
8.025	-9.461E-2	2.350E-3	9.464E-2	1.106E-2	-3.471E-2	3.643E-2	-0.168	8.226E-2	0.187
8.041	-9.427E-2	1.647E-3	9.429E-2	1.495E-2	-3.512E-2	3.817E-2	-0.179	0.253	0.310
8.058	-9.411E-2	1.178E-3	9.412E-2	3.109E-3	-2.382E-2	2.402E-2	-0.226	0.470	0.521
8.075	-9.417E-2	8.527E-4	9.417E-2	5.161E-3	-1.924E-2	1.992E-2	-3.864E-2	0.499	0.501
8.091	-9.394E-2	5.363E-4	9.394E-2	6.210E-3	-9.099E-3	1.102E-2	-0.281	0.978	1.018
8.108	-9.396E-2	5.491E-4	9.396E-2	-6.741E-3	1.426E-2	1.577E-2	-0.436	0.702	0.827
8.125	-9.417E-2	1.012E-3	9.417E-2	-9.296E-3	1.815E-2	2.039E-2	0.251	0.129	0.282
8.141	-9.427E-2	1.155E-3	9.428E-2	2.077E-3	1.323E-2	1.340E-2	0.198	-4.520E-2	0.204
8.158	-9.410E-2	1.454E-3	9.411E-2	6.909E-4	1.917E-2	1.918E-2	0.135	-0.206	0.246
8.175	-9.425E-2	1.794E-3	9.427E-2	1.118E-3	7.842E-3	7.922E-3	1.890E-2	-0.773	0.773
8.192	-9.406E-2	1.715E-3	9.408E-2	6.342E-3	-9.675E-3	1.157E-2	-0.121	-0.752	0.761
8.208	-9.404E-2	1.471E-3	9.405E-2	-4.902E-3	-1.658E-2	1.729E-2	-0.252	-0.232	0.343
8.225	-9.422E-2	1.162E-3	9.423E-2	-4.146E-3	-1.744E-2	1.792E-2	5.274E-2	0.118	0.129
8.242	-9.417E-2	8.896E-4	9.418E-2	1.502E-4	-1.259E-2	1.259E-2	0.141	0.216	0.258
8.258	-9.422E-2	7.421E-4	9.422E-2	-1.388E-3	-9.249E-3	9.352E-3	-4.205E-2	0.150	0.156
8.275	-9.422E-2	5.810E-4	9.422E-2	-4.824E-4	-8.408E-3	8.422E-3	-1.721E-2	0.291	0.292
8.292	-9.423E-2	4.616E-4	9.424E-2	-2.033E-3	-1.120E-4	2.036E-3	-0.200	0.425	0.470
8.308	-9.429E-2	5.772E-4	9.429E-2	-6.965E-3	7.517E-3	1.025E-2	-0.347	0.252	0.429
8.325	-9.447E-2	7.124E-4	9.447E-2	-1.399E-2	7.524E-3	1.589E-2	7.504E-2	-0.185	0.200
8.342	-9.476E-2	8.283E-4	9.476E-2	-6.456E-3	1.814E-3	6.706E-3	0.393	1.956E-2	0.394
8.358	-9.468E-2	7.730E-4	9.469E-2	2.939E-3	5.530E-3	6.263E-3	0.225	-0.210	0.307
8.375	-9.466E-2	1.013E-3	9.466E-2	-6.466E-4	1.148E-4	6.567E-4	0.119	-0.506	0.520
8.392	-9.470E-2	7.768E-4	9.471E-2	5.385E-3	-1.638E-2	1.724E-2	0.141	-0.283	0.316
8.408	-9.448E-2	4.663E-4	9.448E-2	7.517E-3	-9.267E-3	1.193E-2	-0.193	0.452	0.491
8.425	-9.445E-2	4.676E-4	9.445E-2	-3.239E-3	1.480E-3	3.561E-3	-0.466	0.328	0.569
8.442	-9.459E-2	5.157E-4	9.459E-2	-8.471E-3	9.968E-4	8.530E-3	2.759E-2	-3.050E-2	4.113E-2
8.458	-9.474E-2	5.008E-4	9.474E-2	-2.661E-3	-3.535E-4	2.684E-3	0.182	-8.592E-2	0.201
8.475	-9.468E-2	5.039E-4	9.468E-2	-3.255E-5	-1.244E-3	1.245E-3	0.127	-2.404E-2	0.129
8.492	-9.474E-2	4.593E-4	9.474E-2	-7.644E-4	-1.768E-3	1.927E-3	-0.282	4.914E-2	0.286
8.508	-9.470E-2	4.449E-4	9.470E-2	-6.807E-3	6.413E-4	6.837E-3	-2.594E-2	-0.132	0.134
8.525	-9.496E-2	4.807E-4	9.496E-2	-5.995E-3	-4.862E-3	7.719E-3	-2.107E-2	7.822E-2	8.101E-2
8.542	-9.490E-2	2.826E-4	9.490E-2	-2.543E-3	-5.804E-4	2.608E-3	0.233	0.217	0.318
8.559	-9.505E-2	4.614E-4	9.505E-2	-2.347E-3	7.111E-3	7.488E-3	-0.138	0.239	0.275
8.575	-9.498E-2	5.199E-4	9.498E-2	-3.316E-3	4.583E-3	5.657E-3	0.103	-8.796E-2	0.135
8.592	-9.516E-2	6.143E-4	9.516E-2	-3.080E-3	5.080E-3	5.941E-3	0.161	-4.783E-2	0.168
8.609	-9.508E-2	6.894E-4	9.508E-2	5.225E-3	2.899E-3	5.975E-3	0.196	-3.665E-3	0.196
8.625	-9.498E-2	7.110E-4	9.499E-2	2.951E-3	4.171E-3	5.109E-3	-0.274	-1.140E-2	0.274
8.642	-9.498E-2	8.286E-4	9.499E-2	-4.198E-3	4.004E-3	5.801E-3	-0.107	4.420E-2	0.116
8.659	-9.512E-2	8.446E-4	9.513E-2	-2.325E-3	3.939E-3	4.575E-3	0.123	1.516E-2	0.124
8.675	-9.506E-2	9.600E-4	9.507E-2	2.477E-3	5.935E-3	6.432E-3	0.230	-0.136	0.267
8.692	-9.504E-2	1.043E-3	9.505E-2	3.704E-3	-5.228E-4	3.740E-3	7.401E-2	-0.211	0.224
8.709	-9.494E-2	9.426E-4	9.494E-2	5.926E-3	-2.960E-3	6.624E-3	-1.681E-2	-8.001E-2	8.175E-2
8.725	-9.484E-2	9.439E-4	9.485E-2	3.036E-3	-1.339E-3	3.319E-3	-0.111	-0.117	0.161
8.742	-9.484E-2	8.979E-4	9.484E-2	1.415E-3	-7.087E-3	7.227E-3	-4.823E-2	-8.881E-2	0.101
8.759	-9.480E-2	7.074E-4	9.480E-2	2.085E-3	-6.097E-3	6.444E-3	8.486E-2	0.117	0.144
8.775	-9.477E-2	6.944E-4	9.477E-2	3.770E-3	-1.017E-3	3.905E-3	-5.908E-2	8.998E-2	0.108
8.792	-9.467E-2	6.735E-4	9.467E-2	1.325E-3	-3.590E-3	3.826E-3	-9.539E-2	8.650E-2	0.129
8.809	-9.472E-2	5.747E-4	9.472E-2	-1.202E-3	3.416E-4	1.250E-3	2.296E-2	0.126	0.128
8.825	-9.471E-2	6.849E-4	9.471E-2	2.919E-3	3.234E-3	4.356E-3	0.143	2.007E-2	0.144
8.842	-9.462E-2	6.826E-4	9.463E-2	4.105E-3	-7.589E-4	4.174E-3	-8.003E-2	-0.125	0.148
8.859	-9.457E-2	6.596E-4	9.458E-2	3.867E-5	-7.163E-4	7.174E-4	-8.249E-2	6.775E-2	0.107
8.876	-9.462E-2	6.587E-4	9.463E-2	2.070E-4	1.550E-3	1.564E-3	3.734E-2	0.116	0.122
8.892	-9.457E-2	7.113E-4	9.457E-2	2.702E-3	3.476E-3	4.402E-3	3.297E-2	-1.852E-2	3.782E-2
8.909	-9.453E-2	7.746E-4	9.454E-2	8.437E-4	1.170E-3	1.442E-3	-0.135	-0.143	0.197
8.926	-9.454E-2	7.503E-4	9.454E-2	-1.848E-3	-2.020E-3	2.738E-3	-5.745E-2	-0.180	0.189
8.942	-9.460E-2	7.072E-4	9.460E-2	-1.576E-3	-4.354E-3	4.630E-3	1.577E-2	-6.757E-2	6.938E-2
8.959	-9.459E-2	6.051E-4	9.459E-2	-5.091E-4	-4.878E-3	4.904E-3	8.611E-2	0.146	0.170
8.976	-9.461E-2	5.445E-4	9.461E-2	5.928E-4	5.428E-4	8.038E-4	0.184	0.187	0.263
8.992	-9.457E-2	6.232E-4	9.457E-2	5.772E-3	2.684E-3	6.365E-3	2.033E-2	-5.763E-2	6.111E-2
9.009	-9.442E-2	6.340E-4	9.442E-2	2.880E-3	-2.157E-3	3.598E-3	2.144E-2	-1.689E-2	2.729E-2
9.026	-9.448E-2	5.512E-4	9.448E-2	3.258E-3	7.874E-4	3.352E-3	-9.905E-2	7.440E-2	0.124
9.042	-9.431E-2	6.603E-4	9.431E-2	3.317E-3	2.891E-3	4.400E-3	-0.105	-4.837E-2	0.116
9.059	-9.437E-2	6.477E-4	9.437E-2	-3.116E-3	-2.448E-3	3.963E-3	-0.470	-6.050E-3	0.470
9.076	-9.441E-2	5.786E-4	9.442E-2	-1.032E-2	1.868E-3	1.049E-2	0.102	7.507E-2	0.126
9.092	-9.471E-2	7.100E-4	9.471E-2	-3.833E-3	2.748E-3	4.716E-3	0.260	-2.910E-2	0.262
9.109	-9.454E-2	6.703E-4	9.454E-2	4.197E-3	-1.546E-3	4.473E-3	0.505	-0.153	0.528
9.126	-9.457E-2	6.584E-4	9.457E-2	7.992E-3	-1.297E-3	8.096E-3	-0.136	1.991E-2	0.138
9.142	-9.428E-2	6.270E-4	9.428E-2	5.032E-3	-1.258E-3	5.187E-3	-0.254	6.013E-2	0.261
9.159	-9.440E-2	6.164E-4	9.440E-2	-5.703E-3	7.714E-4	5.755E-3	-0.213	3.894E-2	0.217
9.176	-9.447E-2	6.527E-4	9.447E-2	-2.653E-4	5.811E-4	6.388E-4	0.219	-2.590E-2	0.220
9.193	-9.441E-2	6.358E-4	9.441E-2	2.471E-3	-7.821E-4	2.591E-3	1.497E-2	-3.995E-2	4.267E-2
9.209	-9.438E-2	6.267E-4	9.439E-2	-2.535E-4	-4.695E-4	5.336E-4	-0.111	2.174E-2	0.113
9.226	-9.442E-2	6.202E-4	9.442E-2	-1.697E-3	-1.069E-4	1.701E-3	2.345E-2	8.622E-2	8.935E-2
9.243	-9.444E-2	6.231E-4	9.444E-2	6.461E-4	2.189E-3	2.282E-3	7.482E-2	1.598E-2	7.651E-2
9.259	-9.440E-2	6.932E-4	9.440E-2	1.444E-3	1.367E-3	1.988E-3	-3.003E-2	-6.301E-2	6.980E-2
9.276	-9.439E-2	6.687E-4	9.439E-2	-7.886E-4	-1.069E-3	1.328E-3	-5.833E-2	1.620E-2	6.053E-2
9.293	-9.442E-2	6.575E-4	9.443E-2	-8.174E-4	2.040E-3	2.197E-3	-1.696E-2	5.900E-2	6.139E-2
9.309	-9.442E-2	7.367E-4	9.442E-2	-7.399E-4	2.008E-3	2.140E-3	4.961E-2	-7.556E-2	9.038E-2
9.326	-9.445E-2	7.245E-4	9.445E-2	1.257E-4	-1.536E-3	1.542E-3	-4.274E-2	-0.122	0.130
9.343	-9.442E-2	6.855E-4	9.442E-2	-1.050E-3	-1.965E-3	2.228E-3	5.220E-2	4.381E-2	6.814E-2
9.359	-9.448E-2	6.589E-4	9.449E-2	1.238E-4	-6.999E-5	1.422E-4	0.140	8.014E-2	0.161
9.376	-9.441E-2	6.831E-4	9.441E-2	5.151E-3	1.135E-3	5.275E-3	0.125	6.500E-2	0.141
9.393	-9.431E-2	6.968E-4	9.431E-2	4.174E-3	1.670E-3	4.496E-3	-0.153	-4.954E-2	0.161
9.409	-9.427E-2	7.388E-4	9.427E-2	-2.064E-4	1.138E-4	2.357E-4	-0.171	-9.281E-2	0.195
9.426	-9.432E-2	7.006E-4	9.432E-2	-2.118E-3	-2.243E-3	3.085E-3	2.821E-2	-9.484E-2	9.894E-2
9.443	-9.434E-2	6.640E-4	9.434E-2	9.619E-4	-2.630E-3	2.801E-3	4.505E-2	6.839E-2	8.190E-2
9.459	-9.429E-2	6.128E-4	9.429E-2	3.925E-4	-4.649E-4	6.085E-4	2.936E-4	8.927E-2	8.927E-2
9.476	-9.433E-2	6.485E-4	9.433E-2	-5.095E-4	1.277E-3	1.375E-3	-8.297E-2	5.387E-2	9.893E-2
9.493	-9.430E-2	6.554E-4	9.431E-2	-1.001E-3	6.780E-4	1.209E-3	9.491E-3	-3.812E-4	9.499E-3
9.509	-9.436E-2	6.711E-4	9.437E-2	-1.507E-3	1.396E-3	2.055E-3	2.551E-2	-4.183E-2	4.900E-2
9.526	-9.435E-2	7.020E-4	9.436E-2	7.653E-4	-3.147E-4	8.275E-4	1.810E-2	-1.743E-2	2.513E-2
9.543	-9.434E-2	6.606E-4	9.434E-2	-8.642E-4	-1.966E-4	8.862E-4	-9.118E-3	-5.070E-2	5.151E-2
9.560	-9.438E-2	6.955E-4	9.439E-2	-4.302E-4	-6.518E-4	7.809E-4	-5.338E-2	8.077E-2	9.682E-2
9.576	-9.435E-2	6.389E-4	9.435E-2	-1.276E-3	7.909E-4	1.502E-3	-5.974E-3	-2.181E-3	6.360E-3
9.593	-9.443E-2	7.219E-4	9.443E-2	-2.174E-3	1.377E-3	2.573E-3	-3.722E-2	1.382E-2	3.970E-2
9.610	-9.442E-2	6.848E-4	9.443E-2	-1.242E-3	-6.048E-4	1.382E-3			
9.626	-9.447E-2	7.017E-4	9.447E-2						
