	mass C									
t	x	y	r	vx	vy	v	ax	ay	a	
0.000	2.538E-3	9.796E-4	2.720E-3						
0.017	2.571E-3	1.002E-3	2.759E-3	8.014E-4	5.978E-4	9.998E-4			
0.033	2.564E-3	9.996E-4	2.752E-3	4.133E-4	6.006E-3	6.020E-3	-4.543E-2	-9.010E-3	4.632E-2
0.050	2.585E-3	1.202E-3	2.851E-3	-1.195E-4	3.412E-3	3.414E-3	-2.943E-2	-0.191	0.193
0.067	2.560E-3	1.113E-3	2.792E-3	-1.118E-3	-3.943E-3	4.098E-3	-2.110E-2	-0.231	0.232
0.083	2.548E-3	1.071E-3	2.763E-3	-5.627E-4	-2.625E-3	2.684E-3	1.800E-2	8.047E-2	8.246E-2
0.100	2.542E-3	1.026E-3	2.741E-3	-4.874E-4	-1.631E-3	1.702E-3	4.033E-2	4.315E-2	5.907E-2
0.117	2.531E-3	1.016E-3	2.728E-3	5.475E-4	-8.301E-4	9.944E-4	-1.815E-2	8.425E-2	8.618E-2
0.133	2.560E-3	9.982E-4	2.748E-3	-4.325E-4	6.947E-4	8.184E-4	-3.121E-2	2.374E-2	3.921E-2
0.150	2.517E-3	1.040E-3	2.723E-3	-1.438E-3	7.596E-4	1.627E-3	-8.300E-3	8.087E-3	1.159E-2
0.167	2.512E-3	1.024E-3	2.712E-3	-1.030E-4	6.666E-5	1.227E-4	6.528E-2	-0.102	0.121
0.184	2.513E-3	1.042E-3	2.721E-3	5.632E-4	-1.695E-3	1.786E-3	-2.434E-2	6.165E-3	2.511E-2
0.200	2.531E-3	9.669E-4	2.709E-3	-5.764E-4	-1.152E-3	1.288E-3	-1.224E-2	0.115	0.116
0.217	2.494E-3	1.003E-3	2.688E-3	-6.013E-4	3.330E-3	3.384E-3	-3.654E-2	7.431E-2	8.281E-2
0.234	2.511E-3	1.078E-3	2.732E-3	-8.485E-4	1.588E-3	1.801E-3	1.980E-2	-0.133	0.134
0.250	2.466E-3	1.056E-3	2.683E-3	-9.416E-4	-1.980E-3	2.192E-3	-3.396E-2	-3.062E-2	4.573E-2
0.267	2.479E-3	1.012E-3	2.678E-3	-9.685E-4	3.515E-4	1.030E-3	-1.148E-2	4.040E-2	4.200E-2
0.284	2.434E-3	1.068E-3	2.658E-3	-2.162E-3	7.080E-4	2.275E-3	5.104E-2	-1.016E-2	5.204E-2
0.300	2.407E-3	1.036E-3	2.620E-3	8.100E-4	-1.275E-3	1.511E-3	7.089E-2	-6.519E-2	9.631E-2
0.317	2.461E-3	1.026E-3	2.666E-3	1.105E-3	-8.567E-4	1.399E-3	-1.739E-2	6.370E-2	6.603E-2
0.334	2.444E-3	1.007E-3	2.643E-3	-7.475E-4	4.553E-4	8.752E-4	-3.770E-2	3.448E-2	5.108E-2
0.350	2.436E-3	1.041E-3	2.649E-3	1.283E-4	9.350E-4	9.438E-4	1.154E-2	7.315E-3	1.367E-2
0.367	2.448E-3	1.038E-3	2.659E-3	-9.604E-5	1.235E-4	1.565E-4	-3.126E-2	-5.221E-2	6.085E-2
0.384	2.432E-3	1.045E-3	2.647E-3	-1.211E-3	-4.498E-4	1.292E-3	-3.122E-2	-3.821E-2	4.935E-2
0.400	2.408E-3	1.023E-3	2.616E-3	-1.138E-3	-1.418E-3	1.819E-3	-7.508E-3	1.128E-2	1.355E-2
0.417	2.394E-3	9.976E-4	2.594E-3	-1.263E-3	-1.786E-4	1.276E-3	4.098E-2	3.151E-2	5.169E-2
0.434	2.366E-3	1.017E-3	2.575E-3	-1.714E-4	1.796E-4	2.482E-4	4.741E-2	2.473E-2	5.347E-2
0.450	2.389E-3	1.004E-3	2.591E-3	8.963E-4	4.453E-5	8.974E-4	-7.951E-3	-0.140	0.140
0.467	2.396E-3	1.019E-3	2.603E-3	-6.449E-4	-3.474E-3	3.534E-3	8.930E-3	-8.502E-2	8.548E-2
0.484	2.367E-3	8.877E-4	2.528E-3	6.278E-4	-4.628E-3	4.671E-3	4.459E-2	-0.133	0.140
0.501	2.417E-3	8.643E-4	2.566E-3	1.823E-3	-5.742E-3	6.025E-3	-2.424E-2	9.091E-2	9.409E-2
0.517	2.428E-3	6.961E-4	2.526E-3	-6.482E-4	-4.145E-3	4.196E-3	-8.341E-2	-1.096E-2	8.412E-2
0.534	2.395E-3	7.260E-4	2.503E-3	-1.280E-3	-3.093E-3	3.347E-3	-0.152	7.531E-2	0.169
0.551	2.385E-3	5.929E-4	2.458E-3	-4.722E-3	-4.390E-3	6.447E-3	0.203	-0.303	0.364
0.567	2.237E-3	5.795E-4	2.311E-3	2.564E-3	-1.014E-2	1.046E-2	0.162	-0.387	0.420
0.584	2.471E-3	2.544E-4	2.484E-3	5.726E-3	-2.037E-2	2.116E-2	-2.007E-2	-0.386	0.387
0.601	2.428E-3	-1.000E-4	2.430E-3	-2.156E-3	-2.186E-2	2.197E-2	-0.394	-0.141	0.418
0.617	2.399E-3	-4.750E-4	2.445E-3	-5.571E-3	-2.479E-2	2.541E-2	5.521E-2	-0.234	0.241
0.634	2.243E-3	-9.272E-4	2.427E-3	-2.445E-3	-2.985E-2	2.995E-2	0.131	3.080E-2	0.134
0.651	2.317E-3	-1.471E-3	2.745E-3	1.706E-3	-2.527E-2	2.532E-2	0.100	-0.230	0.251
0.667	2.299E-3	-1.770E-3	2.902E-3	-9.089E-4	-3.291E-2	3.292E-2	-0.254	-0.269	0.370
0.684	2.287E-3	-2.569E-3	3.440E-3	-5.634E-3	-4.062E-2	4.101E-2	0.118	-9.309E-2	0.151
0.701	2.111E-3	-3.126E-3	3.772E-3	1.046E-4	-3.199E-2	3.199E-2	-7.510E-2	0.491	0.497
0.717	2.290E-3	-3.637E-3	4.298E-3	-2.514E-3	-2.561E-2	2.573E-2	0.178	-0.276	0.329
0.734	2.028E-3	-3.980E-3	4.467E-3	-1.324E-3	-3.755E-2	3.757E-2	1.063E-2	-0.109	0.110
0.751	2.246E-3	-4.890E-3	5.381E-3	5.013E-3	-3.728E-2	3.761E-2	0.284	-0.150	0.321
0.767	2.195E-3	-5.224E-3	5.666E-3	2.921E-3	-3.332E-2	3.345E-2	-0.139	-1.182E-2	0.140
0.784	2.344E-3	-6.001E-3	6.443E-3	3.945E-3	-4.426E-2	4.444E-2	2.305E-3	-0.401	0.401
0.801	2.327E-3	-6.701E-3	7.093E-3	4.985E-4	-4.385E-2	4.385E-2	-0.150	-0.126	0.196
0.817	2.360E-3	-7.464E-3	7.829E-3	3.355E-4	-4.891E-2	4.891E-2	-0.195	-3.603E-2	0.199
0.834	2.338E-3	-8.333E-3	8.655E-3	-6.054E-3	-4.647E-2	4.686E-2	-0.105	0.224	0.248
0.851	2.158E-3	-9.015E-3	9.270E-3	-5.062E-3	-3.957E-2	3.989E-2	0.273	3.721E-2	0.275
0.868	2.169E-3	-9.653E-3	9.894E-3	4.757E-3	-4.472E-2	4.498E-2	0.290	-0.368	0.469
0.884	2.317E-3	-1.051E-2	1.076E-2	5.479E-3	-5.355E-2	5.383E-2	-0.132	-7.975E-2	0.154
0.901	2.352E-3	-1.144E-2	1.168E-2	-8.037E-4	-4.823E-2	4.823E-2	-0.276	7.162E-2	0.285
0.918	2.290E-3	-1.212E-2	1.233E-2	-4.021E-3	-4.762E-2	4.779E-2	-7.490E-2	-2.504E-2	7.898E-2
0.934	2.217E-3	-1.303E-2	1.322E-2	-3.163E-3	-5.249E-2	5.259E-2	6.716E-2	-0.631	0.634
0.951	2.185E-3	-1.387E-2	1.404E-2	-1.459E-3	-6.494E-2	6.495E-2	7.209E-2	-0.250	0.260
0.968	2.169E-3	-1.520E-2	1.535E-2	-8.075E-4	-6.711E-2	6.712E-2	7.450E-2	0.120	0.141
0.984	2.158E-3	-1.611E-2	1.625E-2	7.910E-4	-5.521E-2	5.521E-2	6.845E-3	0.428	0.428
1.001	2.195E-3	-1.704E-2	1.718E-2	1.169E-4	-5.489E-2	5.489E-2	8.777E-2	-0.120	0.148
1.018	2.162E-3	-1.794E-2	1.807E-2	2.292E-3	-5.826E-2	5.830E-2	-9.131E-2	-0.131	0.160
1.034	2.272E-3	-1.898E-2	1.912E-2	-3.998E-4	-6.084E-2	6.084E-2	-0.340	-0.227	0.409
1.051	2.148E-3	-1.997E-2	2.008E-2	-1.114E-2	-6.404E-2	6.500E-2	-0.510	0.166	0.536
1.068	1.900E-3	-2.112E-2	2.120E-2	-1.716E-2	-5.843E-2	6.090E-2	-0.358	-0.216	0.418
1.084	1.576E-3	-2.192E-2	2.198E-2	-2.273E-2	-6.511E-2	6.896E-2	0.291	-0.489	0.569
1.101	1.142E-3	-2.329E-2	2.332E-2	-1.032E-2	-8.130E-2	8.195E-2	0.780	-0.283	0.830
1.118	1.232E-3	-2.463E-2	2.466E-2	7.890E-3	-7.288E-2	7.331E-2	0.502	0.702	0.863
1.134	1.405E-3	-2.572E-2	2.576E-2	5.599E-3	-5.708E-2	5.736E-2	-0.232	0.238	0.332
1.151	1.418E-3	-2.654E-2	2.657E-2	-1.281E-3	-6.176E-2	6.178E-2	-0.434	-7.271E-2	0.440
1.168	1.362E-3	-2.778E-2	2.782E-2	-8.108E-3	-6.573E-2	6.623E-2	-0.238	-0.136	0.274
1.185	1.148E-3	-2.873E-2	2.875E-2	-1.062E-2	-6.119E-2	6.210E-2	0.288	0.124	0.314
1.201	1.008E-3	-2.983E-2	2.984E-2	1.426E-3	-6.439E-2	6.441E-2	0.265	1.439E-2	0.265
1.218	1.195E-3	-3.088E-2	3.090E-2	2.013E-3	-6.010E-2	6.013E-2	-0.430	5.908E-2	0.434
1.235	1.075E-3	-3.183E-2	3.185E-2	-1.575E-2	-6.119E-2	6.318E-2	-0.701	0.282	0.756
1.251	6.699E-4	-3.292E-2	3.293E-2	-2.274E-2	-5.389E-2	5.849E-2	0.110	0.769	0.777
1.268	3.164E-4	-3.363E-2	3.363E-2	-1.175E-2	-3.306E-2	3.508E-2	0.485	0.781	0.919
1.285	2.779E-4	-3.402E-2	3.402E-2	-3.869E-3	-2.634E-2	2.662E-2	-9.121E-2	1.178E-2	9.197E-2
1.301	1.873E-4	-3.451E-2	3.451E-2	-1.519E-2	-3.409E-2	3.732E-2	-0.309	4.247E-3	0.309
1.318	-2.289E-4	-3.516E-2	3.516E-2	-1.777E-2	-2.871E-2	3.377E-2	1.012E-2	0.437	0.437
1.335	-4.057E-4	-3.547E-2	3.547E-2	-1.131E-2	-1.614E-2	1.971E-2	-0.124	0.249	0.278
1.351	-6.062E-4	-3.570E-2	3.570E-2	-2.175E-2	-2.036E-2	2.979E-2	-0.301	-0.696	0.758
1.368	-1.132E-3	-3.614E-2	3.616E-2	-2.496E-2	-3.965E-2	4.685E-2	0.158	-0.647	0.666
1.385	-1.439E-3	-3.702E-2	3.705E-2	-1.386E-2	-4.568E-2	4.774E-2	-8.372E-3	7.835E-2	7.880E-2
1.401	-1.594E-3	-3.767E-2	3.770E-2	-2.292E-2	-3.393E-2	4.095E-2	0.124	-5.716E-2	0.136
1.418	-2.204E-3	-3.815E-2	3.822E-2	-1.706E-2	-4.491E-2	4.804E-2	0.454	-0.335	0.564
1.435	-2.163E-3	-3.917E-2	3.923E-2	7.358E-5	-5.164E-2	5.164E-2	0.133	5.281E-2	0.143
1.451	-2.201E-3	-3.988E-2	3.994E-2	-1.434E-2	-3.880E-2	4.137E-2	-0.591	0.245	0.639
1.468	-2.642E-3	-4.046E-2	4.055E-2	-2.321E-2	-4.265E-2	4.855E-2	7.936E-2	-0.284	0.295
1.485	-2.976E-3	-4.130E-2	4.141E-2	-1.042E-2	-5.087E-2	5.193E-2	0.243	-0.102	0.264
1.502	-2.990E-3	-4.216E-2	4.227E-2	-1.131E-2	-4.596E-2	4.733E-2	-0.126	-7.999E-2	0.149
1.518	-3.353E-3	-4.283E-2	4.296E-2	-1.934E-2	-5.041E-2	5.400E-2	-0.326	-1.116E-2	0.327
1.535	-3.635E-3	-4.384E-2	4.399E-2	-1.962E-2	-5.130E-2	5.493E-2	0.201	-0.219	0.297
1.552	-4.008E-3	-4.454E-2	4.472E-2	-1.484E-2	-5.224E-2	5.431E-2	3.767E-2	8.433E-2	9.236E-2
1.568	-4.130E-3	-4.558E-2	4.577E-2	-1.477E-2	-5.388E-2	5.587E-2	3.436E-2	-0.425	0.426
1.585	-4.501E-3	-4.634E-2	4.656E-2	-1.755E-2	-6.042E-2	6.292E-2	-8.024E-3	-0.555	0.555
1.602	-4.716E-3	-4.760E-2	4.783E-2	-1.268E-2	-7.757E-2	7.860E-2	6.140E-2	-0.843	0.845
1.618	-4.924E-3	-4.893E-2	4.918E-2	-1.565E-2	-8.611E-2	8.752E-2	-9.315E-2	-7.643E-4	9.315E-2
1.635	-5.238E-3	-5.047E-2	5.074E-2	-1.699E-2	-8.078E-2	8.255E-2	-9.789E-2	0.503	0.512
1.652	-5.491E-3	-5.163E-2	5.192E-2	-1.758E-2	-6.559E-2	6.790E-2	-9.849E-2	1.621	1.624
1.668	-5.825E-3	-5.266E-2	5.298E-2	-2.109E-2	-3.170E-2	3.807E-2	0.124	1.876	1.880
1.685	-6.194E-3	-5.268E-2	5.305E-2	-1.448E-2	4.386E-3	1.513E-2	0.505	4.297	4.326
1.702	-6.308E-3	-5.252E-2	5.289E-2	-2.502E-3	9.660E-2	9.663E-2	0.234	4.861	4.867
1.718	-6.278E-3	-4.946E-2	4.986E-2	-5.488E-3	0.190	0.190	-0.121	2.556	2.559
1.735	-6.491E-3	-4.619E-2	4.664E-2	-9.694E-3	0.174	0.175	-0.279	-0.701	0.754
1.752	-6.601E-3	-4.364E-2	4.414E-2	-1.208E-2	0.158	0.159	-0.280	6.876E-2	0.288
1.768	-6.894E-3	-4.091E-2	4.148E-2	-2.061E-2	0.179	0.180	-0.237	1.172	1.196
1.785	-7.289E-3	-3.766E-2	3.836E-2	-2.053E-2	0.200	0.201	7.915E-2	0.823	0.827
1.802	-7.579E-3	-3.423E-2	3.505E-2	-1.673E-2	0.206	0.207	0.502	0.219	0.548
1.818	-7.847E-3	-3.079E-2	3.177E-2	-5.545E-3	0.207	0.207	0.587	0.351	0.684
1.835	-7.764E-3	-2.733E-2	2.841E-2	5.664E-3	0.217	0.217	0.317	1.030	1.078
1.852	-7.658E-3	-2.356E-2	2.477E-2	4.053E-3	0.241	0.241	-0.166	1.467	1.476
1.869	-7.629E-3	-1.927E-2	2.073E-2	-3.292E-4	0.267	0.267	-9.589E-2	1.531	1.534
1.885	-7.669E-3	-1.464E-2	1.653E-2	2.090E-4	0.291	0.291	4.140E-2	1.450	1.450
1.902	-7.622E-3	-9.554E-3	1.222E-2	2.193E-3	0.316	0.316	-8.225E-2	2.253	2.254
1.919	-7.596E-3	-4.085E-3	8.625E-3	-2.514E-3	0.363	0.363	0.511	1.554	1.636
1.935	-7.706E-3	2.547E-3	8.116E-3	1.507E-2	0.379	0.380	0.341	0.775	0.847
1.952	-7.093E-3	8.570E-3	1.112E-2	1.825E-2	0.376	0.377	-0.244	-0.126	0.274
1.969	-7.097E-3	1.510E-2	1.668E-2	-1.274E-3	0.383	0.383	-0.478	-0.210	0.522
1.985	-7.136E-3	2.136E-2	2.252E-2	3.753E-3	0.366	0.366	-0.115	-1.043	1.049
2.002	-6.972E-3	2.731E-2	2.819E-2	-1.572E-3	0.348	0.348	-8.739E-2	-1.095	1.099
2.019	-7.188E-3	3.297E-2	3.375E-2	-4.507E-3	0.330	0.330	-3.665E-2	-0.727	0.728
2.035	-7.122E-3	3.831E-2	3.897E-2	1.599E-3	0.322	0.322	0.132	-0.533	0.549
2.052	-7.135E-3	4.372E-2	4.430E-2	-1.829E-3	0.315	0.315	-8.021E-2	-0.157	0.177
2.069	-7.183E-3	4.883E-2	4.935E-2	-1.269E-3	0.313	0.313	-0.125	-0.609	0.622
2.085	-7.177E-3	5.416E-2	5.463E-2	-4.682E-3	0.301	0.301	-3.687E-3	-0.982	0.982
2.102	-7.339E-3	5.886E-2	5.932E-2	-3.889E-3	0.275	0.275	-3.628E-2	-0.687	0.688
2.119	-7.307E-3	6.333E-2	6.375E-2	-2.832E-3	0.277	0.277	0.139	-0.395	0.419
2.135	-7.434E-3	6.811E-2	6.852E-2	-2.215E-3	0.268	0.268	1.761E-3	-0.493	0.493
2.152	-7.381E-3	7.227E-2	7.265E-2	-9.168E-5	0.253	0.253	0.126	-0.647	0.659
2.169	-7.437E-3	7.657E-2	7.693E-2	-1.709E-4	0.251	0.251	-0.188	-0.410	0.451
2.186	-7.387E-3	8.065E-2	8.099E-2	-3.982E-3	0.238	0.238	-1.893E-2	-0.681	0.681
2.202	-7.570E-3	8.452E-2	8.486E-2	-4.217E-3	0.228	0.228	8.854E-3	-0.454	0.455
2.219	-7.527E-3	8.827E-2	8.859E-2	-3.477E-4	0.223	0.223	0.250	-0.474	0.536
2.236	-7.581E-3	9.197E-2	9.228E-2	1.633E-3	0.214	0.214	-6.531E-2	-0.203	0.213
2.252	-7.473E-3	9.539E-2	9.569E-2	1.773E-4	0.213	0.213	-0.248	-0.566	0.618
2.269	-7.575E-3	9.908E-2	9.937E-2	-8.779E-3	0.201	0.201	-0.278	-0.346	0.444
2.286	-7.766E-3	0.102	0.102	-9.259E-3	0.193	0.193	-0.111	-0.714	0.722
2.302	-7.884E-3	0.106	0.106	-1.095E-2	0.186	0.186	-0.141	-0.539	0.557
2.319	-8.131E-3	0.108	0.109	-1.530E-2	0.168	0.169	-0.193	-0.760	0.784
2.336	-8.395E-3	0.111	0.111	-1.683E-2	0.164	0.165	0.431	-2.611E-2	0.432
2.352	-8.693E-3	0.114	0.114	-3.225E-3	0.165	0.165	0.168	0.292	0.337
2.369	-8.502E-3	0.117	0.117	-4.614E-3	0.175	0.175	-0.151	0.112	0.188
2.386	-8.847E-3	0.120	0.120	-1.566E-2	0.171	0.172	-0.471	-0.626	0.784
2.402	-9.025E-3	0.122	0.123	-1.587E-2	0.152	0.153	3.152E-2	-0.599	0.600
2.419	-9.376E-3	0.125	0.125	-1.734E-2	0.149	0.150	4.390E-2	-0.321	0.324
2.436	-9.603E-3	0.127	0.128	-1.273E-2	0.146	0.146	0.146	-0.259	0.297
2.452	-9.801E-3	0.130	0.130	-1.264E-2	0.137	0.137	4.169E-2	-0.867	0.868
2.469	-1.003E-2	0.132	0.132	-1.191E-2	0.120	0.121	-0.144	-0.209	0.254
2.486	-1.020E-2	0.134	0.134	-1.608E-2	0.123	0.124	6.336E-3	0.101	0.101
2.503	-1.056E-2	0.136	0.136	-1.457E-2	0.133	0.133	1.955E-2	9.588E-2	9.785E-2
2.519	-1.068E-2	0.138	0.138	-1.190E-2	0.121	0.122	-4.201E-2	-0.372	0.374
2.536	-1.096E-2	0.140	0.140	-1.807E-2	0.120	0.122	-0.437	-0.167	0.467
2.553	-1.129E-2	0.142	0.142	-2.546E-2	0.117	0.120	0.193	-0.137	0.237
2.569	-1.181E-2	0.144	0.144	-1.532E-2	0.114	0.115	0.465	-0.262	0.534
2.586	-1.180E-2	0.146	0.146	-3.931E-3	0.110	0.110	0.313	-5.142E-2	0.317
2.603	-1.194E-2	0.148	0.148	-8.442E-3	0.110	0.110	-0.419	-0.570	0.708
2.619	-1.208E-2	0.149	0.150	-1.616E-2	9.581E-2	9.716E-2	-8.462E-2	-0.299	0.310
2.636	-1.248E-2	0.151	0.151	-1.478E-2	9.203E-2	9.321E-2	-0.296	-0.148	0.331
2.653	-1.257E-2	0.153	0.153	-2.026E-2	9.868E-2	0.101	0.214	0.285	0.356
2.669	-1.315E-2	0.154	0.155	-1.582E-2	9.649E-2	9.777E-2	0.397	-0.287	0.490
2.686	-1.310E-2	0.156	0.156	8.618E-4	9.307E-2	9.308E-2	0.149	-0.271	0.309
2.703	-1.313E-2	0.157	0.158	-1.265E-2	8.411E-2	8.505E-2	-0.403	-0.107	0.417
2.719	-1.352E-2	0.159	0.159	-1.647E-2	8.994E-2	9.144E-2	-0.301	0.141	0.333
2.736	-1.368E-2	0.160	0.161	-1.778E-2	9.115E-2	9.287E-2	-0.193	-0.234	0.303
2.753	-1.412E-2	0.162	0.162	-2.643E-2	8.080E-2	8.501E-2	0.218	-0.455	0.504
2.769	-1.456E-2	0.163	0.164	-1.141E-2	7.503E-2	7.589E-2	0.288	-0.366	0.465
2.786	-1.450E-2	0.164	0.165	-1.051E-2	7.009E-2	7.087E-2	-8.543E-2	0.149	0.172
2.803	-1.491E-2	0.165	0.166	-2.098E-2	7.695E-2	7.976E-2	-0.378	-9.008E-2	0.389
2.819	-1.520E-2	0.167	0.167	-1.971E-2	7.333E-2	7.593E-2	7.399E-2	-6.760E-2	0.100
2.836	-1.557E-2	0.168	0.168	-2.002E-2	6.729E-2	7.021E-2	2.402E-2	-0.106	0.108
2.853	-1.587E-2	0.169	0.170	-1.796E-2	7.491E-2	7.703E-2	-4.316E-2	0.116	0.124
2.870	-1.617E-2	0.170	0.171	-2.130E-2	6.981E-2	7.299E-2	0.422	-0.499	0.654
2.886	-1.658E-2	0.171	0.172	-7.282E-3	5.864E-2	5.909E-2	0.151	-0.250	0.292
2.903	-1.641E-2	0.172	0.173	-8.224E-3	5.863E-2	5.920E-2	-4.566E-2	-5.890E-2	7.452E-2
2.920	-1.685E-2	0.173	0.174	-1.775E-2	6.082E-2	6.335E-2	-0.426	7.583E-2	0.433
2.936	-1.700E-2	0.174	0.175	-1.630E-2	5.804E-2	6.029E-2	0.140	0.108	0.177
2.953	-1.739E-2	0.175	0.176	-1.732E-2	6.538E-2	6.764E-2	-3.694E-2	-0.277	0.280
2.970	-1.758E-2	0.176	0.177	-1.424E-2	5.221E-2	5.411E-2	-0.150	-0.300	0.335
2.986	-1.787E-2	0.177	0.178	-2.330E-2	4.778E-2	5.316E-2	-0.105	-0.181	0.209
3.003	-1.836E-2	0.178	0.179	-2.022E-2	5.356E-2	5.725E-2	0.199	2.118E-2	0.200
3.020	-1.854E-2	0.179	0.180	-1.301E-2	4.465E-2	4.651E-2	0.447	0.115	0.461
3.036	-1.879E-2	0.179	0.180	-8.046E-3	5.621E-2	5.678E-2	0.233	0.251	0.343
3.053	-1.881E-2	0.181	0.182	-2.856E-3	5.847E-2	5.854E-2	-0.340	-0.224	0.407
3.070	-1.889E-2	0.181	0.182	-1.872E-2	4.432E-2	4.811E-2	-0.297	-0.466	0.553
3.086	-1.944E-2	0.182	0.183	-1.870E-2	4.314E-2	4.702E-2	5.334E-2	-1.985E-2	5.692E-2
3.103	-1.951E-2	0.183	0.184	-9.974E-3	4.488E-2	4.597E-2	2.994E-2	0.161	0.164
3.120	-1.977E-2	0.184	0.185	-2.065E-2	4.758E-2	5.186E-2	-0.183	-0.412	0.451
3.136	-2.020E-2	0.184	0.185	-1.785E-2	3.445E-2	3.880E-2	4.149E-2	-2.810E-2	5.011E-2
3.153	-2.037E-2	0.185	0.186	-1.552E-2	3.858E-2	4.158E-2	7.367E-2	0.224	0.235
3.170	-2.072E-2	0.186	0.187	-1.845E-2	5.122E-2	5.444E-2	-0.236	0.283	0.369
3.187	-2.098E-2	0.186	0.188	-2.113E-2	4.293E-2	4.785E-2	2.375E-2	-0.418	0.418
3.203	-2.142E-2	0.187	0.188	-2.039E-2	3.880E-2	4.383E-2	-2.016E-2	-0.107	0.109
3.220	-2.166E-2	0.188	0.189	-1.872E-2	3.797E-2	4.233E-2	0.369	-0.391	0.537
3.237	-2.205E-2	0.188	0.190	-1.178E-2	2.882E-2	3.113E-2	0.255	-0.217	0.335
3.253	-2.205E-2	0.189	0.190	-5.638E-3	2.563E-2	2.624E-2	-4.519E-2	0.280	0.284
3.270	-2.223E-2	0.189	0.191	-1.567E-2	4.139E-2	4.426E-2	-0.374	0.139	0.399
3.287	-2.258E-2	0.190	0.191	-1.902E-2	3.316E-2	3.823E-2	-6.400E-2	-0.145	0.159
3.303	-2.287E-2	0.190	0.192	-1.676E-2	2.956E-2	3.398E-2	0.106	-0.295	0.313
3.320	-2.314E-2	0.191	0.192	-1.557E-2	3.036E-2	3.412E-2	5.211E-2	0.138	0.148
3.337	-2.339E-2	0.191	0.193	-1.500E-2	2.819E-2	3.193E-2	-0.139	-8.857E-3	0.139
3.353	-2.364E-2	0.192	0.193	-1.958E-2	3.442E-2	3.960E-2	0.149	0.332	0.364
3.370	-2.404E-2	0.193	0.194	-1.298E-2	3.668E-2	3.891E-2	0.178	-7.172E-2	0.192
3.387	-2.407E-2	0.193	0.195	-8.739E-3	3.466E-2	3.575E-2	-0.150	-0.261	0.301
3.403	-2.433E-2	0.194	0.195	-2.087E-2	2.571E-2	3.311E-2	-0.306	-0.110	0.325
3.420	-2.477E-2	0.194	0.196	-2.021E-2	3.033E-2	3.645E-2	0.304	1.032E-3	0.304
3.437	-2.501E-2	0.195	0.196	-9.122E-3	2.918E-2	3.057E-2	-6.611E-2	-7.677E-2	0.101
3.453	-2.507E-2	0.195	0.197	-1.947E-2	2.407E-2	3.096E-2	-0.301	-5.511E-2	0.306
3.470	-2.566E-2	0.195	0.197	-2.576E-2	2.904E-2	3.882E-2	9.132E-3	9.672E-2	9.715E-2
3.487	-2.593E-2	0.196	0.198	-1.451E-2	2.791E-2	3.146E-2	1.841E-2	-0.234	0.234
3.504	-2.614E-2	0.196	0.198	-2.430E-2	2.064E-2	3.188E-2	-0.208	-0.194	0.285
3.520	-2.674E-2	0.197	0.198	-2.640E-2	2.018E-2	3.322E-2	0.286	-2.318E-2	0.287
3.537	-2.702E-2	0.197	0.199	-1.118E-2	2.179E-2	2.449E-2	0.380	0.337	0.508
3.554	-2.711E-2	0.197	0.199	-1.247E-2	2.898E-2	3.155E-2	-0.209	9.348E-2	0.229
3.570	-2.744E-2	0.198	0.200	-2.077E-2	2.914E-2	3.578E-2	-0.295	-0.262	0.394
3.587	-2.781E-2	0.198	0.200	-2.173E-2	1.680E-2	2.747E-2	3.260E-2	-0.365	0.366
3.604	-2.816E-2	0.199	0.201	-1.964E-2	1.686E-2	2.588E-2	0.158	0.138	0.210
3.620	-2.846E-2	0.199	0.201	-1.624E-2	2.248E-2	2.773E-2	-6.685E-2	0.110	0.129
3.637	-2.871E-2	0.199	0.201	-2.076E-2	2.123E-2	2.969E-2	-0.163	9.651E-2	0.189
3.654	-2.915E-2	0.200	0.202	-2.408E-2	2.352E-2	3.366E-2	-0.150	9.199E-2	0.176
3.670	-2.951E-2	0.200	0.202	-2.372E-2	2.684E-2	3.582E-2	2.087E-2	-0.149	0.151
3.687	-2.995E-2	0.201	0.203	-2.472E-2	1.790E-2	3.052E-2	0.103	-0.361	0.376
3.704	-3.033E-2	0.201	0.203	-1.995E-2	1.308E-2	2.385E-2	0.408	-0.154	0.437
3.720	-3.061E-2	0.201	0.203	-1.116E-2	1.419E-2	1.805E-2	1.403E-2	0.247	0.248
3.737	-3.071E-2	0.201	0.204	-1.678E-2	2.006E-2	2.615E-2	-0.313	1.908E-2	0.314
3.754	-3.117E-2	0.202	0.204	-2.588E-2	1.792E-2	3.148E-2	-0.596	-0.265	0.652
3.770	-3.157E-2	0.202	0.204	-3.315E-2	8.090E-3	3.412E-2	-1.355E-2	1.431E-2	1.971E-2
3.787	-3.228E-2	0.202	0.204	-3.093E-2	1.767E-2	3.562E-2	0.402	0.284	0.492
3.804	-3.260E-2	0.202	0.205	-1.564E-2	2.184E-2	2.687E-2	0.289	-0.180	0.341
3.820	-3.280E-2	0.203	0.205	-2.060E-2	9.038E-3	2.250E-2	-0.202	-0.245	0.318
3.837	-3.329E-2	0.203	0.205	-2.590E-2	1.166E-2	2.841E-2	1.387E-3	0.119	0.119
3.854	-3.366E-2	0.203	0.206	-1.886E-2	1.685E-2	2.529E-2	0.448	0.209	0.494
3.871	-3.392E-2	0.203	0.206	-1.102E-2	1.603E-2	1.945E-2	0.156	-0.251	0.296
3.887	-3.403E-2	0.204	0.206	-1.219E-2	1.086E-2	1.633E-2	-0.198	-0.271	0.336
3.904	-3.432E-2	0.204	0.207	-1.949E-2	4.203E-3	1.994E-2	-0.811	-0.226	0.842
3.921	-3.468E-2	0.204	0.207	-3.684E-2	4.845E-3	3.716E-2	-0.473	0.215	0.520
3.937	-3.555E-2	0.204	0.207	-4.102E-2	1.022E-2	4.227E-2	0.305	-3.057E-2	0.307
3.954	-3.605E-2	0.204	0.207	-2.230E-2	6.912E-3	2.335E-2	0.510	-0.191	0.544
3.971	-3.630E-2	0.204	0.207	-2.241E-2	3.201E-5	2.241E-2	8.244E-2	-0.203	0.219
3.987	-3.680E-2	0.204	0.207	-2.368E-2	2.155E-3	2.378E-2	-0.171	-3.048E-2	0.173
4.004	-3.709E-2	0.204	0.207	-2.425E-2	-9.707E-4	2.427E-2	-8.000E-2	-3.880E-2	8.891E-2
4.021	-3.761E-2	0.204	0.207	-2.945E-2	-4.277E-4	2.945E-2	0.122	-6.853E-2	0.140
4.037	-3.807E-2	0.204	0.208	-1.985E-2	-1.250E-3	1.989E-2	0.343	-0.193	0.394
4.054	-3.827E-2	0.204	0.208	-1.547E-2	-8.207E-3	1.751E-2	-0.264	-0.215	0.341
4.071	-3.859E-2	0.204	0.207	-2.935E-2	-8.865E-3	3.066E-2	-0.642	0.105	0.651
4.087	-3.925E-2	0.204	0.207	-3.938E-2	-4.116E-3	3.959E-2	-0.135	0.329	0.355
4.104	-3.990E-2	0.204	0.208	-3.313E-2	2.097E-3	3.320E-2	0.515	-5.936E-2	0.518
4.121	-4.035E-2	0.204	0.208	-2.137E-2	-4.099E-3	2.176E-2	0.565	-0.235	0.612
4.137	-4.061E-2	0.204	0.208	-1.372E-2	-9.623E-3	1.676E-2	3.173E-2	-0.238	0.240
4.154	-4.081E-2	0.203	0.207	-1.952E-2	-8.962E-3	2.148E-2	-0.588	-0.188	0.618
4.171	-4.127E-2	0.203	0.207	-3.472E-2	-1.686E-2	3.860E-2	-0.209	-8.507E-2	0.226
4.188	-4.197E-2	0.203	0.207	-2.940E-2	-1.364E-2	3.241E-2	0.204	0.139	0.247
4.204	-4.225E-2	0.203	0.207	-2.231E-2	-9.004E-3	2.406E-2	0.103	-2.808E-2	0.107
4.221	-4.272E-2	0.203	0.207	-2.930E-2	-1.595E-2	3.336E-2	-0.172	-0.357	0.396
4.238	-4.322E-2	0.202	0.207	-2.792E-2	-2.140E-2	3.518E-2	-1.037E-2	-0.327	0.327
4.254	-4.365E-2	0.202	0.207	-2.832E-2	-2.623E-2	3.860E-2	0.128	-0.154	0.200
4.271	-4.417E-2	0.201	0.206	-2.566E-2	-2.757E-2	3.766E-2	5.018E-2	0.149	0.158
4.288	-4.450E-2	0.201	0.206	-2.404E-2	-2.087E-2	3.183E-2	0.126	-0.160	0.203
4.304	-4.497E-2	0.201	0.206	-2.399E-2	-2.989E-2	3.832E-2	-1.672E-2	0.145	0.146
4.321	-4.530E-2	0.200	0.205	-2.250E-2	-2.349E-2	3.252E-2	-0.108	-0.424	0.437
4.338	-4.572E-2	0.200	0.205	-2.842E-2	-3.220E-2	4.295E-2	-0.395	-0.239	0.462
4.354	-4.625E-2	0.199	0.204	-3.572E-2	-4.488E-2	5.735E-2	0.336	-4.329E-2	0.339
4.371	-4.691E-2	0.198	0.204	-2.058E-2	-2.538E-2	3.268E-2	0.271	0.362	0.452
4.388	-4.694E-2	0.198	0.204	-1.827E-2	-3.264E-2	3.740E-2	-6.331E-2	-9.569E-2	0.115
4.404	-4.752E-2	0.197	0.203	-3.081E-2	-3.347E-2	4.549E-2	-0.289	-0.157	0.328
4.421	-4.797E-2	0.197	0.203	-2.458E-2	-3.234E-2	4.062E-2	0.309	-0.314	0.441
4.438	-4.834E-2	0.196	0.202	-2.078E-2	-4.696E-2	5.135E-2	0.105	-0.377	0.391
4.454	-4.866E-2	0.195	0.201	-2.061E-2	-4.634E-2	5.071E-2	-0.292	-3.220E-2	0.294
4.471	-4.903E-2	0.195	0.201	-3.013E-2	-4.459E-2	5.382E-2	-0.399	-5.982E-2	0.403
4.488	-4.966E-2	0.194	0.200	-3.620E-2	-5.052E-2	6.215E-2	0.422	0.256	0.493
4.505	-5.024E-2	0.193	0.199	-1.690E-2	-3.766E-2	4.128E-2	0.135	2.033E-2	0.137
4.521	-5.023E-2	0.193	0.199	-2.352E-2	-4.296E-2	4.898E-2	-0.363	-0.377	0.523
4.538	-5.102E-2	0.192	0.198	-3.955E-2	-5.827E-2	7.043E-2	7.499E-2	-0.368	0.376
4.555	-5.155E-2	0.191	0.197	-1.730E-2	-5.177E-2	5.458E-2	0.556	0.148	0.575
4.571	-5.160E-2	0.190	0.197	-1.622E-2	-5.265E-2	5.509E-2	2.952E-2	-0.124	0.127
4.588	-5.209E-2	0.189	0.196	-2.300E-2	-5.712E-2	6.157E-2	-0.357	-0.212	0.415
4.605	-5.237E-2	0.188	0.195	-2.346E-2	-5.932E-2	6.379E-2	-0.227	9.027E-2	0.244
4.621	-5.287E-2	0.187	0.194	-3.303E-2	-5.509E-2	6.423E-2	0.130	7.959E-2	0.152
4.638	-5.347E-2	0.186	0.194	-2.105E-2	-5.427E-2	5.822E-2	-2.878E-2	-0.161	0.163
4.655	-5.357E-2	0.185	0.193	-2.650E-2	-6.210E-2	6.752E-2	3.132E-2	-0.261	0.262
4.671	-5.435E-2	0.184	0.192	-3.023E-2	-6.348E-2	7.031E-2	-0.148	-9.738E-2	0.177
4.688	-5.458E-2	0.183	0.191	-2.260E-2	-6.404E-2	6.791E-2	2.086E-2	-0.131	0.132
4.705	-5.511E-2	0.182	0.190	-3.403E-2	-6.848E-2	7.647E-2	-6.082E-2	4.926E-2	7.826E-2
4.721	-5.572E-2	0.181	0.189	-2.568E-2	-6.363E-2	6.862E-2	0.243	4.646E-2	0.248
4.738	-5.596E-2	0.180	0.188	-2.145E-2	-6.367E-2	6.718E-2	-0.220	-4.985E-2	0.226
4.755	-5.643E-2	0.179	0.187	-3.548E-2	-6.856E-2	7.720E-2	0.194	-0.147	0.244
4.771	-5.715E-2	0.177	0.186	-1.942E-2	-6.692E-2	6.968E-2	0.248	-0.373	0.448
4.788	-5.708E-2	0.176	0.185	-1.655E-2	-7.967E-2	8.137E-2	1.193E-2	-1.122E-2	1.638E-2
4.805	-5.770E-2	0.175	0.184	-2.931E-2	-7.342E-2	7.905E-2	-0.382	0.471	0.607
4.821	-5.806E-2	0.174	0.183	-2.384E-2	-5.662E-2	6.143E-2	0.352	0.392	0.526
4.838	-5.850E-2	0.173	0.183	-2.017E-2	-6.287E-2	6.603E-2	-6.960E-2	-0.447	0.452
4.855	-5.873E-2	0.172	0.182	-2.292E-2	-7.189E-2	7.546E-2	-1.236E-2	-0.298	0.298
4.872	-5.926E-2	0.171	0.181	-2.487E-2	-7.384E-2	7.791E-2	-0.309	-0.188	0.361
4.888	-5.956E-2	0.169	0.180	-2.857E-2	-7.608E-2	8.126E-2	-0.398	-0.158	0.428
4.905	-6.021E-2	0.168	0.178	-4.168E-2	-8.087E-2	9.098E-2	-0.206	-0.129	0.243
4.922	-6.095E-2	0.167	0.177	-3.594E-2	-7.980E-2	8.752E-2	0.519	-0.106	0.529
4.938	-6.141E-2	0.165	0.176	-2.232E-2	-8.345E-2	8.639E-2	0.561	0.179	0.588
4.955	-6.170E-2	0.164	0.175	-1.698E-2	-7.692E-2	7.878E-2	-0.446	-3.728E-2	0.447
4.972	-6.198E-2	0.163	0.174	-3.525E-2	-7.894E-2	8.646E-2	-0.448	-0.273	0.524
4.988	-6.287E-2	0.161	0.173	-3.927E-2	-9.150E-2	9.957E-2	0.433	8.024E-2	0.441
5.005	-6.329E-2	0.160	0.172	-1.539E-2	-7.627E-2	7.781E-2	0.472	0.322	0.572
5.022	-6.339E-2	0.159	0.171	-2.076E-2	-7.480E-2	7.763E-2	-0.322	-1.529E-2	0.322
5.038	-6.398E-2	0.157	0.170	-3.220E-2	-8.327E-2	8.928E-2	-0.350	-0.599	0.694
5.055	-6.446E-2	0.156	0.169	-2.927E-2	-8.998E-2	9.462E-2	-6.308E-2	1.327E-3	6.310E-2
5.072	-6.496E-2	0.154	0.167	-3.428E-2	-8.891E-2	9.528E-2	-9.704E-2	8.927E-2	0.132
5.088	-6.561E-2	0.153	0.166	-3.437E-2	-8.116E-2	8.814E-2	0.129	0.338	0.362
5.105	-6.611E-2	0.151	0.165	-2.830E-2	-8.138E-2	8.616E-2	0.455	-0.122	0.471
5.122	-6.655E-2	0.150	0.164	-2.027E-2	-8.250E-2	8.495E-2	1.130E-2	-0.371	0.371
5.138	-6.678E-2	0.149	0.163	-2.477E-2	-9.501E-2	9.819E-2	-1.774E-3	-0.217	0.217
5.155	-6.738E-2	0.147	0.162	-2.577E-2	-9.230E-2	9.583E-2	-0.269	3.178E-2	0.271
5.172	-6.764E-2	0.146	0.161	-2.767E-2	-8.927E-2	9.346E-2	-0.270	-0.248	0.367
5.189	-6.830E-2	0.144	0.159	-3.956E-2	-0.103	0.110	-0.125	-0.352	0.374
5.205	-6.896E-2	0.142	0.158	-3.137E-2	-0.103	0.108	0.520	7.636E-2	0.526
5.222	-6.935E-2	0.141	0.157	-2.024E-2	-9.722E-2	9.931E-2	0.397	0.317	0.508
5.239	-6.964E-2	0.139	0.155	-1.834E-2	-9.426E-2	9.603E-2	-0.588	0.541	0.799
5.255	-6.996E-2	0.137	0.154	-3.789E-2	-7.945E-2	8.802E-2	-0.203	0.128	0.240
5.272	-7.090E-2	0.136	0.154	-3.358E-2	-8.508E-2	9.147E-2	0.248	-0.780	0.818
5.289	-7.108E-2	0.135	0.152	-1.921E-2	-0.110	0.112	0.147	-0.496	0.517
5.305	-7.154E-2	0.133	0.151	-3.356E-2	-0.104	0.109	-0.225	0.885	0.913
5.322	-7.220E-2	0.131	0.150	-2.870E-2	-7.695E-2	8.213E-2	0.261	8.453E-2	0.275
5.339	-7.250E-2	0.130	0.149	-2.059E-2	-9.569E-2	9.788E-2	0.244	-0.591	0.640
5.355	-7.289E-2	0.128	0.147	-2.286E-2	-0.109	0.112	-0.189	-0.511	0.545
5.372	-7.326E-2	0.126	0.146	-2.595E-2	-0.102	0.106	-0.196	0.689	0.716
5.389	-7.375E-2	0.125	0.145	-3.029E-2	-9.409E-2	9.884E-2	-0.147	0.207	0.254
5.405	-7.427E-2	0.123	0.144	-3.072E-2	-8.736E-2	9.261E-2	-0.224	-0.320	0.390
5.422	-7.478E-2	0.122	0.143	-3.656E-2	-0.109	0.115	2.661E-2	-0.583	0.584
5.439	-7.549E-2	0.120	0.141	-3.312E-2	-0.110	0.115	4.937E-2	0.296	0.300
5.455	-7.588E-2	0.118	0.140	-3.022E-2	-9.537E-2	0.100	5.286E-2	0.450	0.453
5.472	-7.650E-2	0.116	0.139	-3.503E-2	-9.429E-2	0.101	-0.242	-0.108	0.265
5.489	-7.705E-2	0.115	0.138	-3.625E-2	-0.100	0.107	0.347	-0.353	0.495
5.506	-7.771E-2	0.113	0.137	-2.654E-2	-0.106	0.109	0.330	4.372E-2	0.333
5.522	-7.794E-2	0.111	0.136	-2.010E-2	-0.101	0.102	-7.528E-2	-0.142	0.161
5.539	-7.838E-2	0.110	0.135	-3.203E-2	-0.106	0.111	-0.225	-0.173	0.284
5.556	-7.901E-2	0.108	0.134	-2.933E-2	-0.112	0.116	3.078E-2	-5.888E-2	6.644E-2
5.572	-7.936E-2	0.106	0.132	-2.711E-2	-0.104	0.107	7.615E-2	0.168	0.184
5.589	-7.991E-2	0.104	0.131	-3.002E-2	-0.107	0.111	-6.798E-2	5.891E-2	8.996E-2
5.606	-8.036E-2	0.102	0.130	-2.763E-2	-0.104	0.108	-0.123	0.370	0.389
5.622	-8.083E-2	0.101	0.129	-3.387E-2	-9.267E-2	9.867E-2	-0.246	0.163	0.296
5.639	-8.149E-2	9.937E-2	0.129	-3.769E-2	-9.713E-2	0.104	0.130	-0.405	0.425
5.656	-8.209E-2	9.759E-2	0.128	-2.913E-2	-0.109	0.113	0.283	-0.263	0.387
5.672	-8.247E-2	9.572E-2	0.126	-2.608E-2	-0.106	0.109	-0.284	-9.272E-2	0.299
5.689	-8.296E-2	9.405E-2	0.125	-3.923E-2	-0.109	0.116	-6.762E-2	0.510	0.514
5.706	-8.377E-2	9.209E-2	0.124	-3.283E-2	-9.558E-2	0.101	0.240	-2.961E-2	0.242
5.722	-8.406E-2	9.086E-2	0.124	-2.426E-2	-9.887E-2	0.102	0.422	-3.866E-2	0.424
5.739	-8.458E-2	8.879E-2	0.123	-2.418E-2	-0.109	0.112	-0.297	-0.158	0.337
5.756	-8.486E-2	8.721E-2	0.122	-2.920E-2	-9.607E-2	0.100	-0.209	0.135	0.249
5.772	-8.556E-2	8.558E-2	0.121	-3.652E-2	-0.106	0.112	1.190E-2	-0.127	0.127
5.789	-8.608E-2	8.367E-2	0.120	-2.628E-2	-0.104	0.107	0.193	0.311	0.366
5.806	-8.643E-2	8.211E-2	0.119	-2.835E-2	-9.176E-2	9.604E-2	-0.209	1.121	1.140
5.822	-8.703E-2	8.060E-2	0.119	-3.595E-2	-7.058E-2	7.921E-2	-0.285	1.108	1.144
5.839	-8.763E-2	7.975E-2	0.118	-3.688E-2	-4.960E-2	6.180E-2	-8.738E-2	0.781	0.786
5.856	-8.826E-2	7.895E-2	0.118	-3.874E-2	-4.709E-2	6.098E-2	0.418	0.101	0.430
5.873	-8.893E-2	7.818E-2	0.118	-2.536E-2	-4.607E-2	5.259E-2	0.715	0.396	0.817
5.889	-8.910E-2	7.741E-2	0.118	-1.048E-2	-3.559E-2	3.710E-2	0.638	0.664	0.920
5.906	-8.928E-2	7.700E-2	0.118	-6.678E-3	-2.139E-2	2.241E-2	0.127	6.220E-2	0.142
5.923	-8.933E-2	7.670E-2	0.118	-4.919E-3	-3.198E-2	3.236E-2	0.260	-0.391	0.470
5.939	-8.944E-2	7.593E-2	0.117	-5.189E-5	-3.991E-2	3.991E-2	0.175	0.275	0.326
5.956	-8.933E-2	7.537E-2	0.117	3.588E-3	-2.082E-2	2.113E-2	3.002E-2	0.651	0.652
5.973	-8.932E-2	7.523E-2	0.117	-7.523E-4	-1.448E-2	1.450E-2	-0.199	-7.047E-2	0.211
5.989	-8.935E-2	7.488E-2	0.117	-2.808E-3	-2.613E-2	2.628E-2	9.817E-4	-0.642	0.642
6.006	-8.941E-2	7.436E-2	0.116	-1.158E-3	-3.580E-2	3.582E-2	0.137	-0.183	0.228
6.023	-8.939E-2	7.369E-2	0.116	2.442E-3	-3.374E-2	3.383E-2	-0.104	1.646E-2	0.105
6.039	-8.933E-2	7.324E-2	0.116	-3.645E-3	-3.202E-2	3.223E-2	-2.617E-2	0.122	0.125
6.056	-8.951E-2	7.262E-2	0.115	-1.906E-3	-3.262E-2	3.267E-2	-7.191E-2	-4.445E-3	7.205E-2
6.073	-8.940E-2	7.215E-2	0.115	-1.291E-3	-3.001E-2	3.004E-2	0.128	7.607E-2	0.149
6.089	-8.956E-2	7.162E-2	0.115	-2.305E-3	-3.124E-2	3.132E-2	9.498E-2	9.659E-2	0.135
6.106	-8.947E-2	7.111E-2	0.114	5.121E-3	-2.696E-2	2.745E-2	-2.719E-5	-2.546E-2	2.546E-2
6.123	-8.939E-2	7.072E-2	0.114	-2.232E-3	-3.007E-2	3.015E-2	-0.122	-0.182	0.219
6.139	-8.955E-2	7.010E-2	0.114	-2.194E-3	-3.573E-2	3.580E-2	-0.145	-0.171	0.224
6.156	-8.946E-2	6.953E-2	0.113	-2.700E-3	-3.442E-2	3.453E-2	5.750E-2	-8.552E-2	0.103
6.173	-8.964E-2	6.895E-2	0.113	-4.538E-3	-3.821E-2	3.848E-2	-1.589E-2	-4.020E-2	4.322E-2
6.190	-8.961E-2	6.825E-2	0.113	-6.030E-5	-3.751E-2	3.751E-2	-2.604E-2	0.171	0.173
6.206	-8.964E-2	6.770E-2	0.112	-6.163E-3	-3.097E-2	3.158E-2	-8.591E-2	9.783E-2	0.130
6.223	-8.982E-2	6.722E-2	0.112	-4.755E-3	-3.364E-2	3.398E-2	0.160	-0.397	0.428
6.240	-8.980E-2	6.658E-2	0.112	1.388E-3	-4.492E-2	4.494E-2	-0.200	-0.376	0.426
6.256	-8.977E-2	6.572E-2	0.111	-1.041E-2	-4.791E-2	4.903E-2	-0.464	-0.577	0.740
6.273	-9.015E-2	6.498E-2	0.111	-1.824E-2	-5.997E-2	6.268E-2	-0.126	8.356E-3	0.126
6.290	-9.038E-2	6.372E-2	0.111	-1.191E-2	-5.549E-2	5.676E-2	0.307	0.442	0.538
6.306	-9.054E-2	6.313E-2	0.110	-8.280E-3	-3.699E-2	3.791E-2	8.880E-2	0.376	0.386
6.323	-9.065E-2	6.248E-2	0.110	-8.499E-3	-4.533E-2	4.612E-2	-0.144	-1.023E-2	0.144
6.340	-9.083E-2	6.162E-2	0.110	-1.341E-2	-4.064E-2	4.280E-2	8.414E-2	0.160	0.180
6.356	-9.110E-2	6.113E-2	0.110	-7.570E-3	-3.497E-2	3.578E-2	0.229	-0.266	0.352
6.373	-9.108E-2	6.045E-2	0.109	-2.269E-3	-5.129E-2	5.134E-2	8.354E-2	-0.278	0.291
6.390	-9.118E-2	5.942E-2	0.109	-6.930E-3	-4.840E-2	4.889E-2	-0.296	0.128	0.323
6.406	-9.131E-2	5.883E-2	0.109	-1.145E-2	-4.082E-2	4.239E-2	-0.309	0.146	0.342
6.423	-9.156E-2	5.806E-2	0.108	-1.769E-2	-4.708E-2	5.029E-2	-0.245	-0.582	0.631
6.440	-9.190E-2	5.726E-2	0.108	-2.001E-2	-5.798E-2	6.133E-2	0.477	-0.187	0.513
6.456	-9.223E-2	5.612E-2	0.108	-3.525E-3	-5.781E-2	5.791E-2	0.307	-0.104	0.324
6.473	-9.202E-2	5.534E-2	0.107	-3.030E-3	-5.567E-2	5.575E-2	-0.414	0.329	0.529
6.490	-9.233E-2	5.426E-2	0.107	-2.336E-2	-5.249E-2	5.745E-2	-0.548	0.234	0.596
6.507	-9.280E-2	5.358E-2	0.107	-2.143E-2	-4.295E-2	4.800E-2	0.148	-1.949E-2	0.149
6.523	-9.304E-2	5.283E-2	0.107	-1.567E-2	-5.416E-2	5.638E-2	0.592	-0.407	0.718
6.540	-9.332E-2	5.178E-2	0.107	-4.654E-3	-5.933E-2	5.951E-2	0.366	0.231	0.433
6.557	-9.320E-2	5.085E-2	0.106	1.032E-3	-4.549E-2	4.551E-2	-0.289	-2.504E-2	0.291
6.573	-9.329E-2	5.026E-2	0.106	-1.627E-2	-5.506E-2	5.741E-2	-0.632	-0.219	0.669
6.590	-9.374E-2	4.901E-2	0.106	-2.292E-2	-6.167E-2	6.579E-2	-0.141	-0.390	0.415
6.607	-9.405E-2	4.820E-2	0.106	-1.824E-2	-5.997E-2	6.268E-2	0.430	3.972E-2	0.432
6.623	-9.435E-2	4.701E-2	0.105	-1.017E-2	-6.614E-2	6.692E-2	0.212	-0.196	0.288
6.640	-9.439E-2	4.599E-2	0.105	-8.199E-3	-6.313E-2	6.366E-2	-6.916E-2	0.230	0.240
6.657	-9.462E-2	4.491E-2	0.105	-1.506E-2	-6.047E-2	6.232E-2	-0.410	-0.162	0.441
6.673	-9.489E-2	4.398E-2	0.105	-2.075E-2	-6.549E-2	6.870E-2	0.123	9.510E-2	0.156
6.690	-9.532E-2	4.272E-2	0.104	-1.374E-2	-6.258E-2	6.407E-2	0.161	-0.111	0.195
6.707	-9.535E-2	4.189E-2	0.104	-1.027E-2	-6.239E-2	6.323E-2	-9.790E-2	-0.265	0.282
6.723	-9.566E-2	4.064E-2	0.104	-2.065E-2	-7.655E-2	7.928E-2	-0.158	-1.014E-2	0.159
6.740	-9.604E-2	3.933E-2	0.104	-1.603E-2	-6.352E-2	6.551E-2	0.305	0.295	0.424
6.757	-9.619E-2	3.852E-2	0.104	-8.304E-3	-6.058E-2	6.115E-2	-0.101	-0.206	0.229
6.773	-9.632E-2	3.731E-2	0.103	-1.857E-2	-7.541E-2	7.766E-2	-0.387	-0.402	0.557
6.790	-9.681E-2	3.600E-2	0.103	-2.514E-2	-7.384E-2	7.800E-2	0.187	0.226	0.293
6.807	-9.716E-2	3.485E-2	0.103	-1.085E-2	-6.650E-2	6.738E-2	0.287	0.316	0.427
6.823	-9.718E-2	3.378E-2	0.103	-1.186E-2	-6.326E-2	6.436E-2	8.004E-2	1.844E-2	8.214E-2
6.840	-9.755E-2	3.274E-2	0.103	-1.391E-2	-6.569E-2	6.715E-2	-0.169	-0.610	0.633
6.857	-9.764E-2	3.159E-2	0.103	-1.242E-2	-8.257E-2	8.350E-2	0.146	-0.159	0.215
6.874	-9.797E-2	2.998E-2	0.102	-1.329E-2	-7.728E-2	7.841E-2	-0.186	0.248	0.310
6.890	-9.808E-2	2.901E-2	0.102	-1.466E-2	-6.574E-2	6.736E-2	-0.129	0.316	0.341
6.907	-9.846E-2	2.779E-2	0.102	-2.094E-2	-7.188E-2	7.487E-2	3.608E-2	-0.481	0.483
6.924	-9.878E-2	2.662E-2	0.102	-1.286E-2	-7.904E-2	8.008E-2	3.932E-2	-7.986E-2	8.901E-2
6.940	-9.889E-2	2.515E-2	0.102	-1.650E-2	-7.855E-2	8.026E-2	-3.341E-2	0.182	0.185
6.957	-9.933E-2	2.399E-2	0.102	-1.895E-2	-6.913E-2	7.168E-2	-1.379E-2	0.653	0.653
6.974	-9.952E-2	2.285E-2	0.102	-1.301E-2	-5.936E-2	6.077E-2	0.314	0.979	1.028
6.990	-9.977E-2	2.201E-2	0.102	-1.069E-2	-3.578E-2	3.734E-2	9.532E-2	0.692	0.699
7.007	-9.987E-2	2.165E-2	0.102	-8.146E-3	-3.212E-2	3.314E-2	-0.113	0.387	0.403
7.024	-0.100	2.094E-2	0.102	-1.481E-2	-2.968E-2	3.316E-2	-2.554E-2	0.344	0.345
7.040	-0.100	2.066E-2	0.102	-1.141E-2	-1.566E-2	1.938E-2	-0.343	0.135	0.368
7.057	-0.100	2.042E-2	0.102	-2.060E-2	-2.516E-2	3.252E-2	-0.186	-0.212	0.282
7.074	-0.101	1.982E-2	0.103	-2.564E-2	-2.720E-2	3.738E-2	0.179	6.284E-2	0.190
7.090	-0.101	1.951E-2	0.103	-9.072E-3	-1.901E-2	2.107E-2	0.389	0.220	0.447
7.107	-0.101	1.919E-2	0.103	-1.228E-2	-2.099E-2	2.432E-2	2.541E-4	-0.517	0.517
7.124	-0.102	1.881E-2	0.103	-1.267E-2	-3.487E-2	3.710E-2	2.915E-2	-0.582	0.583
7.140	-0.102	1.802E-2	0.103	-8.017E-3	-4.416E-2	4.489E-2	0.512	-0.723	0.886
7.157	-0.102	1.734E-2	0.103	1.194E-3	-5.445E-2	5.447E-2	0.238	-0.837	0.870
7.174	-0.102	1.621E-2	0.103	4.612E-3	-7.527E-2	7.541E-2	-0.197	-0.862	0.884
7.191	-0.102	1.483E-2	0.103	-8.527E-3	-8.336E-2	8.379E-2	-0.231	-0.604	0.646
7.207	-0.102	1.343E-2	0.103	-4.722E-3	-9.320E-2	9.332E-2	0.307	0.194	0.363
7.224	-0.102	1.172E-2	0.103	4.926E-3	-8.230E-2	8.245E-2	0.314	0.345	0.467
7.241	-0.102	1.068E-2	0.102	4.788E-3	-7.307E-2	7.322E-2	-0.604	-0.132	0.619
7.257	-0.102	9.279E-3	0.102	-1.312E-2	-9.161E-2	9.254E-2	-0.250	-0.266	0.365
7.274	-0.102	7.623E-3	0.103	-1.107E-2	-8.465E-2	8.537E-2	3.276E-2	0.724	0.725
7.291	-0.102	6.454E-3	0.102	-2.583E-3	-6.316E-2	6.321E-2	0.111	0.939	0.945
7.307	-0.102	5.516E-3	0.103	-1.318E-2	-5.380E-2	5.539E-2	-3.922E-2	0.503	0.505
7.324	-0.103	4.659E-3	0.103	-3.687E-3	-4.722E-2	4.736E-2	0.361	0.303	0.471
7.341	-0.103	3.940E-3	0.103	2.064E-3	-4.290E-2	4.295E-2	7.037E-2	-0.156	0.171
7.357	-0.103	3.228E-3	0.103	-3.461E-3	-5.167E-2	5.178E-2	-0.248	-0.337	0.418
7.374	-0.103	2.216E-3	0.103	-6.108E-3	-5.722E-2	5.755E-2	0.249	0.353	0.432
7.391	-0.103	1.319E-3	0.103	3.419E-3	-3.964E-2	3.979E-2	0.262	1.315	1.341
7.407	-0.103	8.935E-4	0.103	6.700E-3	-1.174E-2	1.352E-2	-3.003E-2	1.604	1.604
7.424	-0.103	9.268E-4	0.103	-9.702E-4	1.405E-2	1.408E-2	-0.152	1.217	1.227
7.441	-0.103	1.362E-3	0.103	1.953E-3	2.982E-2	2.988E-2	0.172	0.156	0.232
7.457	-0.102	1.922E-3	0.102	5.847E-3	2.045E-2	2.127E-2	0.169	-0.601	0.624
7.474	-0.102	2.044E-3	0.102	7.040E-3	5.722E-3	9.072E-3	-5.729E-2	-0.607	0.610
7.491	-0.102	2.113E-3	0.102	4.608E-3	1.909E-3	4.988E-3	7.207E-2	0.291	0.299
7.508	-0.102	2.108E-3	0.102	7.495E-3	1.312E-2	1.511E-2	0.588	0.566	0.816
7.524	-0.102	2.550E-3	0.102	2.487E-2	2.513E-2	3.535E-2	0.796	0.879	1.186
7.541	-0.101	2.947E-3	0.101	3.632E-2	3.808E-2	5.263E-2	-6.991E-2	0.341	0.348
7.558	-0.101	3.821E-3	0.101	2.296E-2	4.225E-2	4.808E-2	-0.499	-0.256	0.561
7.574	-0.101	4.356E-3	0.101	1.494E-2	2.553E-2	2.958E-2	-0.542	-0.650	0.846
7.591	-0.100	4.673E-3	0.100	9.934E-3	2.001E-2	2.234E-2	-2.316E-2	-9.411E-2	9.691E-2
7.608	-0.100	5.024E-3	0.100	8.955E-3	2.329E-2	2.496E-2	5.003E-2	0.121	0.131
7.624	-9.996E-2	5.450E-3	0.100	1.621E-2	2.469E-2	2.954E-2	0.510	-0.119	0.523
7.641	-9.973E-2	5.848E-3	9.990E-2	2.265E-2	1.939E-2	2.982E-2	-5.620E-2	-0.228	0.235
7.658	-9.920E-2	6.097E-3	9.939E-2	1.898E-2	1.583E-2	2.471E-2	-0.203	-0.110	0.231
7.674	-9.909E-2	6.376E-3	9.930E-2	1.047E-2	1.661E-2	1.964E-2	-0.412	-0.210	0.462
7.691	-9.885E-2	6.652E-3	9.907E-2	8.937E-3	9.671E-3	1.317E-2	0.263	-0.425	0.500
7.708	-9.879E-2	6.698E-3	9.902E-2	1.540E-2	7.767E-4	1.542E-2	0.216	-0.353	0.414
7.724	-9.834E-2	6.678E-3	9.856E-2	2.124E-2	-1.642E-3	2.131E-2	0.109	-0.159	0.193
7.741	-9.809E-2	6.644E-3	9.831E-2	1.551E-2	-4.078E-3	1.603E-2	-0.156	0.114	0.193
7.758	-9.782E-2	6.541E-3	9.804E-2	1.690E-2	6.539E-4	1.692E-2	9.125E-2	7.171E-3	9.153E-2
7.774	-9.752E-2	6.665E-3	9.775E-2	1.867E-2	-4.834E-4	1.867E-2	0.123	-6.692E-2	0.140
7.791	-9.720E-2	6.525E-3	9.742E-2	2.087E-2	-5.254E-3	2.152E-2	-0.142	-0.240	0.279
7.808	-9.682E-2	6.490E-3	9.704E-2	1.523E-2	-5.921E-3	1.634E-2	-7.886E-2	-1.033E-2	7.953E-2
7.824	-9.669E-2	6.328E-3	9.690E-2	1.503E-2	-7.458E-3	1.678E-2	0.155	-0.180	0.238
7.841	-9.632E-2	6.241E-3	9.653E-2	2.320E-2	-1.006E-2	2.528E-2	0.119	4.888E-2	0.129
7.858	-9.591E-2	5.992E-3	9.610E-2	1.916E-2	-8.464E-3	2.094E-2	-0.266	-0.226	0.349
7.875	-9.568E-2	5.959E-3	9.587E-2	1.277E-2	-1.344E-2	1.854E-2	-0.120	-0.248	0.276
7.891	-9.549E-2	5.544E-3	9.565E-2	1.512E-2	-2.142E-2	2.622E-2	0.232	-0.332	0.405
7.908	-9.518E-2	5.244E-3	9.532E-2	2.124E-2	-2.141E-2	3.016E-2	9.295E-2	-9.029E-2	0.130
7.925	-9.478E-2	4.829E-3	9.490E-2	1.919E-2	-2.578E-2	3.214E-2	-0.166	-0.357	0.394
7.941	-9.454E-2	4.384E-3	9.464E-2	1.400E-2	-3.230E-2	3.521E-2	-2.049E-2	-0.148	0.149
7.958	-9.431E-2	3.752E-3	9.439E-2	1.839E-2	-3.290E-2	3.769E-2	6.422E-2	0.130	0.145
7.975	-9.393E-2	3.286E-3	9.398E-2	1.828E-2	-2.601E-2	3.179E-2	-0.104	1.506E-2	0.105
7.991	-9.370E-2	2.884E-3	9.375E-2	1.289E-2	-3.151E-2	3.405E-2	-0.260	-0.175	0.313
8.008	-9.350E-2	2.235E-3	9.352E-2	1.046E-2	-3.483E-2	3.636E-2	7.471E-3	0.193	0.193
8.025	-9.335E-2	1.722E-3	9.337E-2	1.213E-2	-2.384E-2	2.675E-2	0.260	0.632	0.683
8.041	-9.309E-2	1.439E-3	9.310E-2	1.985E-2	-1.292E-2	2.369E-2	3.178E-2	0.722	0.722
8.058	-9.269E-2	1.291E-3	9.270E-2	1.510E-2	-7.646E-4	1.512E-2	-0.409	0.518	0.660
8.075	-9.259E-2	1.414E-3	9.260E-2	3.490E-3	6.268E-3	7.174E-3	5.095E-2	0.499	0.501
8.091	-9.258E-2	1.500E-3	9.259E-2	1.520E-2	1.324E-2	2.016E-2	0.352	0.111	0.369
8.108	-9.208E-2	1.855E-3	9.210E-2	2.100E-2	1.354E-2	2.498E-2	8.580E-2	-0.201	0.219
8.125	-9.187E-2	1.951E-3	9.190E-2	1.336E-2	3.467E-3	1.381E-2	-0.258	-0.482	0.547
8.141	-9.163E-2	1.971E-3	9.166E-2	1.399E-2	-1.691E-3	1.409E-2	-0.176	-0.237	0.295
8.158	-9.141E-2	1.895E-3	9.143E-2	8.013E-3	-4.884E-3	9.384E-3	-0.241	-5.576E-3	0.241
8.175	-9.137E-2	1.808E-3	9.138E-2	4.181E-3	-2.016E-3	4.642E-3	-0.115	0.254	0.279
8.192	-9.127E-2	1.828E-3	9.129E-2	5.510E-3	4.122E-3	6.881E-3	-0.136	0.203	0.245
8.208	-9.118E-2	1.946E-3	9.120E-2	5.790E-6	5.391E-3	5.391E-3	-0.169	7.624E-2	0.186
8.225	-9.127E-2	2.008E-3	9.129E-2	-1.996E-3	5.510E-3	5.860E-3	0.126	0.222	0.255
8.242	-9.125E-2	2.129E-3	9.127E-2	5.241E-3	1.277E-2	1.380E-2	0.463	-5.581E-2	0.466
8.258	-9.109E-2	2.434E-3	9.113E-2	1.358E-2	6.613E-3	1.510E-2	0.238	-0.380	0.448
8.275	-9.080E-2	2.350E-3	9.083E-2	1.431E-2	-4.128E-3	1.489E-2	0.107	-0.357	0.372
8.292	-9.062E-2	2.296E-3	9.064E-2	1.495E-2	-3.359E-3	1.532E-2	-0.143	4.747E-2	0.151
8.308	-9.030E-2	2.238E-3	9.033E-2	1.220E-2	-2.798E-3	1.251E-2	-0.243	0.106	0.265
8.325	-9.021E-2	2.203E-3	9.024E-2	4.430E-3	8.295E-5	4.430E-3	-0.353	0.163	0.389
8.342	-9.015E-2	2.241E-3	9.018E-2	1.443E-3	3.056E-3	3.379E-3	-8.929E-2	-4.285E-2	9.904E-2
8.358	-9.016E-2	2.305E-3	9.019E-2	7.722E-4	-7.856E-4	1.102E-3	-8.197E-2	2.482E-2	8.565E-2
8.375	-9.012E-2	2.215E-3	9.015E-2	-2.355E-4	1.477E-3	1.496E-3	-4.318E-2	-2.941E-2	5.224E-2
8.392	-9.017E-2	2.354E-3	9.020E-2	-1.707E-3	1.790E-3	2.474E-3	0.230	0.137	0.268
8.408	-9.018E-2	2.274E-3	9.021E-2	6.966E-3	2.203E-3	7.305E-3	0.378	-0.232	0.443
8.425	-8.994E-2	2.427E-3	8.997E-2	1.317E-2	-1.511E-3	1.326E-2	6.965E-2	-0.195	0.207
8.442	-8.974E-2	2.224E-3	8.977E-2	8.249E-3	-8.844E-3	1.209E-2	-0.206	-0.118	0.238
8.458	-8.966E-2	2.132E-3	8.969E-2	5.436E-3	-3.277E-3	6.347E-3	-1.701E-2	0.203	0.204
8.475	-8.956E-2	2.115E-3	8.958E-2	8.058E-3	-1.798E-3	8.256E-3	-5.080E-2	5.291E-2	7.335E-2
8.492	-8.939E-2	2.072E-3	8.942E-2	4.958E-3	-2.102E-3	5.386E-3	-0.194	1.869E-2	0.195
8.509	-8.939E-2	2.044E-3	8.942E-2	-1.579E-4	-1.034E-3	1.046E-3	-0.172	6.337E-2	0.183
8.525	-8.940E-2	2.038E-3	8.942E-2	-6.417E-5	6.345E-5	9.025E-5	1.654E-2	-3.377E-2	3.760E-2
8.542	-8.940E-2	2.047E-3	8.942E-2	3.745E-4	-1.787E-3	1.826E-3	1.192E-2	-0.112	0.113
8.559	-8.938E-2	1.978E-3	8.941E-2	4.537E-4	-4.375E-3	4.398E-3	6.429E-2	-2.796E-2	7.010E-2
8.575	-8.938E-2	1.901E-3	8.940E-2	2.121E-3	-2.739E-3	3.464E-3	0.140	7.626E-2	0.159
8.592	-8.931E-2	1.887E-3	8.933E-2	5.503E-3	-1.195E-3	5.631E-3	0.199	8.677E-2	0.218
8.609	-8.920E-2	1.861E-3	8.922E-2	8.672E-3	-3.868E-4	8.680E-3	-0.138	3.916E-2	0.144
8.625	-8.902E-2	1.874E-3	8.904E-2	2.322E-3	5.340E-4	2.383E-3	-0.368	3.967E-2	0.370
8.642	-8.912E-2	1.878E-3	8.914E-2	-6.103E-3	6.463E-4	6.137E-3	-0.131	1.660E-2	0.132
8.659	-8.923E-2	1.895E-3	8.925E-2	-1.670E-3	1.200E-3	2.057E-3	0.188	1.464E-2	0.189
8.675	-8.918E-2	1.919E-3	8.920E-2	1.794E-3	1.169E-3	2.141E-3	7.793E-3	2.089E-2	2.230E-2
8.692	-8.917E-2	1.934E-3	8.919E-2	-2.107E-3	1.699E-3	2.707E-3	-0.129	6.078E-4	0.129
8.709	-8.925E-2	1.975E-3	8.927E-2	-3.245E-3	1.563E-3	3.602E-3	0.111	-6.641E-2	0.129
8.725	-8.928E-2	1.986E-3	8.930E-2	1.837E-3	-6.837E-4	1.960E-3	0.166	8.763E-2	0.188
8.742	-8.919E-2	1.952E-3	8.921E-2	3.434E-3	3.442E-3	4.862E-3	3.372E-2	6.628E-2	7.436E-2
8.759	-8.916E-2	2.101E-3	8.919E-2	1.796E-3	3.994E-3	4.379E-3	-0.132	-2.642E-2	0.135
8.775	-8.913E-2	2.086E-3	8.915E-2	-2.100E-4	2.041E-4	2.928E-4	-4.241E-2	-0.116	0.124
8.792	-8.917E-2	2.108E-3	8.919E-2	-6.519E-4	1.175E-3	1.344E-3	-6.239E-3	7.547E-3	9.792E-3
8.809	-8.915E-2	2.125E-3	8.917E-2	5.965E-4	3.385E-4	6.859E-4	-1.946E-2	5.099E-2	5.457E-2
8.825	-8.915E-2	2.119E-3	8.917E-2	-1.585E-3	2.331E-3	2.819E-3	-1.341E-2	-3.034E-2	3.317E-2
8.842	-8.920E-2	2.203E-3	8.923E-2	-5.211E-4	7.816E-4	9.394E-4	3.738E-2	-8.069E-2	8.893E-2
8.859	-8.917E-2	2.146E-3	8.919E-2	7.648E-4	-2.128E-3	2.261E-3	1.317E-2	-9.761E-2	9.849E-2
8.876	-8.917E-2	2.132E-3	8.920E-2	-7.514E-4	-1.419E-3	1.606E-3	0.243	0.207	0.319
8.892	-8.919E-2	2.098E-3	8.922E-2	7.716E-3	3.634E-3	8.529E-3	0.485	4.707E-2	0.487
8.909	-8.892E-2	2.253E-3	8.895E-2	1.779E-2	2.776E-3	1.800E-2	6.505E-2	-0.183	0.195
8.926	-8.860E-2	2.191E-3	8.863E-2	1.027E-2	-4.968E-3	1.141E-2	-0.437	-0.197	0.479
8.942	-8.857E-2	2.087E-3	8.860E-2	6.214E-4	-3.595E-3	3.649E-3	-0.208	9.797E-2	0.230
8.959	-8.858E-2	2.071E-3	8.860E-2	3.797E-3	-7.994E-4	3.880E-3	0.187	-6.081E-2	0.197
8.976	-8.845E-2	2.060E-3	8.847E-2	8.084E-3	-5.281E-3	9.656E-3	9.254E-3	-5.345E-3	1.069E-2
8.992	-8.831E-2	1.895E-3	8.833E-2	4.212E-3	-3.286E-3	5.342E-3	-0.179	0.143	0.229
9.009	-8.831E-2	1.951E-3	8.833E-2	7.710E-4	2.219E-3	2.349E-3	-1.930E-2	0.193	0.194
9.026	-8.828E-2	1.969E-3	8.830E-2	4.009E-3	1.766E-3	4.381E-3	2.208E-2	2.987E-2	3.715E-2
9.042	-8.817E-2	2.010E-3	8.820E-2	2.675E-3	3.440E-3	4.358E-3	-0.110	-5.513E-3	0.111
9.059	-8.819E-2	2.083E-3	8.822E-2	-1.139E-3	2.093E-3	2.383E-3	5.956E-2	-3.697E-2	7.010E-2
9.076	-8.821E-2	2.080E-3	8.824E-2	4.433E-3	1.200E-3	4.592E-3	0.364	4.745E-2	0.367
9.092	-8.804E-2	2.123E-3	8.807E-2	1.226E-2	4.193E-3	1.296E-2	0.335	-4.435E-2	0.338
9.109	-8.780E-2	2.220E-3	8.783E-2	1.537E-2	6.869E-4	1.539E-2	-7.799E-2	-0.135	0.156
9.126	-8.753E-2	2.146E-3	8.756E-2	1.039E-2	-2.279E-3	1.064E-2	-0.269	-6.460E-2	0.276
9.142	-8.746E-2	2.143E-3	8.748E-2	4.629E-3	-1.473E-4	4.631E-3	-0.159	5.627E-2	0.168
9.159	-8.738E-2	2.141E-3	8.740E-2	5.774E-3	-6.218E-4	5.808E-3	2.371E-2	1.349E-2	2.728E-2
9.176	-8.726E-2	2.123E-3	8.729E-2	5.875E-3	-4.664E-6	5.875E-3	-0.119	1.223E-2	0.119
9.193	-8.718E-2	2.141E-3	8.721E-2	1.807E-3	2.951E-4	1.831E-3	-0.252	3.676E-2	0.254
9.209	-8.720E-2	2.133E-3	8.723E-2	-3.004E-3	6.587E-4	3.075E-3	0.476	0.119	0.491
9.226	-8.728E-2	2.163E-3	8.731E-2	1.483E-2	4.374E-3	1.546E-2	0.474	-4.162E-3	0.474
9.243	-8.671E-2	2.279E-3	8.674E-2	2.064E-2	1.803E-3	2.071E-2	1.691E-2	-0.132	0.133
9.259	-8.659E-2	2.223E-3	8.662E-2	8.435E-3	-2.026E-3	8.674E-3	-0.459	-5.923E-2	0.463
9.276	-8.643E-2	2.211E-3	8.645E-2	8.018E-3	7.106E-4	8.050E-3	-5.889E-2	1.829E-2	6.167E-2
9.293	-8.633E-2	2.247E-3	8.635E-2	5.723E-3	-7.603E-4	5.773E-3	-0.151	-6.495E-2	0.164
9.309	-8.624E-2	2.186E-3	8.626E-2	3.464E-3	-2.653E-3	4.363E-3	-1.649E-2	-4.302E-2	4.608E-2
9.326	-8.621E-2	2.159E-3	8.624E-2	4.267E-3	-1.496E-3	4.522E-3	-2.248E-2	5.380E-2	5.830E-2
9.343	-8.609E-2	2.136E-3	8.612E-2	4.183E-3	-1.024E-3	4.307E-3	0.120	-5.854E-3	0.120
9.359	-8.607E-2	2.125E-3	8.610E-2	6.361E-3	-1.489E-3	6.532E-3	2.281E-3	4.274E-3	4.845E-3
9.376	-8.588E-2	2.086E-3	8.591E-2	6.756E-3	-1.310E-3	6.882E-3	9.895E-2	7.081E-2	0.122
9.393	-8.584E-2	2.081E-3	8.587E-2	6.941E-3	1.079E-3	7.024E-3	0.168	7.026E-2	0.182
9.409	-8.565E-2	2.122E-3	8.568E-2	1.407E-2	1.436E-3	1.414E-2	0.311	-8.488E-2	0.322
9.426	-8.538E-2	2.129E-3	8.540E-2	1.717E-2	-1.915E-3	1.728E-2	-0.141	-0.186	0.234
9.443	-8.508E-2	2.058E-3	8.510E-2	1.033E-2	-5.157E-3	1.154E-2	-0.281	3.019E-2	0.283
9.459	-8.503E-2	1.957E-3	8.505E-2	5.143E-3	-1.495E-3	5.356E-3	-0.169	0.185	0.251
9.476	-8.490E-2	2.008E-3	8.493E-2	6.604E-3	2.534E-3	7.074E-3	-0.136	5.712E-2	0.148
9.493	-8.481E-2	2.041E-3	8.484E-2	6.733E-4	-1.044E-4	6.813E-4	-0.264	-6.870E-2	0.272
9.510	-8.488E-2	2.005E-3	8.491E-2	-3.565E-3	-5.136E-4	3.602E-3	-3.881E-2	-4.208E-2	5.724E-2
9.526	-8.493E-2	2.024E-3	8.495E-2	-1.050E-4	-4.954E-4	5.064E-4			
9.543	-8.489E-2	1.988E-3	8.491E-2						
