	mass A									
t	x	y	r	vx	vy	v	ax	ay	a	
0.000	4.527E-4	3.095E-4	5.484E-4						
0.017	4.453E-4	3.353E-4	5.575E-4	-7.316E-4	9.388E-4	1.190E-3			
0.033	4.283E-4	3.408E-4	5.473E-4	4.780E-4	-5.203E-4	7.065E-4	4.571E-2	-3.278E-2	5.625E-2
0.050	4.613E-4	3.180E-4	5.602E-4	1.353E-3	-4.426E-4	1.423E-3	-2.544E-2	3.270E-2	4.143E-2
0.067	4.734E-4	3.260E-4	5.748E-4	-5.771E-4	8.977E-4	1.067E-3	-4.416E-2	6.217E-2	7.626E-2
0.083	4.420E-4	3.479E-4	5.625E-4	-5.892E-4	1.579E-3	1.686E-3	-3.015E-2	-3.201E-3	3.032E-2
0.100	4.537E-4	3.788E-4	5.910E-4	-8.108E-4	9.382E-4	1.240E-3	1.351E-2	-4.450E-2	4.651E-2
0.117	4.149E-4	3.792E-4	5.621E-4	-9.520E-4	-1.743E-4	9.678E-4	1.412E-2	-0.170	0.170
0.133	4.220E-4	3.729E-4	5.632E-4	2.881E-4	-4.116E-3	4.126E-3	1.732E-3	-7.051E-2	7.053E-2
0.150	4.246E-4	2.419E-4	4.886E-4	-9.681E-4	-4.102E-3	4.215E-3	-7.258E-2	0.142	0.159
0.167	3.897E-4	2.361E-4	4.556E-4	-2.392E-3	1.892E-3	3.050E-3	-2.862E-2	0.205	0.207
0.184	3.447E-4	3.050E-4	4.603E-4	-1.954E-3	2.992E-3	3.574E-3	0.149	-1.867E-2	0.150
0.200	3.245E-4	3.359E-4	4.670E-4	2.326E-3	7.755E-4	2.452E-3	-0.120	-6.534E-2	0.136
0.217	4.223E-4	3.309E-4	5.365E-4	-3.673E-3	5.471E-4	3.714E-3	-0.187	-8.387E-2	0.205
0.234	2.019E-4	3.541E-4	4.077E-4	-7.917E-3	-1.250E-3	8.016E-3	5.959E-2	-7.464E-2	9.551E-2
0.250	1.582E-4	2.892E-4	3.296E-4	7.145E-4	-2.953E-3	3.039E-3	0.443	6.393E-2	0.448
0.267	2.257E-4	2.556E-4	3.410E-4	6.688E-3	1.086E-3	6.776E-3	5.947E-2	0.118	0.132
0.284	3.813E-4	3.254E-4	5.013E-4	3.770E-3	2.050E-3	4.291E-3	-9.377E-2	6.960E-3	9.403E-2
0.300	3.515E-4	3.240E-4	4.781E-4	1.173E-3	2.215E-4	1.193E-3	-0.175	-9.451E-2	0.199
0.317	4.205E-4	3.328E-4	5.362E-4	1.436E-4	-5.557E-4	5.740E-4	-5.823E-2	-3.860E-2	6.986E-2
0.334	3.563E-4	3.055E-4	4.693E-4	-2.522E-3	-1.447E-3	2.908E-3	-4.723E-2	2.210E-2	5.214E-2
0.350	3.363E-4	2.845E-4	4.405E-4	-5.738E-4	1.856E-4	6.031E-4	0.100	-3.073E-2	0.105
0.367	3.372E-4	3.117E-4	4.591E-4	7.114E-4	-1.624E-3	1.773E-3	4.765E-2	1.638E-2	5.039E-2
0.384	3.601E-4	2.303E-4	4.274E-4	1.148E-3	-9.614E-4	1.497E-3	-4.664E-2	5.063E-2	6.884E-2
0.400	3.755E-4	2.796E-4	4.681E-4	-7.624E-4	1.811E-3	1.965E-3	-3.814E-2	2.231E-2	4.419E-2
0.417	3.346E-4	2.907E-4	4.433E-4	-8.091E-4	-8.806E-4	1.196E-3	3.934E-3	-5.726E-2	5.740E-2
0.434	3.485E-4	2.502E-4	4.290E-4	1.721E-4	-6.362E-4	6.590E-4	3.234E-2	1.051E-2	3.400E-2
0.450	3.404E-4	2.695E-4	4.341E-4	-1.941E-4	3.234E-4	3.771E-4	-6.227E-2	3.190E-2	6.996E-2
0.467	3.420E-4	2.610E-4	4.302E-4	-1.500E-3	-1.222E-4	1.505E-3	2.099E-2	1.644E-2	2.666E-2
0.484	2.903E-4	2.654E-4	3.934E-4	-3.802E-4	9.978E-4	1.068E-3	-4.902E-2	3.307E-2	5.913E-2
0.501	3.293E-4	2.943E-4	4.416E-4	-1.572E-3	1.209E-3	1.983E-3	4.241E-2	2.681E-2	5.017E-2
0.517	2.379E-4	3.058E-4	3.874E-4	-1.097E-3	1.521E-3	1.875E-3	-5.466E-2	2.223E-3	5.471E-2
0.534	2.927E-4	3.450E-4	4.525E-4	-9.757E-4	1.690E-3	1.951E-3	-0.394	-2.726E-2	0.395
0.551	2.053E-4	3.621E-4	4.163E-4	-1.473E-2	3.935E-4	1.474E-2	-0.299	-0.124	0.324
0.567	-1.989E-4	3.581E-4	4.097E-4	-1.446E-2	-2.244E-3	1.463E-2	0.194	-9.272E-2	0.215
0.584	-2.771E-4	2.873E-4	3.991E-4	-4.186E-3	-3.316E-3	5.340E-3	0.372	8.193E-2	0.381
0.601	-3.386E-4	2.475E-4	4.194E-4	-3.336E-3	6.144E-4	3.392E-3	5.855E-2	0.149	0.160
0.617	-3.884E-4	3.078E-4	4.955E-4	-2.301E-3	2.540E-3	3.427E-3	-3.070E-2	-2.907E-2	4.228E-2
0.634	-4.154E-4	3.323E-4	5.319E-4	-3.891E-3	-7.704E-4	3.966E-3	-2.628E-2	-0.143	0.146
0.651	-5.182E-4	2.821E-4	5.900E-4	-4.204E-3	-2.763E-3	5.031E-3	3.352E-2	6.368E-3	3.412E-2
0.667	-5.557E-4	2.401E-4	6.053E-4	-1.932E-3	-4.614E-4	1.987E-3	7.375E-2	8.506E-2	0.113
0.684	-5.827E-4	2.667E-4	6.408E-4	-1.895E-3	7.482E-4	2.037E-3	6.691E-2	6.764E-2	9.514E-2
0.701	-6.189E-4	2.650E-4	6.733E-4	-1.164E-4	1.091E-3	1.097E-3	-4.274E-2	4.156E-2	5.961E-2
0.717	-5.866E-4	3.031E-4	6.602E-4	-2.116E-3	2.555E-3	3.318E-3	-6.305E-2	-1.385E-2	6.455E-2
0.734	-6.895E-4	3.503E-4	7.734E-4	-3.984E-3	8.247E-4	4.068E-3	1.756E-2	-6.427E-2	6.663E-2
0.751	-7.195E-4	3.306E-4	7.918E-4	-5.104E-4	-3.249E-4	6.050E-4	-0.111	0.154	0.190
0.767	-7.065E-4	3.395E-4	7.838E-4	-6.581E-3	5.757E-3	8.743E-3	7.050E-3	5.543E-2	5.588E-2
0.784	-9.391E-4	5.227E-4	1.075E-3	-3.984E-3	3.905E-3	5.579E-3	0.199	-0.186	0.272
0.801	-8.394E-4	4.698E-4	9.619E-4	4.198E-3	-3.200E-3	5.279E-3	0.108	-0.315	0.333
0.817	-7.990E-4	4.159E-4	9.007E-4	-1.717E-3	-5.294E-3	5.566E-3	3.579E-3	-2.626E-2	2.650E-2
0.834	-8.967E-4	2.931E-4	9.434E-4	2.232E-3	-4.999E-3	5.474E-3	-2.300E-3	0.189	0.189
0.851	-7.245E-4	2.491E-4	7.661E-4	2.261E-3	1.414E-3	2.667E-3	-8.489E-2	0.242	0.256
0.868	-8.213E-4	3.403E-4	8.890E-4	-4.277E-3	4.093E-3	5.919E-3	-0.141	-9.472E-2	0.170
0.884	-8.672E-4	3.856E-4	9.491E-4	-1.086E-3	-2.039E-3	2.310E-3	0.124	-0.285	0.310
0.901	-8.575E-4	2.723E-4	8.997E-4	1.634E-4	-6.592E-3	6.594E-3	6.995E-2	-0.175	0.189
0.918	-8.618E-4	1.657E-4	8.775E-4	7.469E-4	-7.053E-3	7.093E-3	1.554E-2	-2.447E-2	2.899E-2
0.934	-8.326E-4	3.694E-5	8.334E-4	1.118E-3	-7.639E-3	7.720E-3	8.471E-2	0.103	0.133
0.951	-8.244E-4	-8.919E-5	8.292E-4	2.905E-3	-4.018E-3	4.958E-3	3.702E-2	-4.449E-2	5.788E-2
0.968	-7.356E-4	-9.711E-5	7.420E-4	3.408E-3	-7.166E-3	7.935E-3	-5.740E-2	-0.507	0.511
0.984	-7.107E-4	-3.283E-4	7.829E-4	2.718E-4	-2.218E-2	2.218E-2	-1.183E-2	-0.495	0.495
1.001	-7.266E-4	-8.370E-4	1.108E-3	2.452E-3	-2.578E-2	2.589E-2	1.681E-2	0.101	0.102
1.018	-6.289E-4	-1.188E-3	1.345E-3	2.463E-3	-1.687E-2	1.705E-2	-0.236	8.353E-2	0.251
1.034	-6.444E-4	-1.400E-3	1.541E-3	-6.146E-3	-2.124E-2	2.211E-2	-0.104	-0.363	0.378
1.051	-8.340E-4	-1.897E-3	2.072E-3	-3.194E-3	-3.175E-2	3.191E-2	0.306	-9.682E-2	0.320
1.068	-7.509E-4	-2.459E-3	2.571E-3	6.860E-3	-2.504E-2	2.596E-2	0.300	0.231	0.378
1.084	-6.051E-4	-2.733E-3	2.799E-3	6.498E-3	-2.069E-2	2.169E-2	-0.152	0.177	0.234
1.101	-5.341E-4	-3.150E-3	3.195E-3	1.289E-3	-2.202E-2	2.206E-2	-0.364	-7.702E-2	0.372
1.118	-5.621E-4	-3.468E-3	3.513E-3	-5.608E-3	-2.146E-2	2.218E-2	-0.189	0.121	0.225
1.134	-7.213E-4	-3.866E-3	3.932E-3	-6.207E-3	-1.970E-2	2.066E-2	0.176	1.407E-2	0.177
1.151	-7.692E-4	-4.125E-3	4.196E-3	1.200E-3	-1.897E-2	1.901E-2	0.257	9.610E-2	0.275
1.168	-6.812E-4	-4.499E-3	4.550E-3	3.348E-3	-1.861E-2	1.891E-2	4.708E-2	-9.729E-2	0.108
1.185	-6.575E-4	-4.746E-3	4.791E-3	1.611E-3	-1.992E-2	1.998E-2	-0.225	-8.706E-3	0.225
1.201	-6.275E-4	-5.163E-3	5.201E-3	-3.117E-3	-2.141E-2	2.163E-2	-8.997E-2	-0.104	0.137
1.218	-7.615E-4	-5.460E-3	5.513E-3	-3.475E-3	-2.114E-2	2.142E-2	2.060E-2	-0.181	0.183
1.235	-7.434E-4	-5.869E-3	5.916E-3	-2.354E-4	-2.837E-2	2.837E-2	0.130	-0.240	0.273
1.251	-7.694E-4	-6.407E-3	6.453E-3	-3.415E-4	-3.011E-2	3.011E-2	0.126	-1.584E-2	0.127
1.268	-7.548E-4	-6.873E-3	6.915E-3	4.046E-3	-2.775E-2	2.805E-2	-0.103	0.155	0.186
1.285	-6.344E-4	-7.333E-3	7.360E-3	-1.762E-3	-2.550E-2	2.556E-2	-0.161	4.169E-2	0.166
1.301	-8.136E-4	-7.724E-3	7.767E-3	-5.141E-3	-2.550E-2	2.602E-2	-0.107	-0.186	0.215
1.318	-8.059E-4	-8.184E-3	8.224E-3	-2.083E-3	-3.198E-2	3.204E-2	7.156E-3	0.189	0.189
1.335	-8.831E-4	-8.791E-3	8.835E-3	-6.205E-3	-2.218E-2	2.303E-2	5.152E-2	0.347	0.351
1.351	-1.013E-3	-8.924E-3	8.981E-3	-1.367E-3	-1.476E-2	1.482E-2	0.323	-0.200	0.380
1.368	-9.287E-4	-9.283E-3	9.330E-3	6.422E-3	-3.140E-2	3.205E-2	-0.112	-0.252	0.276
1.385	-7.987E-4	-9.972E-3	1.000E-2	-3.936E-3	-2.706E-2	2.734E-2	-0.117	0.130	0.175
1.401	-1.060E-3	-1.019E-2	1.024E-2	-2.862E-3	-2.049E-2	2.069E-2	-3.364E-2	-0.196	0.199
1.418	-8.942E-4	-1.066E-2	1.069E-2	1.486E-3	-3.662E-2	3.665E-2	-5.167E-2	-0.386	0.389
1.435	-1.010E-3	-1.141E-2	1.145E-2	-8.600E-3	-3.599E-2	3.700E-2	-0.138	-0.419	0.441
1.451	-1.181E-3	-1.186E-2	1.191E-2	-3.355E-3	-4.431E-2	4.443E-2	4.803E-3	-0.148	0.148
1.468	-1.122E-3	-1.289E-2	1.293E-2	-5.024E-3	-4.903E-2	4.928E-2	-0.142	0.258	0.295
1.485	-1.349E-3	-1.349E-2	1.356E-2	-1.178E-2	-3.042E-2	3.262E-2	-0.210	0.483	0.527
1.502	-1.515E-3	-1.390E-2	1.398E-2	-1.026E-2	-3.196E-2	3.357E-2	0.262	-0.472	0.540
1.518	-1.691E-3	-1.456E-2	1.466E-2	-4.272E-3	-4.792E-2	4.811E-2	0.269	-0.139	0.303
1.535	-1.658E-3	-1.550E-2	1.559E-2	7.364E-4	-4.029E-2	4.030E-2	-0.151	0.446	0.471
1.552	-1.667E-3	-1.590E-2	1.599E-2	-9.310E-3	-2.683E-2	2.840E-2	-6.691E-2	0.329	0.336
1.568	-1.969E-3	-1.640E-2	1.651E-2	-5.614E-3	-3.204E-2	3.252E-2	0.225	-8.468E-2	0.240
1.585	-1.854E-3	-1.697E-2	1.707E-2	3.496E-3	-3.056E-2	3.076E-2	0.211	-3.685E-3	0.211
1.602	-1.852E-3	-1.742E-2	1.751E-2	-1.132E-3	-3.015E-2	3.017E-2	1.456E-2	-4.653E-2	4.875E-2
1.618	-1.892E-3	-1.798E-2	1.808E-2	3.297E-3	-3.371E-2	3.387E-2	1.644E-2	-5.715E-2	5.947E-2
1.635	-1.742E-3	-1.854E-2	1.862E-2	2.187E-3	-3.181E-2	3.188E-2	-0.209	-0.268	0.340
1.652	-1.819E-3	-1.904E-2	1.913E-2	-6.200E-3	-4.058E-2	4.105E-2	-8.389E-2	-0.225	0.240
1.668	-1.949E-3	-1.989E-2	1.999E-2	-1.062E-3	-4.371E-2	4.372E-2	0.238	-0.140	0.276
1.685	-1.854E-3	-2.050E-2	2.058E-2	4.125E-3	-4.091E-2	4.111E-2	0.127	0.149	0.195
1.702	-1.811E-3	-2.126E-2	2.134E-2	1.858E-3	-4.174E-2	4.178E-2	-0.156	-0.398	0.427
1.718	-1.792E-3	-2.189E-2	2.196E-2	-7.992E-4	-5.057E-2	5.057E-2	-4.849E-2	-0.174	0.181
1.735	-1.838E-3	-2.295E-2	2.302E-2	-5.279E-4	-5.318E-2	5.318E-2	5.585E-2	0.276	0.281
1.752	-1.810E-3	-2.366E-2	2.373E-2	1.937E-3	-3.747E-2	3.752E-2	0.132	0.496	0.514
1.768	-1.773E-3	-2.420E-2	2.426E-2	3.461E-3	-3.589E-2	3.606E-2	3.089E-3	0.152	0.152
1.785	-1.694E-3	-2.486E-2	2.492E-2	2.662E-3	-3.504E-2	3.514E-2	-0.201	-6.334E-2	0.211
1.802	-1.684E-3	-2.537E-2	2.542E-2	-3.436E-3	-3.530E-2	3.547E-2	-0.153	-0.172	0.230
1.818	-1.809E-3	-2.604E-2	2.610E-2	-3.834E-3	-4.262E-2	4.279E-2	0.151	-8.529E-3	0.151
1.835	-1.812E-3	-2.679E-2	2.685E-2	2.779E-3	-3.664E-2	3.674E-2	0.352	0.325	0.479
1.852	-1.716E-3	-2.726E-2	2.732E-2	7.934E-3	-2.904E-2	3.011E-2	7.980E-2	0.697	0.702
1.869	-1.547E-3	-2.776E-2	2.780E-2	6.196E-3	-1.656E-2	1.769E-2	-8.648E-2	0.107	0.137
1.885	-1.509E-3	-2.782E-2	2.786E-2	3.453E-3	-1.940E-2	1.971E-2	2.353E-2	-0.476	0.477
1.902	-1.432E-3	-2.840E-2	2.844E-2	7.467E-3	-3.841E-2	3.913E-2	4.976E-2	-0.600	0.602
1.919	-1.260E-3	-2.910E-2	2.912E-2	6.329E-3	-3.848E-2	3.900E-2	-0.138	0.568	0.584
1.935	-1.221E-3	-2.969E-2	2.971E-2	1.458E-3	-2.030E-2	2.036E-2	0.329	0.546	0.637
1.952	-1.212E-3	-2.977E-2	2.980E-2	1.548E-2	-1.498E-2	2.154E-2	0.381	0.200	0.431
1.969	-7.046E-4	-3.019E-2	3.020E-2	2.005E-2	-1.936E-2	2.787E-2	-0.140	0.188	0.234
1.985	-5.427E-4	-3.042E-2	3.042E-2	6.228E-3	-6.793E-3	9.216E-3	-0.736	0.406	0.840
2.002	-4.967E-4	-3.041E-2	3.042E-2	-3.164E-3	-3.942E-3	5.055E-3	-0.127	-0.386	0.406
2.019	-6.482E-4	-3.055E-2	3.056E-2	-4.338E-4	-2.022E-2	2.022E-2	0.768	-0.533	0.935
2.035	-5.112E-4	-3.109E-2	3.109E-2	2.358E-2	-2.549E-2	3.472E-2	0.300	1.508E-2	0.301
2.052	1.385E-4	-3.140E-2	3.140E-2	1.601E-2	-1.643E-2	2.294E-2	-0.188	-3.138E-2	0.191
2.069	2.312E-5	-3.164E-2	3.164E-2	6.615E-3	-2.523E-2	2.608E-2	-0.232	-0.217	0.318
2.085	3.592E-4	-3.224E-2	3.225E-2	1.599E-2	-2.834E-2	3.254E-2	5.834E-2	2.172E-2	6.225E-2
2.102	5.567E-4	-3.258E-2	3.259E-2	6.242E-3	-2.057E-2	2.149E-2	0.124	0.239	0.269
2.119	5.675E-4	-3.293E-2	3.294E-2	1.681E-2	-2.152E-2	2.730E-2	0.201	-0.247	0.318
2.135	1.118E-3	-3.330E-2	3.332E-2	2.018E-2	-2.812E-2	3.462E-2	-6.250E-2	-0.370	0.375
2.152	1.241E-3	-3.387E-2	3.389E-2	8.590E-3	-3.529E-2	3.632E-2	-0.644	-0.322	0.720
2.169	1.404E-3	-3.448E-2	3.451E-2	1.982E-3	-3.814E-2	3.820E-2	8.242E-2	9.833E-2	0.128
2.186	1.307E-3	-3.514E-2	3.517E-2	7.094E-3	-3.323E-2	3.398E-2	0.256	0.126	0.286
2.202	1.641E-3	-3.559E-2	3.562E-2	1.593E-2	-3.120E-2	3.503E-2	0.722	0.291	0.778
2.219	1.838E-3	-3.618E-2	3.623E-2	2.613E-2	-2.700E-2	3.757E-2	-0.332	8.865E-2	0.343
2.236	2.513E-3	-3.649E-2	3.657E-2	1.338E-2	-2.425E-2	2.770E-2	-0.734	8.678E-2	0.739
2.252	2.285E-3	-3.699E-2	3.706E-2	-8.810E-3	-2.745E-2	2.883E-2	-0.562	0.240	0.611
2.269	2.219E-3	-3.740E-2	3.747E-2	-6.131E-4	-1.586E-2	1.587E-2	0.503	0.415	0.652
2.286	2.264E-3	-3.752E-2	3.759E-2	7.557E-3	-1.093E-2	1.329E-2	0.166	4.247E-2	0.171
2.302	2.471E-3	-3.777E-2	3.785E-2	6.628E-3	-1.656E-2	1.784E-2	5.940E-3	-0.590	0.590
2.319	2.486E-3	-3.807E-2	3.815E-2	4.858E-3	-2.903E-2	2.943E-2	-6.998E-2	-0.403	0.409
2.336	2.633E-3	-3.874E-2	3.883E-2	6.572E-3	-3.369E-2	3.433E-2	-4.263E-2	-0.156	0.162
2.352	2.705E-3	-3.920E-2	3.929E-2	2.483E-3	-3.055E-2	3.065E-2	-0.258	6.169E-2	0.265
2.369	2.716E-3	-3.976E-2	3.985E-2	-1.879E-3	-3.335E-2	3.341E-2	3.286E-2	-0.154	0.158
2.386	2.642E-3	-4.031E-2	4.040E-2	2.175E-3	-3.500E-2	3.507E-2	0.516	-0.161	0.541
2.402	2.788E-3	-4.092E-2	4.102E-2	1.649E-2	-3.894E-2	4.229E-2	0.445	-2.385E-2	0.446
2.419	3.192E-3	-4.161E-2	4.173E-2	1.904E-2	-3.678E-2	4.142E-2	7.689E-2	0.217	0.230
2.436	3.424E-3	-4.215E-2	4.229E-2	1.615E-2	-3.045E-2	3.447E-2	-0.218	0.386	0.443
2.452	3.731E-3	-4.263E-2	4.279E-2	1.381E-2	-2.452E-2	2.814E-2	-0.213	9.729E-2	0.234
2.469	3.885E-3	-4.297E-2	4.314E-2	7.623E-3	-2.565E-2	2.676E-2	-0.282	-3.631E-2	0.285
2.486	3.986E-3	-4.348E-2	4.366E-2	4.777E-3	-2.811E-2	2.851E-2	-2.063E-2	-0.128	0.130
2.503	4.044E-3	-4.391E-2	4.409E-2	6.383E-3	-2.809E-2	2.880E-2	0.181	-0.154	0.237
2.519	4.199E-3	-4.442E-2	4.462E-2	1.150E-2	-3.388E-2	3.578E-2	-4.187E-2	-0.215	0.219
2.536	4.428E-3	-4.504E-2	4.525E-2	6.281E-3	-3.597E-2	3.651E-2	0.212	-4.795E-2	0.217
2.553	4.408E-3	-4.562E-2	4.583E-2	1.396E-2	-3.472E-2	3.742E-2	-0.122	0.240	0.270
2.569	4.894E-3	-4.620E-2	4.645E-2	1.029E-2	-2.889E-2	3.067E-2	-0.194	0.112	0.224
2.586	4.751E-3	-4.658E-2	4.682E-2	-1.102E-3	-2.860E-2	2.862E-2	-0.322	4.966E-2	0.326
2.603	4.857E-3	-4.715E-2	4.740E-2	4.593E-3	-3.015E-2	3.049E-2	0.126	0.169	0.211
2.619	4.905E-3	-4.759E-2	4.784E-2	1.709E-3	-2.172E-2	2.179E-2	-9.381E-2	7.249E-2	0.119
2.636	4.914E-3	-4.788E-2	4.813E-2	1.279E-3	-2.575E-2	2.578E-2	-0.114	-0.423	0.438
2.653	4.947E-3	-4.845E-2	4.870E-2	-1.274E-3	-3.837E-2	3.839E-2	4.837E-2	-0.113	0.123
2.669	4.871E-3	-4.916E-2	4.940E-2	1.055E-3	-3.106E-2	3.107E-2	-5.436E-2	0.456	0.459
2.686	4.982E-3	-4.948E-2	4.973E-2	-6.013E-5	-1.939E-2	1.939E-2	-7.480E-2	0.330	0.339
2.703	4.869E-3	-4.980E-2	5.004E-2	-4.488E-3	-2.126E-2	2.173E-2	2.557E-2	-0.171	0.173
2.719	4.833E-3	-5.019E-2	5.043E-2	1.831E-3	-2.548E-2	2.555E-2	0.101	-0.290	0.307
2.736	4.931E-3	-5.065E-2	5.089E-2	4.752E-4	-3.073E-2	3.074E-2	7.935E-2	-0.163	0.181
2.753	4.849E-3	-5.122E-2	5.145E-2	1.455E-3	-3.185E-2	3.188E-2	-0.185	9.743E-3	0.185
2.769	4.979E-3	-5.172E-2	5.195E-2	-1.742E-3	-2.940E-2	2.945E-2	-9.549E-2	1.300E-2	9.637E-2
2.786	4.790E-3	-5.220E-2	5.242E-2	-6.114E-3	-3.130E-2	3.189E-2	0.106	-7.645E-2	0.131
2.803	4.775E-3	-5.276E-2	5.298E-2	3.959E-3	-3.275E-2	3.299E-2	0.363	0.140	0.389
2.819	4.923E-3	-5.329E-2	5.352E-2	6.934E-3	-2.682E-2	2.770E-2	-5.462E-2	0.299	0.304
2.836	5.006E-3	-5.365E-2	5.389E-2	1.410E-3	-2.146E-2	2.150E-2	-0.179	-0.232	0.293
2.853	4.970E-3	-5.401E-2	5.424E-2	-1.077E-4	-3.348E-2	3.348E-2	-0.197	2.183E-3	0.197
2.870	5.003E-3	-5.477E-2	5.500E-2	-3.284E-3	-2.752E-2	2.771E-2	-4.364E-2	0.333	0.336
2.886	4.860E-3	-5.493E-2	5.514E-2	-4.019E-3	-1.466E-2	1.520E-2	-9.431E-2	-2.162E-2	9.675E-2
2.903	4.869E-3	-5.526E-2	5.547E-2	-3.768E-3	-3.082E-2	3.105E-2	0.141	-0.630	0.645
2.920	4.734E-3	-5.596E-2	5.616E-2	-2.059E-3	-3.845E-2	3.851E-2	0.211	0.137	0.252
2.936	4.800E-3	-5.654E-2	5.675E-2	5.393E-3	-2.523E-2	2.580E-2	9.461E-2	0.536	0.544
2.953	4.914E-3	-5.680E-2	5.701E-2	1.431E-3	-1.778E-2	1.784E-2	-7.959E-4	-0.178	0.178
2.970	4.848E-3	-5.714E-2	5.734E-2	2.661E-3	-3.171E-2	3.182E-2	-0.229	-0.503	0.553
2.986	5.003E-3	-5.786E-2	5.807E-2	-1.942E-3	-3.814E-2	3.819E-2	-0.163	3.114E-2	0.166
3.003	4.783E-3	-5.841E-2	5.861E-2	-7.721E-3	-2.834E-2	2.938E-2	0.108	0.215	0.240
3.020	4.745E-3	-5.880E-2	5.899E-2	3.953E-3	-2.943E-2	2.969E-2	0.204	0.243	0.317
3.036	4.915E-3	-5.939E-2	5.959E-2	1.327E-3	-2.424E-2	2.428E-2	1.210E-2	4.296E-2	4.463E-2
3.053	4.790E-3	-5.961E-2	5.980E-2	-1.083E-4	-2.260E-2	2.260E-2	2.456E-2	-0.383	0.384
3.070	4.911E-3	-6.015E-2	6.035E-2	5.741E-3	-4.017E-2	4.058E-2	-7.726E-2	-0.239	0.251
3.086	4.981E-3	-6.095E-2	6.115E-2	-3.136E-3	-3.360E-2	3.374E-2	-0.360	0.534	0.644
3.103	4.807E-3	-6.127E-2	6.145E-2	-8.446E-3	-1.726E-2	1.921E-2	-2.376E-4	0.204	0.204
3.120	4.699E-3	-6.153E-2	6.171E-2	-2.131E-3	-2.679E-2	2.688E-2	0.258	-0.504	0.566
3.136	4.736E-3	-6.216E-2	6.234E-2	1.225E-3	-3.759E-2	3.761E-2	0.178	-0.291	0.342
3.153	4.740E-3	-6.278E-2	6.296E-2	2.607E-3	-3.509E-2	3.518E-2	-0.265	0.248	0.362
3.170	4.823E-3	-6.333E-2	6.351E-2	-5.343E-3	-2.932E-2	2.981E-2	-0.147	0.367	0.396
3.187	4.562E-3	-6.376E-2	6.392E-2	-6.814E-3	-2.252E-2	2.353E-2	0.113	0.107	0.156
3.203	4.595E-3	-6.408E-2	6.425E-2	2.348E-3	-2.463E-2	2.475E-2	0.138	1.248E-2	0.138
3.220	4.640E-3	-6.458E-2	6.475E-2	-2.614E-3	-2.477E-2	2.491E-2	-8.351E-2	-3.108E-2	8.910E-2
3.237	4.508E-3	-6.491E-2	6.507E-2	-2.754E-3	-2.300E-2	2.316E-2	-0.177	-0.140	0.226
3.253	4.549E-3	-6.535E-2	6.551E-2	-5.202E-3	-3.052E-2	3.096E-2	0.281	-1.854E-2	0.281
3.270	4.334E-3	-6.593E-2	6.607E-2	1.628E-3	-2.564E-2	2.569E-2	-3.762E-2	9.019E-2	9.772E-2
3.287	4.603E-3	-6.620E-2	6.636E-2	9.324E-4	-2.334E-2	2.336E-2	7.390E-2	0.170	0.185
3.303	4.365E-3	-6.671E-2	6.685E-2	-3.795E-3	-2.408E-2	2.437E-2	1.529E-2	-0.162	0.162
3.320	4.476E-3	-6.701E-2	6.716E-2	6.596E-3	-2.504E-2	2.589E-2	0.124	-3.527E-2	0.129
3.337	4.586E-3	-6.754E-2	6.770E-2	-1.934E-4	-2.861E-2	2.861E-2	-0.718	-0.138	0.731
3.353	4.470E-3	-6.796E-2	6.811E-2	-1.773E-2	-2.735E-2	3.259E-2	-0.267	-0.121	0.293
3.370	3.994E-3	-6.845E-2	6.857E-2	-1.338E-2	-3.324E-2	3.583E-2	0.264	4.264E-2	0.268
3.387	4.023E-3	-6.907E-2	6.919E-2	-2.452E-3	-2.796E-2	2.807E-2	0.360	0.304	0.471
3.403	3.912E-3	-6.939E-2	6.950E-2	-4.974E-3	-1.988E-2	2.049E-2	-0.106	5.983E-3	0.106
3.420	3.857E-3	-6.973E-2	6.984E-2	-4.692E-3	-2.825E-2	2.863E-2	-0.164	-8.132E-2	0.183
3.437	3.755E-3	-7.033E-2	7.043E-2	-1.046E-2	-2.598E-2	2.800E-2	-0.161	4.444E-2	0.167
3.453	3.508E-3	-7.060E-2	7.069E-2	-1.156E-2	-2.209E-2	2.493E-2	7.333E-2	-0.208	0.221
3.470	3.370E-3	-7.107E-2	7.115E-2	-6.688E-3	-3.498E-2	3.561E-2	0.201	-0.180	0.270
3.487	3.285E-3	-7.177E-2	7.184E-2	-4.894E-3	-3.089E-2	3.127E-2	-0.126	-5.210E-2	0.136
3.504	3.206E-3	-7.210E-2	7.217E-2	-1.027E-2	-3.092E-2	3.258E-2	-0.171	0.228	0.285
3.520	2.943E-3	-7.280E-2	7.286E-2	-1.265E-2	-2.982E-2	3.240E-2	-0.189	-0.124	0.226
3.537	2.784E-3	-7.309E-2	7.315E-2	-1.420E-2	-2.841E-2	3.176E-2	0.158	0.176	0.237
3.554	2.469E-3	-7.375E-2	7.379E-2	-1.038E-2	-3.012E-2	3.186E-2	0.297	0.178	0.346
3.570	2.438E-3	-7.410E-2	7.414E-2	-1.255E-3	-1.865E-2	1.869E-2	4.146E-3	0.170	0.170
3.587	2.427E-3	-7.437E-2	7.441E-2	-9.957E-3	-2.400E-2	2.598E-2	-6.979E-2	-0.383	0.389
3.604	2.106E-3	-7.490E-2	7.493E-2	-7.946E-3	-3.365E-2	3.458E-2	-0.169	-0.192	0.255
3.620	2.162E-3	-7.549E-2	7.552E-2	-9.226E-3	-3.059E-2	3.195E-2	1.767E-3	0.113	0.113
3.637	1.798E-3	-7.592E-2	7.594E-2	-1.419E-2	-2.783E-2	3.124E-2	-0.133	0.206	0.245
3.654	1.688E-3	-7.642E-2	7.644E-2	-9.284E-3	-2.571E-2	2.734E-2	0.193	6.512E-2	0.204
3.670	1.488E-3	-7.678E-2	7.679E-2	-9.917E-3	-2.372E-2	2.571E-2	-0.552	-0.418	0.693
3.687	1.357E-3	-7.721E-2	7.722E-2	-2.437E-2	-3.913E-2	4.609E-2	-0.175	-0.179	0.251
3.704	6.750E-4	-7.808E-2	7.809E-2	-2.331E-2	-3.545E-2	4.243E-2	0.209	2.657E-2	0.211
3.720	5.797E-4	-7.840E-2	7.840E-2	-9.470E-3	-3.002E-2	3.148E-2	0.267	0.488	0.556
3.737	3.590E-4	-7.908E-2	7.908E-2	-1.741E-2	-2.681E-2	3.196E-2	0.189	0.248	0.312
3.754	-1.100E-6	-7.929E-2	7.929E-2	-6.032E-3	-1.555E-2	1.668E-2	0.316	4.285E-2	0.319
3.770	1.577E-4	-7.960E-2	7.960E-2	-3.960E-4	-2.715E-2	2.715E-2	0.225	-0.158	0.275
3.787	-1.431E-5	-8.020E-2	8.020E-2	-4.434E-3	-2.437E-2	2.477E-2	-0.294	9.093E-2	0.307
3.804	9.774E-6	-8.042E-2	8.042E-2	-6.027E-3	-1.890E-2	1.984E-2	-0.105	-0.473	0.484
3.820	-2.154E-4	-8.083E-2	8.083E-2	-1.124E-2	-4.102E-2	4.254E-2	-0.167	-0.151	0.225
3.837	-3.654E-4	-8.178E-2	8.179E-2	-9.770E-3	-3.151E-2	3.299E-2	-0.196	0.479	0.517
3.854	-5.414E-4	-8.188E-2	8.188E-2	-1.736E-2	-1.409E-2	2.236E-2	-6.233E-2	0.415	0.419
3.871	-9.446E-4	-8.225E-2	8.226E-2	-1.499E-2	-2.365E-2	2.800E-2	0.237	-0.305	0.387
3.887	-1.042E-3	-8.267E-2	8.267E-2	-5.843E-3	-2.354E-2	2.425E-2	0.384	1.181	1.242
3.904	-1.140E-3	-8.304E-2	8.305E-2	-3.785E-3	1.142E-2	1.203E-2	-0.277	4.528	4.537
3.921	-1.168E-3	-8.229E-2	8.229E-2	-1.289E-2	0.126	0.126	-0.303	4.783	4.792
3.937	-1.570E-3	-7.885E-2	7.887E-2	-1.822E-2	0.191	0.192	-0.742	3.157	3.243
3.954	-1.776E-3	-7.591E-2	7.593E-2	-3.164E-2	0.210	0.213	-0.104	2.274	2.277
3.971	-2.625E-3	-7.183E-2	7.188E-2	-3.089E-2	0.275	0.276	0.140	3.421	3.424
3.987	-2.807E-3	-6.674E-2	6.680E-2	-1.755E-2	0.325	0.326	-0.313	3.446	3.461
4.004	-3.211E-3	-6.097E-2	6.106E-2	-4.337E-2	0.385	0.388	-1.050	2.586	2.792
4.021	-4.254E-3	-5.388E-2	5.405E-2	-5.779E-2	0.421	0.425	0.121	1.202	1.208
4.037	-5.139E-3	-4.694E-2	4.722E-2	-3.748E-2	0.418	0.420	0.579	0.686	0.898
4.054	-5.504E-3	-3.992E-2	4.030E-2	-3.308E-2	0.442	0.443	7.866E-2	1.001	1.004
4.071	-6.243E-3	-3.220E-2	3.280E-2	-4.077E-2	0.458	0.460	7.238E-2	0.551	0.556
4.087	-6.865E-3	-2.463E-2	2.557E-2	-2.922E-2	0.455	0.456	0.613	0.235	0.656
4.104	-7.218E-3	-1.700E-2	1.847E-2	-1.885E-2	0.466	0.466	0.156	0.739	0.756
4.121	-7.494E-3	-9.082E-3	1.177E-2	-2.350E-2	0.481	0.482	0.730	-0.142	0.743
4.137	-8.002E-3	-9.412E-4	8.057E-3	-1.025E-3	0.465	0.465	0.811	-2.077	2.230
4.154	-7.528E-3	6.440E-3	9.907E-3	1.488E-2	0.409	0.410	0.306	-2.568	2.586
4.171	-7.505E-3	1.272E-2	1.477E-2	1.146E-3	0.374	0.374	-0.688	-1.392	1.552
4.188	-7.490E-3	1.891E-2	2.034E-2	-5.300E-3	0.367	0.367	0.262	-0.297	0.396
4.204	-7.682E-3	2.498E-2	2.613E-2	5.673E-3	0.363	0.363	-5.018E-2	-0.107	0.118
4.221	-7.300E-3	3.103E-2	3.187E-2	1.836E-3	0.364	0.364	-0.447	-0.659	0.796
4.238	-7.621E-3	3.712E-2	3.790E-2	-1.789E-2	0.345	0.345	-0.458	-0.802	0.924
4.254	-7.897E-3	4.253E-2	4.326E-2	-1.089E-2	0.330	0.330	0.131	-0.774	0.785
4.271	-7.984E-3	4.814E-2	4.880E-2	-1.123E-2	0.325	0.325	-2.484E-2	-0.242	0.243
4.288	-8.272E-3	5.338E-2	5.402E-2	-1.463E-2	0.318	0.318	-4.819E-2	-0.397	0.400
4.304	-8.472E-3	5.874E-2	5.934E-2	-1.132E-2	0.315	0.316	-0.118	-8.332E-2	0.144
4.321	-8.650E-3	6.390E-2	6.449E-2	-1.772E-2	0.312	0.313	-0.108	-0.180	0.210
4.338	-9.063E-3	6.915E-2	6.975E-2	-1.802E-2	0.311	0.312	0.262	-4.534E-2	0.266
4.354	-9.251E-3	7.429E-2	7.487E-2	-6.688E-3	0.309	0.309	0.353	-0.437	0.562
4.371	-9.287E-3	7.947E-2	8.001E-2	-5.441E-3	0.299	0.299	9.746E-2	-0.510	0.519
4.388	-9.433E-3	8.428E-2	8.480E-2	-5.498E-3	0.289	0.289	-0.240	-0.539	0.590
4.404	-9.470E-3	8.911E-2	8.961E-2	-1.083E-2	0.284	0.284	-0.363	-0.417	0.553
4.421	-9.794E-3	9.375E-2	9.426E-2	-2.040E-2	0.274	0.275	-0.462	-0.186	0.498
4.438	-1.015E-2	9.824E-2	9.877E-2	-2.481E-2	0.276	0.277	0.270	-0.206	0.339
4.454	-1.062E-2	0.103	0.104	-1.423E-2	0.271	0.272	0.201	-0.520	0.558
4.471	-1.063E-2	0.107	0.108	-1.192E-2	0.255	0.255	0.314	-0.371	0.485
4.488	-1.102E-2	0.111	0.112	-1.093E-2	0.258	0.258	-0.230	-0.185	0.295
4.505	-1.099E-2	0.116	0.116	-1.230E-2	0.253	0.254	0.121	-0.428	0.445
4.521	-1.143E-2	0.120	0.120	-1.442E-2	0.240	0.240	-0.326	-0.283	0.432
4.538	-1.147E-2	0.124	0.124	-1.585E-2	0.244	0.245	-1.140E-2	-3.273E-2	3.466E-2
4.555	-1.196E-2	0.128	0.129	-2.144E-2	0.242	0.243	6.420E-2	-0.340	0.346
4.571	-1.219E-2	0.132	0.133	-1.008E-2	0.230	0.230	0.490	-0.394	0.629
4.588	-1.230E-2	0.136	0.136	-5.344E-3	0.229	0.229	0.108	0.156	0.190
4.605	-1.236E-2	0.140	0.140	-6.344E-3	0.235	0.236	-0.181	3.628E-2	0.184
4.621	-1.251E-2	0.144	0.144	-1.170E-2	0.232	0.233	-0.332	-1.046	1.097
4.638	-1.276E-2	0.147	0.148	-1.762E-2	0.201	0.202	-0.145	-0.787	0.800
4.655	-1.309E-2	0.150	0.151	-1.732E-2	0.198	0.198	-7.303E-2	0.128	0.148
4.671	-1.333E-2	0.154	0.155	-1.823E-2	0.215	0.216	0.165	0.287	0.331
4.688	-1.370E-2	0.157	0.158	-1.447E-2	0.204	0.205	0.461	-0.372	0.592
4.705	-1.382E-2	0.161	0.161	-9.273E-4	0.200	0.200	3.580E-2	0.417	0.419
4.721	-1.373E-2	0.164	0.165	-1.051E-2	0.218	0.218	-3.266E-2	-0.318	0.320
4.738	-1.417E-2	0.168	0.169	-9.586E-3	0.198	0.199	6.906E-2	-1.007	1.009
4.755	-1.405E-2	0.171	0.171	-3.289E-4	0.171	0.171	0.132	-0.762	0.774
4.771	-1.418E-2	0.174	0.174	-9.268E-3	0.180	0.180	-0.196	0.457	0.497
4.788	-1.436E-2	0.177	0.177	-6.976E-3	0.185	0.185	0.257	-0.116	0.282
4.805	-1.441E-2	0.180	0.181	3.072E-4	0.179	0.179	8.555E-2	-0.390	0.399
4.821	-1.435E-2	0.183	0.183	-2.911E-3	0.168	0.168	-0.502	-0.285	0.578
4.838	-1.451E-2	0.186	0.186	-1.753E-2	0.171	0.172	-0.378	-9.406E-2	0.390
4.855	-1.494E-2	0.188	0.189	-1.809E-2	0.167	0.168	0.108	1.093E-2	0.109
4.872	-1.511E-2	0.191	0.192	-1.051E-2	0.168	0.168	0.488	6.577E-2	0.493
4.888	-1.529E-2	0.194	0.195	-3.897E-3	0.172	0.172	0.183	-0.695	0.718
4.905	-1.524E-2	0.197	0.197	-1.806E-3	0.146	0.146	9.960E-2	-0.401	0.413
4.922	-1.535E-2	0.199	0.200	-3.317E-3	0.149	0.149	-0.167	-0.375	0.411
4.938	-1.535E-2	0.202	0.202	-5.104E-3	0.148	0.148	-8.816E-2	-0.214	0.232
4.955	-1.552E-2	0.204	0.204	-8.357E-3	0.129	0.130	0.112	0.185	0.216
4.972	-1.563E-2	0.206	0.207	-9.824E-4	0.158	0.158	0.139	0.645	0.659
4.988	-1.555E-2	0.209	0.210	-1.448E-3	0.158	0.158	1.019E-2	-9.249E-2	9.305E-2
5.005	-1.568E-2	0.211	0.212	-3.765E-3	0.145	0.145	-3.148E-2	-1.038	1.038
5.022	-1.568E-2	0.214	0.215	-4.454E-4	0.131	0.131	-6.658E-2	-0.669	0.672
5.038	-1.569E-2	0.216	0.216	-5.970E-3	0.116	0.116	7.739E-3	6.542E-2	6.588E-2
5.055	-1.588E-2	0.218	0.218	-2.720E-3	0.135	0.135	1.019E-2	-0.116	0.117
5.072	-1.578E-2	0.220	0.221	-1.547E-3	0.120	0.120	-0.114	-1.144	1.149
5.088	-1.593E-2	0.222	0.222	-9.576E-3	8.663E-2	8.716E-2	-0.323	-5.713E-2	0.328
5.105	-1.610E-2	0.223	0.224	-1.146E-2	0.117	0.117	0.374	1.211	1.268
5.122	-1.631E-2	0.226	0.226	8.800E-4	0.138	0.138	0.490	0.102	0.501
5.138	-1.607E-2	0.228	0.228	9.495E-3	0.114	0.115	8.100E-2	2.204E-2	8.395E-2
5.155	-1.599E-2	0.230	0.230	9.130E-4	0.132	0.132	-0.299	0.191	0.355
5.172	-1.604E-2	0.232	0.233	-1.198E-3	0.135	0.135	0.155	-0.639	0.657
5.189	-1.603E-2	0.234	0.235	6.337E-3	9.975E-2	9.995E-2	-3.714E-3	-0.722	0.722
5.205	-1.583E-2	0.236	0.236	1.558E-3	0.111	0.111	-0.235	5.679E-2	0.242
5.222	-1.598E-2	0.238	0.238	-5.786E-3	0.111	0.111	0.211	0.172	0.272
5.239	-1.603E-2	0.239	0.240	9.309E-3	0.106	0.107	0.257	-0.538	0.596
5.255	-1.567E-2	0.241	0.242	7.685E-3	0.102	0.102	-8.087E-2	-0.320	0.330
5.272	-1.577E-2	0.243	0.243	1.715E-4	8.775E-2	8.775E-2	-0.253	-0.347	0.430
5.289	-1.567E-2	0.244	0.245	3.318E-3	9.399E-2	9.405E-2	-0.302	8.633E-2	0.314
5.305	-1.566E-2	0.246	0.246	-1.009E-2	9.116E-2	9.171E-2	-0.154	0.337	0.370
5.322	-1.600E-2	0.247	0.248	-6.420E-3	0.102	0.102	0.155	0.132	0.204
5.339	-1.587E-2	0.249	0.250	1.530E-3	0.102	0.103	0.404	-0.843	0.935
5.355	-1.595E-2	0.251	0.251	2.250E-3	6.991E-2	6.994E-2	-0.301	-0.758	0.815
5.372	-1.580E-2	0.252	0.252	-3.790E-3	7.108E-2	7.118E-2	0.184	0.430	0.467
5.389	-1.608E-2	0.253	0.254	1.115E-3	9.234E-2	9.235E-2	-0.619	0.558	0.833
5.405	-1.576E-2	0.255	0.255	-1.292E-2	8.810E-2	8.905E-2	0.233	-1.555E-2	0.233
5.422	-1.651E-2	0.256	0.257	-8.056E-3	8.902E-2	8.938E-2	2.389E-2	-0.636	0.637
5.439	-1.603E-2	0.258	0.258	6.174E-3	7.285E-2	7.311E-2	1.197	-0.680	1.377
5.455	-1.630E-2	0.258	0.259	1.562E-2	5.774E-2	5.982E-2	-0.438	-0.252	0.505
5.472	-1.551E-2	0.260	0.260	9.389E-3	6.935E-2	6.998E-2	-0.599	1.483E-2	0.599
5.489	-1.599E-2	0.261	0.261	-2.098E-2	6.012E-2	6.368E-2	-0.806	0.365	0.885
5.506	-1.621E-2	0.262	0.262	-1.021E-2	7.343E-2	7.414E-2	0.857	0.432	0.960
5.522	-1.633E-2	0.263	0.264	5.493E-3	8.595E-2	8.613E-2	0.466	-0.128	0.484
5.539	-1.603E-2	0.264	0.265	9.803E-3	6.275E-2	6.351E-2	-0.117	-0.486	0.500
5.556	-1.600E-2	0.265	0.266	-2.175E-3	6.711E-2	6.715E-2	-0.149	0.245	0.287
5.572	-1.610E-2	0.267	0.267	3.717E-3	7.674E-2	7.683E-2	0.648	0.469	0.799
5.589	-1.588E-2	0.268	0.268	2.143E-2	7.878E-2	8.164E-2	-0.118	-0.789	0.798
5.606	-1.538E-2	0.269	0.270	4.434E-3	5.673E-2	5.691E-2	-0.506	-0.483	0.700
5.622	-1.573E-2	0.270	0.270	-6.000E-3	5.060E-2	5.096E-2	-0.485	0.318	0.580
5.639	-1.558E-2	0.271	0.271	-2.282E-3	7.701E-2	7.704E-2	0.389	0.416	0.569
5.656	-1.581E-2	0.272	0.273	-2.408E-4	6.496E-2	6.496E-2	-0.268	-0.441	0.516
5.672	-1.559E-2	0.273	0.274	-3.493E-3	5.589E-2	5.600E-2	5.987E-2	-0.666	0.669
5.689	-1.592E-2	0.274	0.275	-6.723E-3	4.921E-2	4.967E-2	-5.907E-2	9.977E-2	0.116
5.706	-1.582E-2	0.275	0.275	1.398E-3	5.177E-2	5.179E-2	7.239E-2	0.254	0.264
5.722	-1.588E-2	0.276	0.276	-7.165E-3	6.494E-2	6.534E-2	0.323	-9.919E-2	0.338
5.739	-1.605E-2	0.277	0.277	9.105E-3	4.714E-2	4.801E-2	0.242	-0.509	0.564
5.756	-1.557E-2	0.277	0.278	9.766E-3	4.290E-2	4.400E-2	0.377	0.235	0.444
5.772	-1.573E-2	0.278	0.279	1.059E-2	5.905E-2	5.999E-2	-0.737	-0.118	0.746
5.789	-1.522E-2	0.279	0.280	-1.801E-3	4.248E-2	4.252E-2	-0.578	-0.586	0.823
5.806	-1.579E-2	0.280	0.280	-2.241E-2	3.064E-2	3.796E-2	-0.381	-0.464	0.601
5.822	-1.597E-2	0.280	0.281	-7.092E-3	3.431E-2	3.504E-2	0.422	0.488	0.645
5.839	-1.603E-2	0.281	0.281	-8.262E-3	4.135E-2	4.217E-2	0.162	0.310	0.350
5.856	-1.624E-2	0.282	0.282	-4.790E-3	5.043E-2	5.066E-2	0.275	-0.154	0.315
5.873	-1.619E-2	0.283	0.283	3.904E-3	3.431E-2	3.454E-2	0.332	-0.800	0.866
5.889	-1.611E-2	0.283	0.283	5.110E-3	2.155E-2	2.214E-2	7.216E-2	0.146	0.163
5.906	-1.601E-2	0.283	0.284	6.416E-3	3.773E-2	3.827E-2	-0.399	0.363	0.539
5.923	-1.590E-2	0.284	0.285	-6.282E-3	4.110E-2	4.158E-2	-0.482	-0.198	0.521
5.939	-1.622E-2	0.285	0.285	-1.427E-2	2.470E-2	2.852E-2	0.114	-0.425	0.440
5.956	-1.638E-2	0.285	0.286	-3.522E-4	2.776E-2	2.777E-2	0.284	0.163	0.328
5.973	-1.624E-2	0.286	0.286	-1.609E-3	3.194E-2	3.198E-2	0.397	0.188	0.440
5.989	-1.643E-2	0.286	0.287	6.272E-3	3.287E-2	3.346E-2	-0.290	-0.123	0.315
6.006	-1.603E-2	0.287	0.287	-1.153E-3	2.921E-2	2.923E-2	-0.707	-0.470	0.849
6.023	-1.647E-2	0.287	0.288	-2.700E-2	1.646E-2	3.162E-2	-0.613	-0.475	0.775
6.039	-1.693E-2	0.287	0.288	-1.934E-2	1.166E-2	2.258E-2	0.645	7.600E-2	0.649
6.056	-1.711E-2	0.288	0.288	-4.059E-3	1.996E-2	2.037E-2	0.922	0.908	1.294
6.073	-1.706E-2	0.288	0.288	1.110E-2	4.104E-2	4.252E-2	0.288	0.230	0.368
6.089	-1.674E-2	0.289	0.289	8.421E-3	3.434E-2	3.536E-2	0.165	-1.033	1.046
6.106	-1.678E-2	0.289	0.290	1.052E-2	-1.448E-4	1.053E-2	-0.565	-1.093	1.231
6.123	-1.639E-2	0.289	0.289	-1.617E-3	-3.798E-3	4.128E-3	-4.812E-2	0.182	0.188
6.139	-1.684E-2	0.289	0.289	-3.410E-3	9.568E-3	1.016E-2	-2.064E-2	0.464	0.465
6.156	-1.650E-2	0.289	0.290	9.413E-3	1.205E-2	1.529E-2	6.880E-2	0.122	0.140
6.173	-1.652E-2	0.289	0.290	-6.622E-3	1.209E-2	1.379E-2	-0.403	-0.195	0.448
6.190	-1.673E-2	0.290	0.290	-5.156E-3	7.414E-3	9.031E-3	0.245	-0.176	0.302
6.206	-1.669E-2	0.290	0.290	4.072E-3	3.548E-3	5.401E-3	0.180	-0.106	0.209
6.223	-1.659E-2	0.290	0.290	1.174E-3	5.790E-3	5.908E-3	-0.215	-9.008E-2	0.233
6.240	-1.665E-2	0.290	0.290	-4.731E-3	5.662E-4	4.764E-3	-0.112	-0.225	0.251
6.256	-1.675E-2	0.290	0.290	-2.525E-3	-3.037E-3	3.950E-3	0.102	-0.294	0.311
6.273	-1.674E-2	0.290	0.290	-2.202E-4	-7.555E-3	7.558E-3	0.161	8.781E-2	0.184
6.290	-1.676E-2	0.289	0.290	1.810E-3	-3.190E-3	3.668E-3	0.187	0.263	0.323
6.306	-1.668E-2	0.290	0.290	6.639E-3	5.025E-3	8.326E-3	-6.915E-2	4.313E-2	8.150E-2
6.323	-1.653E-2	0.290	0.290	8.203E-4	-2.722E-3	2.843E-3	-0.528	-0.303	0.609
6.340	-1.665E-2	0.290	0.290	-1.272E-2	-6.904E-3	1.447E-2	-0.432	-0.227	0.488
6.356	-1.696E-2	0.289	0.290	-1.463E-2	-8.348E-3	1.685E-2	7.363E-2	0.155	0.172
6.373	-1.714E-2	0.289	0.290	-8.696E-3	-4.089E-3	9.609E-3	0.304	7.729E-2	0.314
6.390	-1.725E-2	0.289	0.290	-4.659E-3	-2.249E-3	5.173E-3	0.244	-0.773	0.810
6.406	-1.730E-2	0.289	0.290	-6.481E-4	-2.957E-2	2.957E-2	-0.163	-0.658	0.678
6.423	-1.727E-2	0.288	0.289	-8.327E-3	-3.221E-2	3.327E-2	-0.124	0.385	0.404
6.440	-1.757E-2	0.288	0.289	-9.184E-3	-8.915E-3	1.280E-2	-0.255	0.693	0.738
6.456	-1.758E-2	0.288	0.289	-1.128E-2	-9.754E-3	1.491E-2	0.218	-0.265	0.344
6.473	-1.795E-2	0.288	0.288	-8.351E-3	-1.931E-2	2.104E-2	0.271	-0.217	0.348
6.490	-1.785E-2	0.287	0.288	3.642E-3	-1.823E-2	1.859E-2	0.363	-0.109	0.379
6.507	-1.783E-2	0.287	0.288	1.227E-3	-1.983E-2	1.987E-2	-3.794E-2	0.255	0.257
6.523	-1.781E-2	0.287	0.287	2.336E-3	-1.427E-2	1.446E-2	-0.339	4.375E-2	0.342
6.540	-1.775E-2	0.287	0.287	-7.921E-3	-1.230E-2	1.463E-2	-4.186E-2	-4.735E-2	6.320E-2
6.557	-1.808E-2	0.286	0.287	-4.768E-3	-2.092E-2	2.146E-2	-8.537E-2	-0.795	0.799
6.573	-1.791E-2	0.286	0.287	-2.955E-3	-3.455E-2	3.467E-2	3.804E-2	-0.415	0.416
6.590	-1.818E-2	0.285	0.286	-1.021E-2	-4.080E-2	4.205E-2	-0.347	-0.110	0.364
6.607	-1.825E-2	0.285	0.285	-1.017E-2	-3.310E-2	3.462E-2	0.194	0.472	0.511
6.623	-1.852E-2	0.284	0.285	-7.439E-3	-2.780E-2	2.878E-2	2.017E-2	0.307	0.307
6.640	-1.850E-2	0.284	0.284	-5.310E-3	-2.070E-2	2.137E-2	-0.288	0.234	0.371
6.657	-1.869E-2	0.283	0.284	-1.904E-2	-2.087E-2	2.825E-2	0.129	-0.125	0.180
6.673	-1.913E-2	0.283	0.284	-5.193E-3	-2.454E-2	2.508E-2	0.493	-0.131	0.511
6.690	-1.887E-2	0.283	0.283	5.953E-3	-2.634E-2	2.700E-2	-0.143	-0.276	0.311
6.707	-1.893E-2	0.282	0.283	-1.439E-2	-3.184E-2	3.494E-2	-0.701	6.526E-2	0.704
6.723	-1.935E-2	0.281	0.282	-1.966E-2	-2.793E-2	3.416E-2	-0.307	-6.687E-2	0.315
6.740	-1.959E-2	0.281	0.282	-2.084E-2	-2.834E-2	3.518E-2	0.296	-5.903E-3	0.296
6.757	-2.004E-2	0.281	0.281	-1.413E-2	-3.376E-2	3.660E-2	0.319	-0.456	0.557
6.773	-2.006E-2	0.280	0.281	-5.049E-3	-3.870E-2	3.903E-2	0.281	0.225	0.360
6.790	-2.021E-2	0.279	0.280	-7.864E-3	-3.260E-2	3.354E-2	-0.491	-0.280	0.565
6.807	-2.032E-2	0.279	0.280	-1.885E-2	-3.842E-2	4.280E-2	-0.383	-4.810E-3	0.383
6.823	-2.084E-2	0.278	0.279	-2.506E-2	-4.412E-2	5.075E-2	0.261	0.491	0.556
6.840	-2.116E-2	0.277	0.278	-8.327E-3	-1.554E-2	1.763E-2	0.244	1.300	1.323
6.857	-2.112E-2	0.277	0.278	-1.248E-2	-4.148E-4	1.249E-2	-0.359	-0.327	0.485
6.874	-2.158E-2	0.277	0.278	-2.633E-2	-2.329E-2	3.515E-2	-0.470	-0.968	1.076
6.890	-2.200E-2	0.277	0.278	-2.559E-2	-4.191E-2	4.910E-2	0.343	-0.472	0.584
6.907	-2.243E-2	0.276	0.277	-1.654E-2	-3.315E-2	3.705E-2	0.380	0.390	0.544
6.924	-2.255E-2	0.276	0.276	-9.750E-3	-3.008E-2	3.162E-2	-0.150	-0.200	0.250
6.940	-2.276E-2	0.275	0.276	-2.228E-2	-3.791E-2	4.397E-2	-0.288	-0.248	0.380
6.957	-2.329E-2	0.274	0.275	-2.306E-2	-4.231E-2	4.819E-2	-0.220	-0.360	0.422
6.974	-2.353E-2	0.274	0.275	-2.419E-2	-4.561E-2	5.163E-2	-0.223	6.542E-2	0.232
6.990	-2.410E-2	0.273	0.274	-3.464E-2	-4.485E-2	5.667E-2	-6.733E-2	0.565	0.569
7.007	-2.468E-2	0.272	0.273	-2.631E-2	-2.429E-2	3.581E-2	0.158	0.354	0.388
7.024	-2.498E-2	0.272	0.273	-2.570E-2	-2.905E-2	3.879E-2	-0.246	-0.139	0.282
7.040	-2.554E-2	0.271	0.272	-3.749E-2	-3.619E-2	5.211E-2	-0.415	-0.730	0.840
7.057	-2.623E-2	0.271	0.272	-3.971E-2	-4.611E-2	6.085E-2	0.449	-0.131	0.468
7.074	-2.686E-2	0.270	0.271	-2.362E-2	-4.925E-2	5.462E-2	0.676	7.190E-2	0.680
7.090	-2.702E-2	0.269	0.270	-1.269E-2	-3.636E-2	3.851E-2	-0.104	0.269	0.288
7.107	-2.729E-2	0.268	0.270	-2.847E-2	-4.261E-2	5.125E-2	-0.883	0.132	0.893
7.124	-2.797E-2	0.268	0.269	-4.453E-2	-3.442E-2	5.629E-2	-0.330	-2.345E-2	0.331
7.140	-2.877E-2	0.267	0.269	-4.007E-2	-3.728E-2	5.473E-2	1.058E-2	-0.424	0.424
7.157	-2.930E-2	0.266	0.268	-4.003E-2	-5.425E-2	6.742E-2	0.614	-0.256	0.666
7.174	-3.011E-2	0.265	0.267	-2.631E-2	-4.579E-2	5.281E-2	-0.309	0.442	0.539
7.191	-3.018E-2	0.265	0.267	-3.801E-2	-3.609E-2	5.241E-2	-0.302	-0.280	0.412
7.207	-3.138E-2	0.264	0.266	-5.202E-2	-5.439E-2	7.526E-2	0.242	-0.526	0.579
7.224	-3.192E-2	0.263	0.265	-2.107E-2	-6.017E-2	6.376E-2	0.767	-0.139	0.780
7.241	-3.208E-2	0.262	0.264	-2.404E-2	-5.262E-2	5.785E-2	0.111	0.818	0.825
7.257	-3.272E-2	0.261	0.263	-2.492E-2	-3.836E-2	4.574E-2	-0.620	-4.946E-2	0.621
7.274	-3.291E-2	0.261	0.263	-3.549E-2	-4.487E-2	5.721E-2	-0.754	-0.240	0.792
7.291	-3.390E-2	0.260	0.262	-5.887E-2	-5.781E-2	8.251E-2	0.520	0.142	0.539
7.307	-3.488E-2	0.259	0.261	-2.007E-2	-3.474E-2	4.012E-2	0.523	0.655	0.838
7.324	-3.457E-2	0.259	0.261	-2.443E-2	-3.314E-2	4.117E-2	-0.172	-0.632	0.655
7.341	-3.569E-2	0.258	0.260	-4.643E-2	-5.795E-2	7.425E-2	-0.488	-0.676	0.834
7.357	-3.612E-2	0.257	0.259	-2.835E-2	-6.051E-2	6.683E-2	0.440	-0.126	0.458
7.374	-3.664E-2	0.256	0.259	-3.487E-2	-5.527E-2	6.535E-2	-0.168	0.238	0.292
7.391	-3.728E-2	0.255	0.258	-3.522E-2	-5.730E-2	6.726E-2	-0.354	0.200	0.407
7.407	-3.781E-2	0.254	0.257	-4.342E-2	-4.669E-2	6.376E-2	-0.102	0.385	0.398
7.424	-3.873E-2	0.253	0.256	-4.409E-2	-4.348E-2	6.192E-2	0.286	-0.204	0.351
7.441	-3.928E-2	0.253	0.256	-2.953E-2	-5.363E-2	6.122E-2	0.446	-0.267	0.520
7.457	-3.972E-2	0.252	0.255	-2.932E-2	-5.539E-2	6.267E-2	-0.193	-0.226	0.297
7.474	-4.026E-2	0.251	0.254	-3.678E-2	-5.699E-2	6.783E-2	3.461E-2	0.327	0.329
7.491	-4.095E-2	0.250	0.253	-3.041E-2	-4.986E-2	5.840E-2	0.505	-3.092E-3	0.505
7.508	-4.128E-2	0.249	0.252	-1.676E-2	-4.949E-2	5.226E-2	2.642E-2	-0.369	0.370
7.524	-4.151E-2	0.248	0.251	-2.810E-2	-6.803E-2	7.360E-2	-0.401	-0.672	0.783
7.541	-4.221E-2	0.247	0.250	-3.569E-2	-7.097E-2	7.944E-2	4.273E-2	0.138	0.144
7.558	-4.270E-2	0.246	0.249	-2.344E-2	-6.362E-2	6.780E-2	-3.800E-2	0.143	0.148
7.574	-4.300E-2	0.245	0.248	-3.409E-2	-6.352E-2	7.209E-2	-0.192	-7.243E-2	0.205
7.591	-4.383E-2	0.243	0.247	-3.707E-2	-6.897E-2	7.830E-2	3.865E-2	6.414E-2	7.488E-2
7.608	-4.423E-2	0.242	0.246	-2.642E-2	-6.113E-2	6.660E-2	0.150	0.213	0.261
7.624	-4.471E-2	0.241	0.246	-3.390E-2	-5.935E-2	6.835E-2	0.173	-4.505E-3	0.173
7.641	-4.536E-2	0.240	0.245	-2.388E-2	-6.378E-2	6.810E-2	0.603	-0.304	0.675
7.658	-4.551E-2	0.239	0.244	-8.760E-3	-6.791E-2	6.847E-2	-0.248	-0.146	0.288
7.674	-4.566E-2	0.238	0.242	-3.109E-2	-7.041E-2	7.697E-2	-0.839	-0.427	0.941
7.691	-4.655E-2	0.237	0.242	-4.445E-2	-7.927E-2	9.088E-2	-0.287	0.215	0.359
7.708	-4.714E-2	0.235	0.240	-3.496E-2	-6.966E-2	7.794E-2	0.634	1.150E-2	0.635
7.724	-4.772E-2	0.235	0.239	-2.569E-2	-6.858E-2	7.324E-2	0.194	0.185	0.268
7.741	-4.800E-2	0.233	0.238	-2.490E-2	-7.406E-2	7.813E-2	0.171	-0.430	0.463
7.758	-4.855E-2	0.232	0.237	-2.472E-2	-7.407E-2	7.809E-2	-0.158	0.159	0.225
7.774	-4.882E-2	0.231	0.236	-2.543E-2	-7.648E-2	8.060E-2	-0.137	-0.418	0.440
7.791	-4.939E-2	0.230	0.235	-3.316E-2	-8.040E-2	8.698E-2	-0.217	8.944E-2	0.235
7.808	-4.993E-2	0.228	0.233	-3.118E-2	-8.170E-2	8.745E-2	0.108	-0.113	0.156
7.824	-5.044E-2	0.227	0.232	-2.961E-2	-7.652E-2	8.205E-2	0.116	0.394	0.411
7.841	-5.092E-2	0.225	0.231	-2.743E-2	-7.479E-2	7.966E-2	0.158	-0.307	0.346
7.858	-5.135E-2	0.224	0.230	-2.428E-2	-8.003E-2	8.363E-2	-0.194	-0.585	0.617
7.875	-5.173E-2	0.223	0.229	-3.223E-2	-9.996E-2	0.105	-0.132	-0.112	0.172
7.891	-5.243E-2	0.221	0.227	-3.296E-2	-8.517E-2	9.133E-2	-2.448E-2	0.394	0.395
7.908	-5.283E-2	0.220	0.226	-2.847E-2	-7.917E-2	8.414E-2	-7.856E-2	-0.349	0.357
7.925	-5.338E-2	0.218	0.225	-3.748E-2	-0.102	0.108	-5.335E-2	-0.314	0.318
7.941	-5.408E-2	0.217	0.223	-3.230E-2	-9.328E-2	9.872E-2	0.374	0.118	0.393
7.958	-5.445E-2	0.215	0.222	-2.169E-2	-8.905E-2	9.165E-2	8.479E-2	0.395	0.404
7.975	-5.480E-2	0.214	0.221	-2.938E-2	-8.877E-2	9.351E-2	-6.798E-2	-6.654E-2	9.512E-2
7.991	-5.543E-2	0.212	0.219	-2.797E-2	-8.385E-2	8.839E-2	-9.445E-2	-0.117	0.150
8.008	-5.573E-2	0.211	0.218	-2.714E-2	-9.687E-2	0.101	0.132	-0.130	0.185
8.025	-5.634E-2	0.209	0.217	-2.871E-2	-8.948E-2	9.397E-2	-0.363	-0.165	0.399
8.041	-5.669E-2	0.208	0.215	-3.393E-2	-9.616E-2	0.102	-0.180	0.217	0.282
8.058	-5.747E-2	0.206	0.214	-4.039E-2	-9.200E-2	0.100	0.112	0.298	0.318
8.075	-5.804E-2	0.205	0.213	-2.749E-2	-7.652E-2	8.131E-2	0.356	-0.207	0.412
8.091	-5.839E-2	0.203	0.212	-2.674E-2	-0.101	0.105	0.148	-0.408	0.434
8.108	-5.893E-2	0.201	0.210	-2.605E-2	-9.759E-2	0.101	-0.154	-0.193	0.247
8.125	-5.926E-2	0.200	0.209	-2.800E-2	-9.589E-2	9.989E-2	-7.729E-2	-0.242	0.254
8.141	-5.987E-2	0.198	0.207	-3.251E-2	-0.115	0.119	-0.143	-0.620	0.637
8.158	-6.034E-2	0.196	0.205	-3.022E-2	-0.113	0.117	-0.222	0.540	0.584
8.175	-6.087E-2	0.194	0.204	-3.980E-2	-9.898E-2	0.107	0.566	0.640	0.854
8.192	-6.167E-2	0.193	0.203	-1.769E-2	-8.752E-2	8.929E-2	-0.222	0.234	0.322
8.208	-6.146E-2	0.191	0.201	-3.122E-2	-9.354E-2	9.861E-2	0.129	-0.584	0.598
8.225	-6.271E-2	0.190	0.200	-3.574E-2	-0.106	0.112	-0.449	-0.417	0.613
8.242	-6.266E-2	0.188	0.198	-2.476E-2	-0.110	0.113	0.482	-0.184	0.516
8.258	-6.354E-2	0.186	0.197	-3.574E-2	-0.109	0.115	9.247E-2	0.458	0.467
8.275	-6.385E-2	0.184	0.195	-1.348E-2	-9.892E-2	9.983E-2	0.154	-0.137	0.206
8.292	-6.399E-2	0.183	0.194	-2.869E-2	-0.106	0.110	-0.377	-0.310	0.489
8.308	-6.481E-2	0.181	0.192	-3.465E-2	-0.118	0.123	-0.298	-0.454	0.544
8.325	-6.515E-2	0.179	0.190	-3.023E-2	-0.115	0.119	0.442	0.526	0.687
8.342	-6.582E-2	0.177	0.189	-2.672E-2	-0.106	0.109	0.173	0.319	0.363
8.358	-6.604E-2	0.175	0.187	-1.846E-2	-9.847E-2	0.100	-4.882E-2	-0.187	0.193
8.375	-6.643E-2	0.174	0.186	-3.073E-2	-0.115	0.119	-0.219	-0.524	0.568
8.392	-6.706E-2	0.172	0.184	-2.839E-2	-0.118	0.122	-0.159	-0.674	0.692
8.408	-6.738E-2	0.170	0.183	-3.066E-2	-0.132	0.135	-0.204	0.126	0.240
8.425	-6.809E-2	0.167	0.181	-4.022E-2	-0.124	0.130	-0.104	0.291	0.309
8.442	-6.872E-2	0.166	0.179	-3.261E-2	-0.110	0.115	-5.727E-2	0.135	0.147
8.458	-6.917E-2	0.164	0.178	-3.916E-2	-0.126	0.132	0.396	-6.752E-2	0.402
8.475	-7.003E-2	0.161	0.176	-2.704E-2	-0.114	0.117	0.584	0.187	0.613
8.492	-7.008E-2	0.160	0.174	-1.004E-2	-0.113	0.113	-3.086E-2	-0.106	0.111
8.509	-7.036E-2	0.158	0.173	-3.150E-2	-0.125	0.129	-0.725	-0.421	0.839
8.525	-7.113E-2	0.156	0.171	-3.839E-2	-0.123	0.129	2.570E-2	-5.582E-2	6.145E-2
8.542	-7.164E-2	0.153	0.169	-2.702E-2	-0.127	0.130	0.382	0.170	0.418
8.559	-7.203E-2	0.151	0.168	-2.530E-2	-0.119	0.122	2.202E-2	0.275	0.276
8.575	-7.249E-2	0.149	0.166	-2.747E-2	-0.114	0.118	-0.662	-0.317	0.734
8.592	-7.295E-2	0.147	0.165	-4.463E-2	-0.131	0.138	-4.751E-2	-0.160	0.167
8.609	-7.398E-2	0.145	0.163	-3.744E-2	-0.125	0.130	0.158	-0.328	0.364
8.625	-7.419E-2	0.143	0.161	-2.784E-2	-0.132	0.134	-0.150	-2.679E-4	0.150
8.642	-7.491E-2	0.141	0.159	-4.918E-2	-0.137	0.146	-0.370	-0.394	0.541
8.659	-7.584E-2	0.139	0.158	-4.195E-2	-0.134	0.140	0.574	0.382	0.689
8.675	-7.630E-2	0.136	0.156	-2.551E-2	-0.134	0.136	0.692	-4.033E-2	0.693
8.692	-7.669E-2	0.134	0.155	-2.045E-2	-0.127	0.129	-0.137	0.236	0.273
8.709	-7.699E-2	0.132	0.153	-2.829E-2	-0.131	0.134	-0.172	0.114	0.206
8.725	-7.763E-2	0.130	0.151	-3.061E-2	-0.122	0.125	-0.401	-0.199	0.447
8.742	-7.801E-2	0.128	0.150	-3.600E-2	-0.134	0.139	-0.190	-0.226	0.295
8.759	-7.883E-2	0.125	0.148	-4.283E-2	-0.137	0.144	-2.602E-2	-4.199E-2	4.940E-2
8.775	-7.944E-2	0.123	0.147	-3.350E-2	-0.128	0.132	0.463	0.424	0.628
8.792	-7.995E-2	0.121	0.145	-2.790E-2	-0.128	0.131	-9.608E-2	-0.716	0.722
8.809	-8.037E-2	0.119	0.144	-3.491E-2	-0.146	0.150	-0.210	-0.267	0.340
8.825	-8.111E-2	0.116	0.142	-3.894E-2	-0.148	0.153	-0.169	-9.875E-2	0.196
8.842	-8.167E-2	0.114	0.140	-3.697E-2	-0.137	0.142	0.303	0.398	0.500
8.859	-8.235E-2	0.112	0.139	-3.199E-2	-0.142	0.146	3.396E-2	-0.421	0.423
8.876	-8.274E-2	0.109	0.137	-3.159E-2	-0.146	0.150	-0.227	-0.212	0.310
8.892	-8.340E-2	0.107	0.136	-4.281E-2	-0.154	0.160	-0.126	7.731E-2	0.147
8.909	-8.416E-2	0.104	0.134	-3.667E-2	-0.142	0.147	0.496	0.640	0.810
8.926	-8.463E-2	0.102	0.133	-2.383E-2	-0.131	0.133	9.600E-2	0.110	0.146
8.942	-8.496E-2	9.993E-2	0.131	-3.194E-2	-0.138	0.141	-0.238	-0.113	0.264
8.959	-8.569E-2	9.748E-2	0.130	-3.677E-2	-0.139	0.144	-0.331	-0.305	0.450
8.976	-8.619E-2	9.529E-2	0.128	-3.803E-2	-0.143	0.148	-0.335	-0.159	0.371
8.992	-8.696E-2	9.273E-2	0.127	-5.076E-2	-0.149	0.158	-8.510E-2	-6.968E-2	0.110
9.009	-8.788E-2	9.031E-2	0.126	-4.268E-2	-0.142	0.149	0.344	0.265	0.435
9.026	-8.838E-2	8.798E-2	0.125	-3.450E-2	-0.140	0.145	-8.399E-2	0.636	0.642
9.042	-8.903E-2	8.563E-2	0.124	-4.725E-2	-0.124	0.133	-0.490	1.426	1.508
9.059	-8.996E-2	8.384E-2	0.123	-5.308E-2	-9.030E-2	0.105	-0.409	2.049	2.090
9.076	-9.080E-2	8.261E-2	0.123	-5.786E-2	-5.576E-2	8.035E-2	-0.283	1.371	1.400
9.092	-9.189E-2	8.198E-2	0.123	-6.508E-2	-4.139E-2	7.713E-2	0.111	0.609	0.619
9.109	-9.297E-2	8.123E-2	0.123	-5.449E-2	-3.968E-2	6.741E-2	0.197	0.383	0.431
9.126	-9.371E-2	8.066E-2	0.124	-5.414E-2	-2.764E-2	6.079E-2	0.632	-9.702E-2	0.640
9.142	-9.478E-2	8.031E-2	0.124	-4.102E-2	-3.906E-2	5.664E-2	0.442	-0.827	0.938
9.159	-9.508E-2	7.935E-2	0.124	-2.968E-2	-6.095E-2	6.779E-2	0.815	-0.583	1.002
9.176	-9.577E-2	7.828E-2	0.124	-2.313E-2	-5.786E-2	6.231E-2	0.541	-6.757E-2	0.545
9.193	-9.585E-2	7.742E-2	0.123	-4.728E-3	-5.960E-2	5.979E-2	0.719	8.341E-2	0.724
9.209	-9.593E-2	7.629E-2	0.123	-2.096E-3	-5.962E-2	5.966E-2	-0.248	-7.650E-2	0.259
9.226	-9.592E-2	7.543E-2	0.122	-1.068E-2	-5.765E-2	5.863E-2	-0.453	0.207	0.499
9.243	-9.628E-2	7.437E-2	0.122	-2.090E-2	-5.676E-2	6.049E-2	-5.449E-2	-0.340	0.344
9.259	-9.662E-2	7.354E-2	0.121	-1.181E-2	-6.393E-2	6.502E-2	-0.197	-0.250	0.318
9.276	-9.668E-2	7.223E-2	0.121	-2.255E-2	-7.130E-2	7.478E-2	-0.381	-4.485E-2	0.384
9.293	-9.737E-2	7.116E-2	0.121	-3.241E-2	-6.170E-2	6.969E-2	8.959E-2	-0.178	0.200
9.309	-9.776E-2	7.017E-2	0.120	-1.540E-2	-7.525E-2	7.681E-2	0.623	-0.358	0.719
9.326	-9.788E-2	6.865E-2	0.120	-1.023E-2	-8.019E-2	8.084E-2	-0.166	4.451E-2	0.171
9.343	-9.810E-2	6.750E-2	0.119	-2.162E-2	-6.839E-2	7.173E-2	-0.199	0.313	0.371
9.359	-9.861E-2	6.637E-2	0.119	-2.034E-2	-7.072E-2	7.359E-2	6.794E-2	-4.264E-2	8.022E-2
9.376	-9.878E-2	6.514E-2	0.118	-1.469E-2	-7.114E-2	7.264E-2	0.168	5.283E-2	0.176
9.393	-9.910E-2	6.399E-2	0.118	-1.757E-2	-6.789E-2	7.012E-2	-0.250	-0.157	0.296
9.409	-9.937E-2	6.287E-2	0.118	-2.131E-2	-7.540E-2	7.835E-2	-0.111	-4.611E-2	0.120
9.426	-9.981E-2	6.148E-2	0.117	-2.335E-2	-7.332E-2	7.695E-2	0.288	-1.169E-2	0.289
9.443	-0.100	6.043E-2	0.117	-1.136E-2	-7.061E-2	7.152E-2	0.101	-4.408E-2	0.110
9.459	-0.100	5.912E-2	0.116	-1.593E-2	-7.838E-2	7.998E-2	-0.118	-0.381	0.399
9.476	-0.101	5.781E-2	0.116	-2.156E-2	-8.185E-2	8.464E-2	-0.326	-0.232	0.400
9.493	-0.101	5.639E-2	0.116	-2.152E-2	-8.677E-2	8.940E-2	4.714E-2	0.269	0.274
9.510	-0.101	5.492E-2	0.115	-2.410E-2	-7.482E-2	7.861E-2	-3.002E-2	0.356	0.357
9.526	-0.102	5.389E-2	0.115	-1.977E-2	-6.956E-2	7.231E-2	-0.135	-7.422E-2	0.154
9.543	-0.102	5.259E-2	0.115	-2.851E-2	-8.117E-2	8.604E-2	-7.683E-2	-8.703E-3	7.732E-2
9.560	-0.103	5.119E-2	0.115	-2.592E-2	-7.143E-2	7.599E-2	0.574	0.130	0.589
9.576	-0.103	5.021E-2	0.115	-6.544E-3	-7.088E-2	7.118E-2	0.406	-0.129	0.426
9.593	-0.103	4.882E-2	0.114	-9.577E-3	-8.141E-2	8.197E-2	-0.415	-0.141	0.439
9.610	-0.103	4.749E-2	0.114	-2.467E-2	-7.405E-2	7.805E-2	-0.204	3.991E-2	0.208
9.626	-0.104	4.635E-2	0.114	-1.709E-2	-7.751E-2	7.937E-2	-3.331E-2	-0.405	0.407
9.643	-0.104	4.491E-2	0.113	-2.030E-2	-9.034E-2	9.260E-2	-0.414	-0.417	0.588
9.660	-0.104	4.334E-2	0.113	-3.613E-2	-9.164E-2	9.851E-2	8.837E-2	0.390	0.400
9.676	-0.105	4.185E-2	0.113	-1.869E-2	-7.766E-2	7.987E-2	0.433	6.865E-3	0.433
9.693	-0.105	4.075E-2	0.113	-1.379E-2	-8.575E-2	8.685E-2	-2.914E-2	-0.250	0.252
9.710	-0.105	3.899E-2	0.112	-2.678E-2	-9.470E-2	9.842E-2	-5.098E-2	0.226	0.231
9.726	-0.106	3.759E-2	0.112	-1.454E-2	-7.390E-2	7.532E-2	0.308	0.538	0.619
9.743	-0.106	3.652E-2	0.112	-1.242E-2	-7.387E-2	7.491E-2	7.727E-2	-0.405	0.412
9.760	-0.106	3.512E-2	0.112	-1.660E-2	-9.085E-2	9.235E-2	-0.451	-0.593	0.745
9.776	-0.107	3.349E-2	0.112	-2.336E-2	-9.455E-2	9.739E-2	-3.426E-3	4.769E-2	4.782E-2
9.793	-0.107	3.197E-2	0.112	-2.230E-2	-8.794E-2	9.073E-2	0.417	0.258	0.490
9.810	-0.107	3.056E-2	0.112	-5.062E-3	-8.523E-2	8.538E-2	0.214	-0.398	0.452
9.826	-0.107	2.912E-2	0.111	-1.358E-2	-1.000E-1	0.101	-0.315	-0.274	0.417
9.843	-0.108	2.722E-2	0.111	-2.100E-2	-0.100	0.102	-0.241	-3.147E-2	0.243
9.860	-0.108	2.578E-2	0.111	-1.759E-2	-9.405E-2	9.568E-2	0.328	1.069	1.118
9.877	-0.108	2.408E-2	0.111	-1.276E-2	-7.276E-2	7.387E-2	7.077E-3	0.326	0.327
9.893	-0.108	2.335E-2	0.111	-1.364E-2	-7.008E-2	7.139E-2	-0.261	-5.706E-2	0.267
9.910	-0.109	2.175E-2	0.111	-2.457E-2	-8.753E-2	9.091E-2	-0.101	0.136	0.169
9.927	-0.109	2.043E-2	0.111	-1.786E-2	-6.174E-2	6.427E-2	0.355	0.837	0.910
9.943	-0.109	1.968E-2	0.111	-9.561E-3	-5.457E-2	5.540E-2	0.241	6.628E-3	0.241
9.960	-0.110	1.861E-2	0.111	-1.130E-2	-6.647E-2	6.743E-2	0.197	0.149	0.247
9.977	-0.110	1.747E-2	0.111	-4.200E-3	-5.125E-2	5.142E-2	7.832E-2	0.335	0.344
9.993	-0.110	1.690E-2	0.111	-5.079E-3	-4.806E-2	4.833E-2	-0.433	1.276E-2	0.433
10.010	-0.110	1.586E-2	0.111	-2.121E-2	-5.792E-2	6.168E-2	-0.359	-0.254	0.439
10.027	-0.110	1.497E-2	0.111	-1.925E-2	-5.336E-2	5.672E-2	0.211	0.170	0.271
10.043	-0.111	1.408E-2	0.111	-1.038E-2	-5.280E-2	5.381E-2	0.526	7.131E-2	0.530
10.060	-0.111	1.321E-2	0.112	-4.147E-3	-5.116E-2	5.133E-2	2.627E-2	-0.246	0.248
10.077	-0.111	1.238E-2	0.111	-6.251E-3	-5.929E-2	5.962E-2	-6.050E-2	-0.397	0.401
10.093	-0.111	1.123E-2	0.111	-1.033E-2	-6.751E-2	6.829E-2	-0.146	-0.198	0.246
10.110	-0.111	1.012E-2	0.111	-8.138E-3	-6.440E-2	6.491E-2	-0.123	-9.950E-2	0.159
10.127	-0.111	9.079E-3	0.112	-1.521E-2	-6.952E-2	7.116E-2	0.107	-0.382	0.396
10.143	-0.112	7.804E-3	0.112	-7.270E-3	-7.900E-2	7.933E-2	0.237	-7.472E-2	0.248
10.160	-0.111	6.443E-3	0.112	-2.076E-3	-7.298E-2	7.301E-2	0.169	4.543E-2	0.175
10.177	-0.112	5.369E-3	0.112	-5.962E-3	-7.338E-2	7.362E-2	-4.785E-2	-4.522E-2	6.584E-2
10.194	-0.112	3.995E-3	0.112	-1.788E-3	-7.879E-2	7.881E-2	0.136	0.188	0.232
10.210	-0.112	2.740E-3	0.112	-1.578E-3	-6.611E-2	6.613E-2	1.207E-2	0.560	0.561
10.227	-0.112	1.789E-3	0.112	-1.733E-3	-5.787E-2	5.789E-2	5.045E-2	1.014	1.015
10.244	-0.112	8.088E-4	0.112	1.143E-4	-3.695E-2	3.695E-2	0.162	1.507	1.516
10.260	-0.112	5.558E-4	0.112	3.711E-3	-2.973E-3	4.755E-3	-2.485E-2	1.854	1.854
10.277	-0.112	7.096E-4	0.112	4.829E-4	2.327E-2	2.328E-2	-8.833E-2	0.829	0.834
10.294	-0.112	1.332E-3	0.112	-1.576E-3	2.825E-2	2.830E-2	1.066E-2	3.235E-2	3.406E-2
10.310	-0.112	1.652E-3	0.112	2.473E-3	1.968E-2	1.983E-2	-2.034E-3	-0.472	0.472
10.327	-0.112	1.989E-3	0.112	-1.290E-3	1.473E-2	1.478E-2	-0.103	-1.277	1.281
10.344	-0.112	2.144E-3	0.112	-2.751E-3	-2.033E-2	2.051E-2	0.187	-1.871	1.881
10.360	-0.112	1.311E-3	0.112	5.673E-3	-5.471E-2	5.501E-2	0.263	-0.511	0.575
10.377	-0.111	3.181E-4	0.111	7.642E-3	-3.764E-2	3.841E-2	4.095E-2	1.625	1.625
10.394	-0.111	5.470E-5	0.111	5.137E-3	3.647E-3	6.300E-3	0.172	2.101	2.108
10.410	-0.111	4.398E-4	0.111	1.314E-2	3.341E-2	3.590E-2	-0.114	0.877	0.885
10.427	-0.111	1.170E-3	0.111	5.322E-3	3.443E-2	3.484E-2	-0.205	0.166	0.264
10.444	-0.111	1.589E-3	0.111	-2.890E-4	3.361E-2	3.361E-2	-1.601E-2	0.128	0.129
10.460	-0.111	2.291E-3	0.111	9.480E-3	4.241E-2	4.345E-2	0.549	0.335	0.643
10.477	-0.111	3.004E-3	0.111	1.599E-2	4.355E-2	4.640E-2	0.134	0.187	0.230
10.494	-0.110	3.744E-3	0.111	1.638E-2	4.830E-2	5.100E-2	-0.114	0.199	0.229
10.511	-0.110	4.615E-3	0.110	9.870E-3	5.132E-2	5.226E-2	2.270E-2	-0.124	0.126
10.527	-0.110	5.457E-3	0.110	1.659E-2	4.424E-2	4.725E-2	1.899E-2	-0.522	0.523
10.544	-0.110	6.091E-3	0.110	1.423E-2	3.297E-2	3.591E-2	-7.900E-2	-0.838	0.842
10.561	-0.110	6.557E-3	0.110	9.297E-3	1.723E-2	1.958E-2	-0.205	-0.307	0.369
10.577	-0.109	6.666E-3	0.110	1.078E-2	1.867E-2	2.155E-2	0.214	7.620E-2	0.227
10.594	-0.109	7.180E-3	0.110	1.376E-2	2.551E-2	2.899E-2	-0.179	7.413E-3	0.179
10.611	-0.109	7.518E-3	0.109	8.820E-3	1.625E-2	1.849E-2	3.653E-2	-0.397	0.399
10.627	-0.109	7.722E-3	0.109	9.085E-3	1.191E-2	1.498E-2	-9.142E-2	-0.331	0.344
10.644	-0.109	7.915E-3	0.109	1.202E-2	6.405E-3	1.362E-2	-0.200	-0.434	0.478
10.661	-0.109	7.936E-3	0.109	-1.170E-3	-3.327E-3	3.527E-3	-0.430	-0.312	0.531
10.677	-0.109	7.804E-3	0.109	-2.726E-3	-4.981E-3	5.678E-3	6.242E-2	-0.184	0.194
10.694	-0.109	7.770E-3	0.109	2.068E-3	-7.244E-3	7.534E-3	0.385	0.120	0.404
10.711	-0.109	7.562E-3	0.109	9.509E-3	-4.070E-3	1.034E-2	0.527	0.135	0.544
10.727	-0.108	7.634E-3	0.109	2.021E-2	8.619E-4	2.022E-2	0.465	-8.084E-2	0.472
10.744	-0.108	7.591E-3	0.108	2.569E-2	-8.139E-3	2.695E-2	-0.331	-0.549	0.641
10.761	-0.108	7.362E-3	0.108	1.069E-2	-1.797E-2	2.091E-2	-0.139	-0.540	0.557
10.777	-0.108	6.992E-3	0.108	1.399E-2	-2.602E-2	2.954E-2	0.287	-0.118	0.311
10.794	-0.107	6.494E-3	0.107	2.837E-2	-2.331E-2	3.672E-2	6.665E-2	-7.313E-2	9.895E-2
10.811	-0.107	6.214E-3	0.107	1.384E-2	-2.490E-2	2.849E-2	-0.498	-0.345	0.606
10.827	-0.107	5.663E-3	0.107	8.646E-3	-3.744E-2	3.842E-2	0.139	-0.197	0.241
10.844	-0.106	4.965E-3	0.106	2.047E-2	-3.287E-2	3.873E-2	0.308	0.331	0.452
10.861	-0.106	4.566E-3	0.106	2.099E-2	-2.328E-2	3.134E-2	-0.187	0.665	0.691
10.878	-0.106	4.188E-3	0.106	1.192E-2	-1.315E-2	1.775E-2	-0.270	0.180	0.325
10.894	-0.106	4.128E-3	0.106	1.165E-2	-1.325E-2	1.764E-2	8.836E-2	1.490E-2	8.960E-2
10.911	-0.105	3.746E-3	0.105	1.581E-2	-1.753E-2	2.361E-2	0.167	-0.138	0.216
10.928	-0.105	3.543E-3	0.105	1.729E-2	-1.460E-2	2.263E-2	2.386E-2	-1.679E-2	2.918E-2
10.944	-0.105	3.259E-3	0.105	1.648E-2	-1.923E-2	2.533E-2	3.420E-2	3.184E-2	4.673E-2
10.961	-0.104	2.901E-3	0.104	1.791E-2	-1.478E-2	2.322E-2	0.163	4.934E-2	0.170
10.978	-0.104	2.766E-3	0.104	2.232E-2	-1.446E-2	2.659E-2	-0.266	-4.323E-2	0.270
10.994	-0.104	2.419E-3	0.104	1.125E-2	-1.921E-2	2.226E-2	-0.707	-0.619	0.940
11.011	-0.104	2.125E-3	0.104	-4.964E-3	-3.175E-2	3.213E-2	6.671E-2	-0.518	0.523
11.028	-0.104	1.359E-3	0.104	1.174E-2	-4.141E-2	4.304E-2	0.877	-0.544	1.032
11.044	-0.103	7.428E-4	0.103	3.044E-2	-4.541E-2	5.467E-2	0.213	0.650	0.684
11.061	-0.103	-1.559E-4	0.103	1.751E-2	-2.667E-2	3.191E-2	-0.586	1.201	1.336
11.078	-0.103	-1.472E-4	0.103	7.315E-3	3.245E-3	8.002E-3	-0.522	1.287	1.389
11.094	-0.103	-4.763E-5	0.103	3.178E-3	1.227E-2	1.268E-2	2.668E-2	0.312	0.313
11.111	-0.103	2.622E-4	0.103	5.119E-3	1.549E-2	1.632E-2	2.530E-3	7.034E-2	7.039E-2
11.128	-0.102	4.693E-4	0.102	7.197E-3	1.278E-2	1.467E-2	0.248	0.200	0.318
11.144	-0.102	6.888E-4	0.102	9.440E-3	2.152E-2	2.350E-2	7.477E-2	0.362	0.370
11.161	-0.102	1.187E-3	0.102	1.341E-2	2.753E-2	3.062E-2	0.154	-0.187	0.242
11.178	-0.102	1.607E-3	0.102	1.188E-2	1.487E-2	1.903E-2	3.709E-2	-0.497	0.499
11.195	-0.102	1.683E-3	0.102	1.577E-2	7.856E-3	1.762E-2	-0.118	-0.396	0.414
11.211	-0.101	1.869E-3	0.101	9.095E-3	4.945E-3	1.035E-2	-0.467	-0.184	0.502
11.228	-0.101	1.848E-3	0.101	-1.866E-3	-6.278E-4	1.969E-3	-0.160	-0.212	0.266
11.245	-0.101	1.848E-3	0.102	2.941E-3	-9.239E-4	3.083E-3	0.729	0.397	0.830
11.261	-0.101	1.818E-3	0.101	2.330E-2	1.050E-2	2.556E-2	0.387	0.514	0.644
11.278	-0.101	2.199E-3	0.101	2.054E-2	2.027E-2	2.886E-2	-0.170	-5.585E-3	0.170
11.295	-0.101	2.494E-3	0.101	1.065E-2	9.046E-3	1.397E-2	-0.352	-0.505	0.616
11.311	-0.100	2.501E-3	0.100	1.299E-2	1.208E-3	1.305E-2	4.668E-2	-0.273	0.277
11.328	-0.100	2.534E-3	0.100	1.045E-2	1.472E-3	1.055E-2	-0.308	-3.029E-2	0.309
11.345	-0.100	2.550E-3	0.100	4.296E-3	5.280E-5	4.296E-3	-8.143E-2	-8.909E-2	0.121
11.361	-0.100	2.536E-3	0.100	4.700E-3	-1.568E-3	4.954E-3	0.222	5.358E-2	0.228
11.378	-9.985E-2	2.497E-3	9.988E-2	1.435E-2	1.245E-3	1.441E-2	0.446	5.300E-2	0.450
11.395	-9.957E-2	2.578E-3	9.960E-2	1.899E-2	1.758E-3	1.907E-2	4.017E-2	-0.100	0.108
11.411	-9.922E-2	2.556E-3	9.925E-2	1.659E-2	-3.198E-3	1.689E-2	-0.285	-8.569E-2	0.297
11.428	-9.902E-2	2.471E-3	9.905E-2	8.416E-3	-1.699E-3	8.586E-3	-0.211	7.677E-2	0.224
11.445	-9.894E-2	2.499E-3	9.897E-2	8.613E-3	7.481E-4	8.646E-3	0.226	7.239E-2	0.238
11.461	-9.873E-2	2.496E-3	9.876E-2	1.695E-2	-6.669E-5	1.695E-2	0.137	-9.344E-2	0.166
11.478	-9.837E-2	2.497E-3	9.840E-2	1.485E-2	-1.907E-3	1.497E-2	-0.271	-3.864E-2	0.273
11.495	-9.823E-2	2.432E-3	9.826E-2	5.749E-3	-2.188E-3	6.151E-3	-0.218	1.473E-2	0.219
11.512	-9.818E-2	2.424E-3	9.821E-2	7.226E-3	-6.241E-4	7.253E-3	-7.719E-2	-4.918E-2	9.152E-2
11.528	-9.799E-2	2.411E-3	9.802E-2	5.488E-3	-3.694E-3	6.616E-3	-8.338E-2	-7.910E-2	0.115
11.545	-9.800E-2	2.301E-3	9.802E-2	1.930E-3	-4.398E-3	4.803E-3	-0.134	8.493E-2	0.159
11.562	-9.793E-2	2.265E-3	9.796E-2	2.656E-3	-1.022E-4	2.658E-3	-0.149	-1.822E-2	0.150
11.578	-9.791E-2	2.297E-3	9.794E-2	-3.144E-3	-3.895E-3	5.006E-3	-8.115E-2	-0.399	0.407
11.595	-9.803E-2	2.135E-3	9.806E-2	-1.893E-3	-1.468E-2	1.480E-2	7.833E-2	-0.179	0.196
11.612	-9.797E-2	1.808E-3	9.799E-2	1.948E-3	-1.159E-2	1.175E-2	0.202	-7.921E-4	0.202
11.628	-9.797E-2	1.748E-3	9.798E-2	3.109E-3	-1.070E-2	1.114E-2	-3.965E-2	3.377E-2	5.208E-2
11.645	-9.787E-2	1.451E-3	9.788E-2	2.255E-3	-1.416E-2	1.434E-2	-2.854E-2	9.246E-2	9.677E-2
11.662	-9.789E-2	1.275E-3	9.790E-2	3.837E-4	-6.174E-3	6.186E-3	-0.104	0.339	0.354
11.678	-9.786E-2	1.245E-3	9.786E-2	1.862E-4	-2.099E-3	2.107E-3	-1.029E-2	0.165	0.166
11.695	-9.789E-2	1.205E-3	9.790E-2	-9.713E-4	-1.480E-3	1.770E-3	-2.413E-2	8.358E-2	8.699E-2
11.712	-9.789E-2	1.195E-3	9.790E-2	-4.250E-5	7.826E-4	7.837E-4	-2.946E-3	0.105	0.105
11.728	-9.789E-2	1.232E-3	9.790E-2	-1.069E-3	2.264E-3	2.504E-3	-5.945E-2	0.379	0.384
11.745	-9.792E-2	1.271E-3	9.793E-2	-2.280E-3	1.191E-2	1.213E-2	-4.040E-3	4.042E-2	4.062E-2
11.762	-9.797E-2	1.629E-3	9.798E-2	-1.291E-3	8.218E-3	8.318E-3	-5.092E-2	-0.279	0.283
11.778	-9.797E-2	1.545E-3	9.798E-2	-3.168E-3	-2.851E-3	4.262E-3	0.120	-0.403	0.420
11.795	-9.807E-2	1.534E-3	9.808E-2	6.835E-4	-2.457E-3	2.550E-3	9.660E-2	8.289E-2	0.127
11.812	-9.794E-2	1.463E-3	9.795E-2	3.115E-3	-1.320E-3	3.384E-3	-0.241	3.807E-2	0.244
11.828	-9.797E-2	1.490E-3	9.798E-2	-8.585E-3	1.126E-4	8.586E-3	-0.250	4.915E-2	0.255
11.845	-9.823E-2	1.467E-3	9.824E-2	-7.795E-3	-6.268E-4	7.820E-3	0.186	-7.422E-2	0.200
11.862	-9.823E-2	1.469E-3	9.824E-2	8.333E-4	-1.682E-3	1.878E-3	0.301	-0.105	0.319
11.879	-9.820E-2	1.411E-3	9.821E-2	1.305E-3	-4.578E-3	4.761E-3			
11.895	-9.818E-2	1.316E-3	9.819E-2						
