	mass C									
t	x	y	r	vx	vy	v	ax	ay	a	
0.000	6.855E-4	1.624E-3	1.762E-3						
0.017	8.226E-4	1.071E-3	1.350E-3	8.855E-3	-3.269E-2	3.386E-2			
0.033	9.809E-4	5.329E-4	1.116E-3	6.535E-4	-3.760E-2	3.760E-2	-0.218	-0.244	0.327
0.050	8.444E-4	-1.839E-4	8.642E-4	-1.935E-3	-4.249E-2	4.254E-2	8.226E-2	0.238	0.252
0.067	9.164E-4	-8.849E-4	1.274E-3	6.179E-3	-3.041E-2	3.103E-2	1.960E-2	0.683	0.683
0.083	1.051E-3	-1.199E-3	1.594E-3	-4.300E-4	-1.675E-2	1.676E-2	-0.277	0.468	0.544
0.100	9.020E-4	-1.444E-3	1.702E-3	-6.145E-3	-1.572E-2	1.688E-2	-4.935E-2	-0.178	0.184
0.117	8.456E-4	-1.723E-3	1.919E-3	-4.903E-4	-2.244E-2	2.245E-2	0.288	4.187E-2	0.291
0.133	8.857E-4	-2.193E-3	2.365E-3	3.716E-3	-1.735E-2	1.774E-2	9.079E-2	0.355	0.367
0.150	9.696E-4	-2.302E-3	2.498E-3	2.817E-3	-6.665E-3	7.235E-3	-0.136	2.268E-2	0.138
0.167	9.796E-4	-2.415E-3	2.606E-3	-1.358E-3	-1.675E-2	1.680E-2	-8.561E-3	-0.443	0.443
0.184	9.242E-4	-2.861E-3	3.006E-3	1.585E-3	-2.458E-2	2.463E-2	0.111	-0.312	0.331
0.200	1.033E-3	-3.235E-3	3.396E-3	4.333E-3	-2.478E-2	2.516E-2	-7.718E-3	-0.157	0.157
0.217	1.069E-3	-3.688E-3	3.839E-3	2.809E-4	-3.033E-2	3.034E-2	0.270	1.802E-2	0.271
0.234	1.042E-3	-4.247E-3	4.373E-3	1.128E-2	-2.587E-2	2.822E-2	0.349	3.962E-2	0.351
0.250	1.445E-3	-4.551E-3	4.775E-3	1.692E-2	-2.533E-2	3.046E-2	1.232E-2	-0.107	0.108
0.267	1.606E-3	-5.093E-3	5.340E-3	8.012E-3	-3.257E-2	3.354E-2	-0.385	-8.584E-2	0.395
0.284	1.713E-3	-5.638E-3	5.892E-3	4.840E-3	-2.788E-2	2.830E-2	-0.163	-0.131	0.209
0.300	1.768E-3	-6.023E-3	6.277E-3	2.501E-3	-3.402E-2	3.411E-2	0.104	-2.978E-2	0.108
0.317	1.796E-3	-6.773E-3	7.007E-3	7.475E-3	-3.421E-2	3.501E-2	-0.138	0.194	0.239
0.334	2.017E-3	-7.164E-3	7.443E-3	1.355E-3	-2.298E-2	2.302E-2	-0.141	6.379E-2	0.154
0.350	1.841E-3	-7.540E-3	7.761E-3	-2.585E-3	-3.209E-2	3.220E-2	-7.059E-2	-0.150	0.166
0.367	1.931E-3	-8.235E-3	8.459E-3	3.278E-3	-3.217E-2	3.234E-2	0.266	0.143	0.302
0.384	1.951E-3	-8.613E-3	8.831E-3	4.119E-3	-2.315E-2	2.352E-2	0.133	9.608E-2	0.164
0.400	2.068E-3	-9.008E-3	9.242E-3	8.632E-3	-2.962E-2	3.086E-2	-8.260E-2	8.216E-4	8.261E-2
0.417	2.239E-3	-9.601E-3	9.859E-3	2.491E-3	-2.611E-2	2.623E-2	-0.235	-0.180	0.296
0.434	2.152E-3	-9.879E-3	1.011E-2	-2.086E-3	-3.013E-2	3.021E-2	-0.231	-0.314	0.390
0.450	2.169E-3	-1.061E-2	1.083E-2	-2.695E-3	-4.201E-2	4.210E-2	0.102	2.329E-2	0.105
0.467	2.062E-3	-1.128E-2	1.147E-2	-9.809E-4	-2.865E-2	2.866E-2	0.127	-2.054E-2	0.129
0.484	2.136E-3	-1.156E-2	1.176E-2	3.747E-3	-3.674E-2	3.693E-2	0.202	-0.229	0.306
0.501	2.187E-3	-1.251E-2	1.270E-2	4.557E-3	-4.526E-2	4.549E-2	-0.189	0.259	0.321
0.517	2.288E-3	-1.307E-2	1.327E-2	-1.002E-3	-2.351E-2	2.353E-2	-0.113	0.293	0.314
0.534	2.153E-3	-1.329E-2	1.346E-2	-2.289E-3	-3.149E-2	3.158E-2	-5.740E-2	-0.628	0.631
0.551	2.212E-3	-1.412E-2	1.430E-2	2.265E-4	-5.106E-2	5.106E-2	0.127	-0.552	0.567
0.567	2.161E-3	-1.499E-2	1.515E-2	-2.295E-4	-4.819E-2	4.819E-2	-2.420E-2	6.376E-2	6.820E-2
0.584	2.204E-3	-1.573E-2	1.589E-2	9.386E-4	-4.719E-2	4.720E-2	-8.180E-3	0.331	0.332
0.601	2.192E-3	-1.657E-2	1.671E-2	-1.303E-3	-4.002E-2	4.004E-2	0.207	5.606E-2	0.215
0.617	2.161E-3	-1.707E-2	1.720E-2	6.703E-3	-4.046E-2	4.101E-2	6.945E-2	0.272	0.281
0.634	2.416E-3	-1.792E-2	1.808E-2	5.014E-3	-3.738E-2	3.772E-2	-0.128	0.149	0.196
0.651	2.328E-3	-1.831E-2	1.846E-2	-2.166E-3	-2.927E-2	2.935E-2	-0.380	0.156	0.411
0.667	2.344E-3	-1.890E-2	1.904E-2	-4.532E-3	-3.562E-2	3.591E-2	0.323	-0.210	0.386
0.684	2.177E-3	-1.950E-2	1.962E-2	4.548E-3	-3.579E-2	3.608E-2	0.174	0.388	0.425
0.701	2.495E-3	-2.009E-2	2.024E-2	7.801E-3	-2.400E-2	2.523E-2	-0.154	0.330	0.364
0.717	2.437E-3	-2.030E-2	2.045E-2	-5.599E-3	-2.057E-2	2.132E-2	-0.354	-1.454E-2	0.354
0.734	2.308E-3	-2.078E-2	2.090E-2	-3.599E-3	-2.831E-2	2.854E-2	8.256E-2	-0.464	0.471
0.751	2.317E-3	-2.125E-2	2.137E-2	-1.129E-3	-3.410E-2	3.412E-2	0.287	-0.239	0.373
0.767	2.271E-3	-2.191E-2	2.203E-2	3.948E-3	-3.821E-2	3.841E-2	-0.212	1.895E-2	0.213
0.784	2.449E-3	-2.252E-2	2.266E-2	-3.950E-3	-3.269E-2	3.293E-2	-2.395E-2	0.455	0.456
0.801	2.139E-3	-2.301E-2	2.310E-2	-4.063E-3	-2.301E-2	2.337E-2	0.104	0.113	0.153
0.817	2.313E-3	-2.329E-2	2.341E-2	6.328E-3	-2.646E-2	2.721E-2	0.190	0.115	0.222
0.834	2.350E-3	-2.389E-2	2.400E-2	-5.903E-4	-2.432E-2	2.433E-2	-0.167	-1.007E-2	0.167
0.851	2.294E-3	-2.410E-2	2.421E-2	5.695E-5	-2.102E-2	2.102E-2	9.381E-2	-8.244E-2	0.125
0.868	2.352E-3	-2.459E-2	2.470E-2	3.872E-3	-3.081E-2	3.105E-2	0.124	-0.316	0.339
0.884	2.423E-3	-2.513E-2	2.525E-2	3.849E-3	-3.105E-2	3.129E-2	-0.121	0.373	0.392
0.901	2.480E-3	-2.563E-2	2.575E-2	1.292E-4	-1.924E-2	1.924E-2	-0.104	0.433	0.445
0.918	2.427E-3	-2.577E-2	2.589E-2	-8.578E-4	-1.320E-2	1.323E-2	-6.571E-2	0.140	0.155
0.934	2.452E-3	-2.607E-2	2.618E-2	-6.184E-4	-1.734E-2	1.735E-2	-0.283	-0.218	0.357
0.951	2.406E-3	-2.635E-2	2.646E-2	-1.017E-2	-1.943E-2	2.193E-2	-0.311	-0.262	0.407
0.968	2.113E-3	-2.671E-2	2.680E-2	-1.343E-2	-2.615E-2	2.940E-2	0.225	-0.143	0.267
0.984	1.958E-3	-2.722E-2	2.729E-2	-1.497E-3	-2.579E-2	2.584E-2	0.634	-2.782E-2	0.634
1.001	2.063E-3	-2.757E-2	2.765E-2	8.953E-3	-2.459E-2	2.617E-2	0.292	0.149	0.328
1.018	2.257E-3	-2.804E-2	2.813E-2	8.384E-3	-2.322E-2	2.469E-2	-0.221	5.527E-2	0.228
1.034	2.342E-3	-2.835E-2	2.845E-2	8.722E-4	-2.052E-2	2.054E-2	-0.380	0.157	0.411
1.051	2.286E-3	-2.873E-2	2.882E-2	-4.844E-3	-1.975E-2	2.034E-2	-7.657E-2	-0.200	0.214
1.068	2.181E-3	-2.901E-2	2.909E-2	-2.101E-3	-2.487E-2	2.496E-2	0.144	-0.150	0.208
1.084	2.216E-3	-2.956E-2	2.964E-2	1.476E-3	-2.817E-2	2.821E-2	0.107	0.193	0.220
1.101	2.230E-3	-2.995E-2	3.003E-2	7.126E-4	-1.685E-2	1.686E-2	-0.127	-1.818E-2	0.128
1.118	2.240E-3	-3.012E-2	3.020E-2	-2.292E-3	-2.544E-2	2.555E-2	7.764E-2	-0.157	0.175
1.134	2.154E-3	-3.080E-2	3.087E-2	1.538E-3	-2.899E-2	2.903E-2	-0.104	0.233	0.255
1.151	2.291E-3	-3.109E-2	3.117E-2	-1.980E-3	-1.287E-2	1.302E-2	2.724E-3	0.282	0.282
1.168	2.088E-3	-3.123E-2	3.130E-2	-3.497E-3	-1.848E-2	1.881E-2	6.428E-2	-0.479	0.483
1.185	2.175E-3	-3.170E-2	3.178E-2	4.253E-3	-3.193E-2	3.221E-2	0.244	-0.247	0.347
1.201	2.230E-3	-3.229E-2	3.237E-2	3.146E-3	-2.735E-2	2.753E-2	-3.005E-2	0.165	0.168
1.218	2.280E-3	-3.262E-2	3.270E-2	3.303E-3	-2.318E-2	2.341E-2	-0.175	-0.113	0.208
1.235	2.340E-3	-3.307E-2	3.315E-2	-1.806E-3	-3.250E-2	3.255E-2	-0.178	-0.416	0.453
1.251	2.219E-3	-3.370E-2	3.377E-2	-4.605E-3	-3.813E-2	3.841E-2	-5.476E-2	-4.193E-3	5.492E-2
1.268	2.186E-3	-3.434E-2	3.441E-2	-2.098E-3	-3.263E-2	3.270E-2	0.143	0.146	0.205
1.285	2.149E-3	-3.479E-2	3.486E-2	-4.717E-4	-3.110E-2	3.111E-2	-5.655E-2	0.115	0.128
1.301	2.170E-3	-3.538E-2	3.544E-2	-2.883E-3	-3.128E-2	3.141E-2	1.161E-3	0.136	0.136
1.318	2.053E-3	-3.583E-2	3.589E-2	-2.510E-3	-2.522E-2	2.535E-2	0.182	0.207	0.276
1.335	2.087E-3	-3.622E-2	3.628E-2	4.692E-3	-2.411E-2	2.456E-2	0.249	-2.085E-3	0.249
1.351	2.210E-3	-3.664E-2	3.671E-2	6.097E-3	-2.585E-2	2.656E-2	-0.110	-2.695E-2	0.113
1.368	2.290E-3	-3.708E-2	3.715E-2	8.378E-4	-2.520E-2	2.522E-2	-0.199	7.388E-2	0.213
1.385	2.238E-3	-3.748E-2	3.755E-2	-1.714E-3	-2.306E-2	2.313E-2	-0.163	-0.194	0.254
1.401	2.233E-3	-3.785E-2	3.792E-2	-3.202E-3	-3.044E-2	3.060E-2	6.042E-3	-0.279	0.279
1.418	2.131E-3	-3.850E-2	3.855E-2	-2.996E-3	-3.534E-2	3.547E-2	-3.203E-2	-0.302	0.303
1.435	2.133E-3	-3.903E-2	3.909E-2	-2.576E-3	-3.757E-2	3.766E-2	0.168	-0.287	0.332
1.451	2.045E-3	-3.975E-2	3.980E-2	5.604E-4	-4.650E-2	4.651E-2	9.223E-2	-0.123	0.154
1.468	2.152E-3	-4.058E-2	4.064E-2	3.036E-3	-4.284E-2	4.294E-2	8.942E-2	0.425	0.434
1.485	2.146E-3	-4.118E-2	4.123E-2	1.489E-3	-3.059E-2	3.063E-2	2.193E-2	0.209	0.210
1.502	2.201E-3	-4.160E-2	4.166E-2	4.584E-3	-3.413E-2	3.444E-2	7.204E-2	-1.625E-2	7.385E-2
1.518	2.299E-3	-4.232E-2	4.238E-2	4.232E-3	-3.545E-2	3.570E-2	-6.723E-2	0.292	0.300
1.535	2.342E-3	-4.278E-2	4.285E-2	1.806E-3	-2.188E-2	2.195E-2	-0.208	0.344	0.402
1.552	2.359E-3	-4.305E-2	4.311E-2	-2.238E-3	-2.233E-2	2.244E-2	-0.171	-0.328	0.370
1.568	2.268E-3	-4.353E-2	4.359E-2	-4.821E-3	-3.473E-2	3.507E-2	-1.203E-2	-0.142	0.142
1.585	2.198E-3	-4.421E-2	4.426E-2	-2.256E-3	-2.938E-2	2.947E-2	0.355	4.125E-3	0.355
1.602	2.193E-3	-4.451E-2	4.456E-2	6.493E-3	-2.903E-2	2.974E-2	9.394E-2	-4.970E-2	0.106
1.618	2.415E-3	-4.517E-2	4.524E-2	3.911E-3	-3.624E-2	3.645E-2	-0.108	-0.221	0.246
1.635	2.323E-3	-4.572E-2	4.578E-2	-1.370E-3	-3.368E-2	3.371E-2	-0.159	0.372	0.404
1.652	2.369E-3	-4.630E-2	4.636E-2	1.344E-3	-2.590E-2	2.594E-2	3.503E-2	0.249	0.251
1.668	2.368E-3	-4.658E-2	4.664E-2	-1.065E-3	-2.202E-2	2.204E-2	9.340E-2	-7.669E-2	0.121
1.685	2.334E-3	-4.703E-2	4.709E-2	3.584E-3	-3.060E-2	3.081E-2	0.182	-7.004E-3	0.182
1.702	2.487E-3	-4.760E-2	4.767E-2	7.065E-3	-2.405E-2	2.507E-2	-9.579E-2	0.234	0.253
1.718	2.570E-3	-4.784E-2	4.790E-2	-2.840E-4	-1.866E-2	1.866E-2	-0.284	0.122	0.309
1.735	2.478E-3	-4.823E-2	4.829E-2	-3.831E-3	-2.289E-2	2.321E-2	-7.963E-2	-6.321E-2	0.102
1.752	2.442E-3	-4.860E-2	4.866E-2	-1.779E-3	-2.021E-2	2.029E-2	3.349E-2	-9.021E-2	9.622E-2
1.768	2.419E-3	-4.890E-2	4.896E-2	-2.657E-3	-2.447E-2	2.462E-2	0.232	-0.302	0.381
1.785	2.353E-3	-4.942E-2	4.947E-2	4.363E-3	-3.221E-2	3.251E-2	0.212	6.786E-2	0.222
1.802	2.564E-3	-4.998E-2	5.004E-2	7.669E-3	-2.318E-2	2.442E-2	-1.893E-2	0.387	0.388
1.818	2.609E-3	-5.019E-2	5.026E-2	1.319E-3	-1.570E-2	1.576E-2	-0.253	-3.178E-2	0.255
1.835	2.608E-3	-5.050E-2	5.057E-2	-3.886E-4	-2.558E-2	2.558E-2	9.340E-2	-0.152	0.179
1.852	2.596E-3	-5.104E-2	5.111E-2	3.875E-3	-2.362E-2	2.394E-2	0.138	-0.115	0.180
1.869	2.738E-3	-5.129E-2	5.136E-2	5.947E-3	-2.448E-2	2.519E-2	6.447E-2	-8.219E-2	0.104
1.885	2.794E-3	-5.186E-2	5.193E-2	4.491E-3	-3.090E-2	3.122E-2	-0.275	-6.997E-2	0.284
1.902	2.887E-3	-5.232E-2	5.240E-2	-1.556E-3	-2.486E-2	2.490E-2	-0.202	6.507E-2	0.212
1.919	2.743E-3	-5.269E-2	5.276E-2	-4.967E-3	-2.765E-2	2.809E-2	-4.075E-2	-7.420E-2	8.465E-2
1.935	2.722E-3	-5.324E-2	5.331E-2	-8.892E-4	-2.977E-2	2.978E-2	0.403	9.981E-2	0.415
1.952	2.713E-3	-5.368E-2	5.375E-2	6.984E-3	-2.305E-2	2.408E-2	-8.456E-2	-0.253	0.267
1.969	2.955E-3	-5.401E-2	5.409E-2	3.967E-4	-3.549E-2	3.549E-2	-0.203	-9.141E-3	0.203
1.985	2.726E-3	-5.487E-2	5.493E-2	-5.978E-3	-3.121E-2	3.178E-2	-9.610E-2	0.157	0.184
2.002	2.755E-3	-5.505E-2	5.512E-2	1.452E-3	-2.086E-2	2.091E-2	0.177	0.306	0.354
2.019	2.775E-3	-5.556E-2	5.563E-2	-9.612E-4	-2.712E-2	2.714E-2	1.094E-2	-0.232	0.232
2.035	2.723E-3	-5.596E-2	5.602E-2	7.107E-4	-2.590E-2	2.591E-2	0.156	-0.113	0.192
2.052	2.798E-3	-5.643E-2	5.650E-2	5.478E-3	-3.153E-2	3.200E-2	-3.510E-2	-9.404E-2	0.100
2.069	2.906E-3	-5.701E-2	5.708E-2	1.732E-4	-3.035E-2	3.035E-2	-2.490E-2	-0.193	0.194
2.085	2.804E-3	-5.744E-2	5.751E-2	1.612E-3	-3.486E-2	3.490E-2	-2.156E-2	0.135	0.137
2.102	2.960E-3	-5.817E-2	5.825E-2	3.403E-3	-3.096E-2	3.115E-2	-6.011E-2	0.192	0.201
2.119	2.918E-3	-5.847E-2	5.854E-2	-3.107E-3	-2.276E-2	2.298E-2	-9.090E-2	0.218	0.236
2.135	2.856E-3	-5.893E-2	5.900E-2	4.574E-4	-2.700E-2	2.700E-2	-0.119	-0.151	0.192
2.152	2.933E-3	-5.937E-2	5.945E-2	-4.494E-3	-2.687E-2	2.725E-2	6.828E-2	-4.908E-2	8.409E-2
2.169	2.706E-3	-5.983E-2	5.989E-2	-2.098E-3	-2.866E-2	2.873E-2	0.105	0.111	0.153
2.186	2.863E-3	-6.033E-2	6.040E-2	4.307E-3	-2.428E-2	2.466E-2	0.207	0.138	0.249
2.202	2.850E-3	-6.064E-2	6.071E-2	1.403E-3	-2.177E-2	2.182E-2	0.138	-0.340	0.367
2.219	2.910E-3	-6.106E-2	6.112E-2	9.414E-3	-3.582E-2	3.703E-2	-5.997E-2	-0.415	0.420
2.236	3.164E-3	-6.183E-2	6.191E-2	2.565E-3	-3.933E-2	3.941E-2	-0.285	9.004E-2	0.299
2.252	2.995E-3	-6.237E-2	6.244E-2	-5.238E-3	-2.952E-2	2.998E-2	-0.159	0.447	0.475
2.269	2.989E-3	-6.282E-2	6.289E-2	3.609E-4	-2.503E-2	2.504E-2	0.143	0.208	0.252
2.286	3.007E-3	-6.320E-2	6.327E-2	-7.085E-4	-2.245E-2	2.246E-2	2.328E-2	-6.730E-2	7.121E-2
2.302	2.965E-3	-6.357E-2	6.364E-2	1.427E-4	-2.671E-2	2.671E-2	0.109	-5.307E-2	0.122
2.319	3.012E-3	-6.409E-2	6.417E-2	3.808E-3	-2.642E-2	2.669E-2	-6.981E-2	0.113	0.133
2.336	3.093E-3	-6.445E-2	6.452E-2	-1.387E-3	-2.085E-2	2.089E-2	-1.766E-2	-0.176	0.177
2.352	2.966E-3	-6.479E-2	6.486E-2	1.859E-4	-3.133E-2	3.133E-2	0.101	-0.308	0.325
2.369	3.099E-3	-6.549E-2	6.557E-2	5.468E-3	-3.531E-2	3.573E-2	-0.181	9.677E-2	0.205
2.386	3.148E-3	-6.597E-2	6.604E-2	-6.355E-3	-2.503E-2	2.583E-2	-0.308	0.558	0.638
2.402	2.887E-3	-6.633E-2	6.639E-2	-8.185E-3	-1.734E-2	1.918E-2	0.204	0.167	0.264
2.419	2.875E-3	-6.655E-2	6.661E-2	3.349E-3	-1.797E-2	1.828E-2	0.281	-0.270	0.390
2.436	2.998E-3	-6.693E-2	6.700E-2	2.047E-3	-2.772E-2	2.779E-2	-0.137	-0.308	0.337
2.452	2.943E-3	-6.747E-2	6.754E-2	-3.311E-3	-2.933E-2	2.952E-2	-0.145	0.233	0.275
2.469	2.888E-3	-6.791E-2	6.797E-2	-2.193E-3	-1.933E-2	1.946E-2	0.121	0.311	0.334
2.486	2.870E-3	-6.812E-2	6.818E-2	8.004E-4	-1.683E-2	1.685E-2	0.111	-0.218	0.245
2.503	2.915E-3	-6.847E-2	6.853E-2	1.986E-3	-2.788E-2	2.795E-2	-0.242	-0.479	0.537
2.519	2.936E-3	-6.905E-2	6.911E-2	-6.617E-3	-3.416E-2	3.479E-2	-0.124	6.929E-2	0.142
2.536	2.694E-3	-6.961E-2	6.966E-2	-5.588E-3	-2.565E-2	2.625E-2	0.204	0.137	0.245
2.553	2.750E-3	-6.990E-2	6.996E-2	3.804E-3	-2.612E-2	2.639E-2	6.575E-2	0.278	0.286
2.569	2.821E-3	-7.048E-2	7.054E-2	-3.450E-3	-2.181E-2	2.209E-2	-0.361	-0.255	0.442
2.586	2.635E-3	-7.063E-2	7.068E-2	-1.058E-2	-2.712E-2	2.911E-2	9.319E-2	-0.164	0.188
2.603	2.468E-3	-7.139E-2	7.143E-2	-4.480E-4	-3.568E-2	3.568E-2	0.648	-0.352	0.738
2.619	2.620E-3	-7.182E-2	7.187E-2	1.313E-2	-3.260E-2	3.515E-2	0.200	0.523	0.560
2.636	2.906E-3	-7.247E-2	7.253E-2	7.399E-3	-2.369E-2	2.482E-2	-0.423	0.304	0.521
2.653	2.867E-3	-7.261E-2	7.267E-2	-4.093E-3	-1.601E-2	1.652E-2	-0.303	-0.312	0.435
2.669	2.769E-3	-7.301E-2	7.306E-2	-2.332E-3	-3.668E-2	3.676E-2	-8.451E-2	-0.572	0.578
2.686	2.789E-3	-7.384E-2	7.389E-2	-4.807E-3	-3.916E-2	3.946E-2	4.172E-2	0.141	0.147
2.703	2.609E-3	-7.431E-2	7.436E-2	-4.105E-3	-2.736E-2	2.766E-2	0.166	0.537	0.562
2.719	2.652E-3	-7.475E-2	7.480E-2	3.382E-3	-2.281E-2	2.306E-2	8.956E-2	1.882E-2	9.152E-2
2.736	2.722E-3	-7.508E-2	7.513E-2	-1.089E-3	-2.522E-2	2.524E-2	-8.567E-2	-0.136	0.160
2.753	2.616E-3	-7.559E-2	7.563E-2	-1.756E-3	-2.956E-2	2.961E-2	-0.100	-0.138	0.170
2.769	2.663E-3	-7.606E-2	7.611E-2	-1.708E-3	-2.862E-2	2.867E-2	0.118	-0.115	0.165
2.786	2.559E-3	-7.654E-2	7.659E-2	-5.791E-4	-3.308E-2	3.308E-2	7.314E-2	7.098E-2	0.102
2.803	2.644E-3	-7.717E-2	7.721E-2	3.271E-3	-2.863E-2	2.881E-2	1.096E-3	0.423	0.423
2.819	2.668E-3	-7.750E-2	7.755E-2	-1.466E-3	-1.641E-2	1.647E-2	-0.124	1.686	1.691
2.836	2.595E-3	-7.771E-2	7.776E-2	-1.802E-3	2.241E-2	2.248E-2	-0.162	4.829	4.831
2.853	2.608E-3	-7.675E-2	7.680E-2	-4.927E-3	0.142	0.142	-0.101	5.049	5.050
2.870	2.431E-3	-7.297E-2	7.301E-2	-7.589E-3	0.212	0.212	-0.268	2.981	2.993
2.886	2.355E-3	-6.968E-2	6.972E-2	-1.125E-2	0.222	0.222	-0.578	2.014	2.096
2.903	2.055E-3	-6.557E-2	6.560E-2	-2.781E-2	0.283	0.284	-0.393	3.621	3.642
2.920	1.427E-3	-6.023E-2	6.025E-2	-2.764E-2	0.346	0.347	-0.117	3.127	3.129
2.936	1.133E-3	-5.402E-2	5.403E-2	-2.619E-2	0.387	0.388	-0.202	1.756	1.767
2.953	5.530E-4	-4.730E-2	4.730E-2	-3.785E-2	0.405	0.407	-7.206E-2	1.715	1.716
2.970	-1.297E-4	-4.051E-2	4.051E-2	-2.983E-2	0.439	0.440	9.571E-2	1.233	1.237
2.986	-4.424E-4	-3.267E-2	3.267E-2	-2.951E-2	0.457	0.458	1.342E-2	0.663	0.663
3.003	-1.114E-3	-2.527E-2	2.529E-2	-3.482E-2	0.451	0.453	0.219	-0.321	0.388
3.020	-1.604E-3	-1.761E-2	1.768E-2	-2.038E-2	0.451	0.452	0.620	0.213	0.655
3.036	-1.794E-3	-1.021E-2	1.037E-2	-1.224E-2	0.454	0.454	0.488	0.254	0.551
3.053	-2.013E-3	-2.476E-3	3.191E-3	-6.545E-3	0.464	0.464	0.455	-1.351	1.425
3.070	-2.013E-3	5.264E-3	5.636E-3	4.310E-3	0.414	0.414	0.199	-1.326	1.340
3.086	-1.869E-3	1.134E-2	1.150E-2	1.438E-3	0.400	0.400	-0.215	-1.576	1.590
3.103	-1.965E-3	1.862E-2	1.872E-2	-5.558E-3	0.386	0.386	-0.144	-0.988	0.999
3.120	-2.054E-3	2.423E-2	2.431E-2	-2.675E-3	0.346	0.346	8.063E-2	-1.944	1.946
3.136	-2.054E-3	3.018E-2	3.025E-2	-1.859E-3	0.334	0.334	0.169	-0.101	0.197
3.153	-2.116E-3	3.539E-2	3.545E-2	1.319E-3	0.332	0.332	-8.968E-2	0.115	0.146
3.170	-2.010E-3	4.127E-2	4.131E-2	-1.952E-3	0.348	0.348	-0.190	-0.280	0.338
3.187	-2.181E-3	4.699E-2	4.704E-2	-8.391E-3	0.322	0.322	-0.199	-1.107	1.125
3.203	-2.290E-3	5.201E-2	5.206E-2	-6.827E-3	0.305	0.305	-1.911E-2	-0.293	0.293
3.220	-2.409E-3	5.716E-2	5.722E-2	-9.109E-3	0.316	0.316	-0.151	3.984E-2	0.156
3.237	-2.594E-3	6.253E-2	6.259E-2	-1.222E-2	0.309	0.309	9.792E-2	-0.504	0.513
3.253	-2.817E-3	6.748E-2	6.754E-2	-6.826E-3	0.294	0.295	0.405	-0.736	0.840
3.270	-2.822E-3	7.236E-2	7.241E-2	2.867E-3	0.287	0.287	1.765E-3	-0.393	0.393
3.287	-2.721E-3	7.705E-2	7.709E-2	-5.203E-3	0.280	0.280	-0.368	-0.286	0.466
3.303	-2.995E-3	8.171E-2	8.176E-2	-1.348E-2	0.278	0.278	-0.416	-0.282	0.502
3.320	-3.171E-3	8.632E-2	8.638E-2	-1.587E-2	0.271	0.272	-3.614E-2	-8.854E-2	9.563E-2
3.337	-3.525E-3	9.076E-2	9.082E-2	-1.720E-2	0.273	0.273	-0.186	-0.193	0.268
3.353	-3.745E-3	9.542E-2	9.549E-2	-1.930E-2	0.269	0.270	4.237E-2	-0.330	0.333
3.370	-4.169E-3	9.973E-2	9.982E-2	-1.901E-2	0.258	0.259	-6.275E-2	-0.643	0.646
3.387	-4.379E-3	0.104	0.104	-1.794E-2	0.250	0.251	-0.116	-0.464	0.478
3.403	-4.767E-3	0.108	0.108	-2.506E-2	0.241	0.242	-0.115	-0.369	0.386
3.420	-5.215E-3	0.112	0.112	-2.219E-2	0.238	0.239	0.134	4.378E-2	0.141
3.437	-5.508E-3	0.116	0.116	-1.881E-2	0.242	0.242	-8.542E-2	-6.670E-2	0.108
3.453	-5.843E-3	0.120	0.120	-2.533E-2	0.238	0.240	-4.908E-2	-0.189	0.195
3.470	-6.353E-3	0.124	0.124	-2.285E-2	0.232	0.234	8.214E-2	-0.252	0.265
3.487	-6.606E-3	0.128	0.128	-1.908E-2	0.232	0.232	0.278	-0.340	0.439
3.504	-6.990E-3	0.132	0.132	-1.670E-2	0.221	0.222	0.269	-0.575	0.635
3.520	-7.163E-3	0.135	0.135	-8.065E-3	0.211	0.211	-6.094E-2	-0.346	0.351
3.537	-7.259E-3	0.139	0.139	-1.732E-2	0.210	0.211	-0.344	-0.468	0.581
3.554	-7.741E-3	0.142	0.142	-2.388E-2	0.198	0.199	-0.213	-0.246	0.326
3.570	-8.056E-3	0.145	0.146	-2.105E-2	0.196	0.197	0.328	0.167	0.368
3.587	-8.443E-3	0.149	0.149	-1.540E-2	0.209	0.209	0.211	-6.534E-2	0.221
3.604	-8.570E-3	0.152	0.153	-1.098E-2	0.195	0.195	-9.794E-2	-0.742	0.748
3.620	-8.809E-3	0.155	0.156	-1.996E-2	0.179	0.181	-0.108	-0.242	0.265
3.637	-9.236E-3	0.158	0.159	-1.693E-2	0.187	0.188	-0.248	-5.770E-2	0.255
3.654	-9.374E-3	0.162	0.162	-2.290E-2	0.182	0.183	0.215	-0.207	0.298
3.670	-1.000E-2	0.164	0.165	-1.794E-2	0.175	0.175	0.336	0.197	0.390
3.687	-9.973E-3	0.167	0.168	-3.311E-3	0.191	0.191	9.240E-2	0.183	0.205
3.704	-1.011E-2	0.171	0.171	-1.770E-2	0.185	0.186	-0.254	-0.350	0.432
3.720	-1.056E-2	0.174	0.174	-1.546E-2	0.173	0.173	-0.144	-0.947	0.958
3.737	-1.063E-2	0.176	0.177	-1.603E-2	0.159	0.160	9.145E-2	5.363E-3	9.161E-2
3.754	-1.110E-2	0.179	0.179	-1.893E-2	0.164	0.165	0.223	0.120	0.253
3.770	-1.126E-2	0.182	0.182	-4.834E-3	0.174	0.174	-2.094E-2	0.482	0.483
3.787	-1.126E-2	0.185	0.185	-1.719E-2	0.172	0.173	-0.385	-5.290E-2	0.389
3.804	-1.183E-2	0.188	0.188	-2.462E-2	0.178	0.179	-0.179	-0.897	0.914
3.820	-1.208E-2	0.191	0.191	-1.760E-2	0.143	0.144	0.477	-0.443	0.651
3.837	-1.242E-2	0.192	0.193	-1.201E-2	0.150	0.150	0.309	0.269	0.410
3.854	-1.248E-2	0.196	0.196	-4.469E-3	0.169	0.169	-5.063E-2	0.455	0.458
3.871	-1.257E-2	0.198	0.199	-1.382E-2	0.155	0.155	-0.316	-0.502	0.594
3.887	-1.294E-2	0.201	0.201	-1.804E-2	0.156	0.157	-0.291	0.460	0.544
3.904	-1.317E-2	0.203	0.204	-2.009E-2	0.167	0.169	0.199	-0.141	0.244
3.921	-1.361E-2	0.206	0.207	-1.549E-2	0.158	0.159	0.248	-0.173	0.302
3.937	-1.369E-2	0.209	0.209	-7.296E-3	0.151	0.151	0.360	-0.458	0.583
3.954	-1.386E-2	0.211	0.212	-6.428E-3	0.152	0.153	-0.154	0.123	0.197
3.971	-1.390E-2	0.214	0.214	-9.900E-3	0.148	0.148	1.031E-2	-0.342	0.342
3.987	-1.419E-2	0.216	0.217	-9.748E-3	0.147	0.147	-0.130	-0.464	0.481
4.004	-1.423E-2	0.219	0.219	-9.985E-3	0.129	0.130	-0.249	0.460	0.523
4.021	-1.452E-2	0.221	0.221	-2.082E-2	0.157	0.158	-0.183	1.703E-3	0.183
4.037	-1.492E-2	0.224	0.224	-1.693E-2	0.147	0.148	0.293	-0.771	0.825
4.054	-1.508E-2	0.226	0.226	-8.712E-3	0.112	0.112	0.393	-8.857E-2	0.402
4.071	-1.521E-2	0.228	0.228	-4.906E-3	0.149	0.149	-0.256	0.505	0.566
4.087	-1.525E-2	0.230	0.231	-1.484E-2	0.140	0.141	-0.201	-0.716	0.743
4.104	-1.571E-2	0.232	0.233	-1.708E-2	0.110	0.111	0.138	-0.797	0.809
4.121	-1.582E-2	0.234	0.235	-5.635E-3	0.120	0.120	-3.413E-2	0.291	0.293
4.137	-1.589E-2	0.236	0.237	-1.754E-2	0.120	0.122	-0.600	0.190	0.630
4.154	-1.640E-2	0.238	0.239	-2.965E-2	0.124	0.127	0.354	-0.251	0.434
4.171	-1.688E-2	0.240	0.241	-6.779E-3	0.117	0.117	0.707	-0.195	0.734
4.188	-1.663E-2	0.242	0.243	2.005E-3	0.111	0.111	0.229	-0.237	0.329
4.204	-1.682E-2	0.244	0.245	-6.717E-3	0.114	0.114	-0.309	-3.887E-2	0.312
4.221	-1.685E-2	0.246	0.246	-4.779E-3	0.107	0.107	-1.810E-3	-0.584	0.584
4.238	-1.698E-2	0.248	0.248	-8.053E-3	9.636E-2	9.670E-2	-0.270	-0.270	0.382
4.254	-1.712E-2	0.249	0.250	-1.301E-2	9.455E-2	9.544E-2	-0.190	-6.638E-2	0.201
4.271	-1.741E-2	0.251	0.251	-1.572E-2	9.814E-2	9.939E-2	-0.175	-0.160	0.237
4.288	-1.765E-2	0.252	0.253	-1.734E-2	8.795E-2	8.965E-2	0.188	-0.240	0.305
4.304	-1.799E-2	0.254	0.254	-1.180E-2	8.796E-2	8.875E-2	1.123E-2	-0.186	0.187
4.321	-1.804E-2	0.255	0.256	-1.267E-2	8.569E-2	8.662E-2	-8.395E-2	0.352	0.361
4.338	-1.841E-2	0.257	0.257	-1.903E-2	9.391E-2	9.582E-2	0.134	2.943E-2	0.137
4.354	-1.868E-2	0.258	0.259	-7.171E-3	9.497E-2	9.524E-2	0.318	0.107	0.336
4.371	-1.865E-2	0.260	0.260	-5.398E-3	8.914E-2	8.930E-2	-0.320	-0.322	0.454
4.388	-1.886E-2	0.261	0.262	-1.995E-2	9.053E-2	9.271E-2	-0.221	-0.126	0.254
4.404	-1.932E-2	0.263	0.263	-1.568E-2	8.118E-2	8.268E-2	-0.113	-0.638	0.648
4.421	-1.938E-2	0.264	0.265	-1.729E-2	7.151E-2	7.357E-2	0.492	8.322E-2	0.499
4.438	-1.989E-2	0.265	0.266	-8.070E-3	7.917E-2	7.959E-2	-0.200	-0.125	0.235
4.454	-1.965E-2	0.267	0.267	-1.174E-2	7.614E-2	7.704E-2	-0.333	-0.692	0.768
4.471	-2.029E-2	0.268	0.268	-3.101E-2	4.918E-2	5.814E-2	-0.416	-0.482	0.637
4.488	-2.068E-2	0.268	0.269	-2.032E-2	5.836E-2	6.180E-2	0.632	0.351	0.723
4.505	-2.096E-2	0.270	0.270	-1.079E-2	6.770E-2	6.856E-2	0.356	0.321	0.479
4.521	-2.104E-2	0.271	0.271	-6.916E-3	6.411E-2	6.448E-2	-0.123	0.309	0.333
4.538	-2.119E-2	0.272	0.273	-1.544E-2	7.854E-2	8.005E-2	-0.157	0.104	0.189
4.555	-2.156E-2	0.273	0.274	-1.472E-2	7.253E-2	7.401E-2	-7.330E-2	-0.251	0.262
4.571	-2.169E-2	0.274	0.275	-1.402E-2	6.281E-2	6.435E-2	0.373	-0.185	0.416
4.588	-2.203E-2	0.275	0.276	-7.037E-3	7.068E-2	7.103E-2	3.257E-3	-0.382	0.382
4.605	-2.192E-2	0.277	0.277	-7.217E-3	5.205E-2	5.255E-2	-3.692E-2	-0.671	0.672
4.621	-2.227E-2	0.277	0.278	-1.491E-2	4.138E-2	4.398E-2	-0.415	-9.766E-2	0.426
4.638	-2.242E-2	0.278	0.279	-1.638E-2	5.357E-2	5.602E-2	-0.435	0.318	0.538
4.655	-2.281E-2	0.279	0.280	-3.128E-2	5.238E-2	6.101E-2	-0.396	-0.455	0.603
4.671	-2.346E-2	0.280	0.281	-3.172E-2	3.798E-2	4.948E-2	0.481	-0.124	0.497
4.688	-2.387E-2	0.280	0.281	-1.368E-2	4.387E-2	4.595E-2	0.235	0.399	0.464
4.705	-2.392E-2	0.281	0.282	-1.937E-2	5.747E-2	6.065E-2	0.136	-7.288E-2	0.154
4.721	-2.452E-2	0.282	0.283	-1.803E-2	4.071E-2	4.452E-2	4.749E-2	-0.452	0.454
4.738	-2.452E-2	0.283	0.284	-8.995E-3	3.693E-2	3.801E-2	-0.300	-1.385E-2	0.300
4.755	-2.482E-2	0.283	0.284	-3.126E-2	4.576E-2	5.542E-2	-0.710	6.588E-2	0.713
4.771	-2.556E-2	0.284	0.285	-3.638E-2	3.781E-2	5.247E-2	-0.130	-0.273	0.302
4.788	-2.603E-2	0.285	0.286	-3.095E-2	3.487E-2	4.663E-2	0.536	-0.234	0.584
4.805	-2.659E-2	0.285	0.286	-2.212E-2	3.245E-2	3.927E-2	0.727	-0.441	0.850
4.821	-2.677E-2	0.286	0.287	-3.924E-3	1.933E-2	1.973E-2	3.559E-2	-2.880E-2	4.578E-2
4.838	-2.673E-2	0.286	0.287	-1.778E-2	2.772E-2	3.293E-2	-0.511	0.277	0.581
4.855	-2.736E-2	0.287	0.288	-2.906E-2	3.550E-2	4.588E-2	-0.486	0.330	0.588
4.872	-2.770E-2	0.287	0.288	-2.738E-2	3.317E-2	4.301E-2	-2.113E-2	-0.318	0.319
4.888	-2.828E-2	0.288	0.289	-3.342E-2	2.925E-2	4.442E-2	-6.228E-2	8.004E-2	0.101
4.905	-2.881E-2	0.288	0.289	-2.848E-2	3.052E-2	4.174E-2	0.508	0.125	0.523
4.922	-2.923E-2	0.289	0.290	-1.683E-2	3.852E-2	4.204E-2	0.478	-5.971E-2	0.481
4.938	-2.937E-2	0.289	0.291	-1.045E-2	2.715E-2	2.910E-2	-0.101	-0.455	0.466
4.955	-2.958E-2	0.290	0.291	-2.067E-2	2.117E-2	2.959E-2	-0.498	-0.106	0.509
4.972	-3.006E-2	0.290	0.292	-2.921E-2	2.514E-2	3.854E-2	-0.191	9.946E-3	0.191
4.988	-3.055E-2	0.290	0.292	-2.628E-2	2.238E-2	3.451E-2	0.250	-3.505E-2	0.253
5.005	-3.094E-2	0.291	0.292	-2.039E-2	2.182E-2	2.987E-2	-0.119	-5.286E-2	0.130
5.022	-3.123E-2	0.291	0.293	-2.831E-2	2.285E-2	3.638E-2	-6.514E-3	-0.326	0.326
5.038	-3.188E-2	0.292	0.293	-2.598E-2	1.079E-2	2.813E-2	-6.362E-2	-0.181	0.192
5.055	-3.210E-2	0.292	0.293	-2.361E-2	1.303E-2	2.696E-2	0.157	0.589	0.610
5.072	-3.267E-2	0.292	0.294	-2.677E-2	3.363E-2	4.298E-2	0.617	0.523	0.808
5.088	-3.299E-2	0.293	0.295	-1.806E-3	3.294E-2	3.299E-2	1.408E-2	-0.363	0.363
5.105	-3.273E-2	0.293	0.295	-1.767E-2	1.803E-2	2.525E-2	-0.585	-0.737	0.941
5.122	-3.358E-2	0.293	0.295	-3.551E-2	8.963E-3	3.663E-2	-0.372	-0.100	0.386
5.138	-3.392E-2	0.293	0.295	-2.085E-2	1.302E-2	2.458E-2	0.471	5.454E-3	0.471
5.155	-3.428E-2	0.294	0.296	-2.212E-2	1.323E-2	2.578E-2	7.384E-2	-0.130	0.150
5.172	-3.465E-2	0.294	0.296	-1.896E-2	5.217E-3	1.967E-2	-7.018E-2	-3.670E-2	7.920E-2
5.189	-3.491E-2	0.294	0.296	-2.232E-2	1.216E-2	2.542E-2	0.275	0.233	0.361
5.205	-3.540E-2	0.294	0.296	-1.446E-2	1.549E-2	2.119E-2	0.361	0.144	0.389
5.222	-3.539E-2	0.294	0.297	-4.328E-3	1.456E-2	1.519E-2	0.216	-0.337	0.401
5.239	-3.554E-2	0.295	0.297	-1.053E-2	6.983E-3	1.264E-2	-0.417	-0.337	0.536
5.255	-3.574E-2	0.295	0.297	-1.722E-2	-4.039E-4	1.722E-2	-0.408	-8.722E-2	0.417
5.272	-3.612E-2	0.295	0.297	-2.508E-2	5.879E-3	2.576E-2	2.407E-2	0.132	0.134
5.289	-3.658E-2	0.295	0.297	-1.781E-2	5.157E-3	1.855E-2	0.214	-0.120	0.245
5.305	-3.671E-2	0.295	0.297	-1.390E-2	3.192E-4	1.390E-2	0.113	-0.153	0.190
5.322	-3.704E-2	0.295	0.297	-1.749E-2	3.385E-4	1.749E-2	-0.457	-6.441E-2	0.461
5.339	-3.730E-2	0.295	0.297	-2.605E-2	-1.192E-3	2.608E-2	-0.325	-0.197	0.380
5.355	-3.791E-2	0.295	0.297	-3.244E-2	-6.557E-3	3.309E-2	-0.209	-0.186	0.280
5.372	-3.838E-2	0.295	0.297	-2.988E-2	-8.181E-3	3.098E-2	0.488	5.609E-2	0.491
5.389	-3.891E-2	0.295	0.297	-1.920E-2	-4.184E-3	1.965E-2	0.419	0.185	0.458
5.405	-3.902E-2	0.295	0.297	-1.132E-2	-1.511E-3	1.142E-2	-1.167E-2	5.077E-2	5.210E-2
5.422	-3.929E-2	0.294	0.297	-2.194E-2	-2.628E-3	2.210E-2	-8.912E-2	-7.660E-2	0.118
5.439	-3.975E-2	0.294	0.297	-1.683E-2	-4.379E-3	1.739E-2	-3.260E-2	-0.575	0.576
5.455	-3.985E-2	0.294	0.297	-1.743E-2	-1.965E-2	2.627E-2	-0.249	-0.357	0.435
5.472	-4.033E-2	0.294	0.297	-2.985E-2	-2.220E-2	3.720E-2	-0.122	0.182	0.219
5.489	-4.085E-2	0.294	0.296	-2.143E-2	-8.214E-3	2.295E-2	4.054E-2	0.168	0.173
5.506	-4.105E-2	0.293	0.296	-2.401E-2	-1.642E-2	2.909E-2	-7.844E-2	4.710E-2	9.150E-2
5.522	-4.165E-2	0.293	0.296	-2.967E-2	-1.181E-2	3.194E-2	9.283E-2	-0.206	0.226
5.539	-4.204E-2	0.293	0.296	-1.818E-2	-1.515E-2	2.366E-2	0.269	-0.189	0.329
5.556	-4.225E-2	0.293	0.296	-1.918E-2	-2.628E-2	3.254E-2	8.361E-2	-0.366	0.375
5.572	-4.268E-2	0.292	0.295	-1.886E-2	-2.245E-2	2.932E-2	-0.451	0.319	0.553
5.589	-4.288E-2	0.292	0.295	-2.907E-2	-1.843E-2	3.442E-2	9.500E-2	-0.267	0.284
5.606	-4.365E-2	0.292	0.295	-2.448E-2	-2.678E-2	3.628E-2	0.221	-0.223	0.314
5.622	-4.370E-2	0.291	0.294	-1.192E-2	-3.258E-2	3.470E-2	-0.160	-1.645E-3	0.160
5.639	-4.405E-2	0.291	0.294	-3.356E-2	-2.208E-2	4.017E-2	-0.410	0.187	0.451
5.656	-4.482E-2	0.290	0.294	-3.032E-2	-2.662E-2	4.035E-2	0.268	-5.029E-2	0.273
5.672	-4.506E-2	0.290	0.293	-1.769E-2	-2.632E-2	3.171E-2	-7.284E-2	-0.302	0.310
5.689	-4.541E-2	0.289	0.293	-3.416E-2	-3.250E-2	4.715E-2	-0.233	-8.963E-2	0.250
5.706	-4.620E-2	0.289	0.292	-3.101E-2	-3.495E-2	4.672E-2	0.101	2.188E-2	0.103
5.722	-4.644E-2	0.288	0.292	-2.313E-2	-2.707E-2	3.561E-2	0.418	0.363	0.553
5.739	-4.697E-2	0.288	0.291	-2.296E-2	-2.521E-2	3.410E-2	-0.335	-0.307	0.455
5.756	-4.721E-2	0.287	0.291	-2.867E-2	-3.426E-2	4.468E-2	7.728E-2	-0.196	0.211
5.772	-4.793E-2	0.286	0.290	-2.780E-2	-3.725E-2	4.648E-2	1.434E-2	-0.116	0.117
5.789	-4.814E-2	0.286	0.290	-2.072E-2	-3.284E-2	3.883E-2	-0.238	-0.172	0.294
5.806	-4.862E-2	0.285	0.290	-3.875E-2	-4.487E-2	5.929E-2	-0.302	-0.183	0.353
5.822	-4.943E-2	0.285	0.289	-3.456E-2	-4.158E-2	5.407E-2	-8.545E-2	-8.277E-2	0.119
5.839	-4.977E-2	0.284	0.288	-3.413E-2	-4.223E-2	5.430E-2	0.546	0.408	0.682
5.856	-5.057E-2	0.283	0.288	-2.553E-2	-3.504E-2	4.335E-2	0.266	-0.637	0.690
5.873	-5.062E-2	0.283	0.287	-1.516E-2	-5.186E-2	5.403E-2	-0.129	0.252	0.283
5.889	-5.108E-2	0.281	0.286	-3.532E-2	-4.508E-2	5.726E-2	-0.589	-0.278	0.652
5.906	-5.180E-2	0.281	0.286	-3.642E-2	-3.921E-2	5.352E-2	-0.403	0.268	0.484
5.923	-5.229E-2	0.280	0.285	-4.359E-2	-5.508E-2	7.024E-2	-2.481E-2	-0.845	0.845
5.939	-5.325E-2	0.279	0.285	-4.423E-2	-5.396E-2	6.977E-2	0.406	0.348	0.535
5.956	-5.377E-2	0.278	0.283	-2.497E-2	-5.428E-2	5.975E-2	0.297	-0.140	0.329
5.973	-5.409E-2	0.278	0.283	-3.268E-2	-4.887E-2	5.880E-2	-0.152	0.566	0.586
5.989	-5.486E-2	0.277	0.282	-3.613E-2	-4.423E-2	5.711E-2	2.833E-2	6.115E-2	6.739E-2
6.006	-5.529E-2	0.276	0.282	-2.686E-2	-3.828E-2	4.677E-2	0.152	8.186E-2	0.173
6.023	-5.575E-2	0.275	0.281	-3.206E-2	-4.767E-2	5.745E-2	4.649E-2	-6.821E-2	8.254E-2
6.039	-5.636E-2	0.275	0.280	-2.774E-2	-3.914E-2	4.797E-2	-0.305	0.240	0.388
6.056	-5.668E-2	0.274	0.280	-3.656E-2	-3.754E-2	5.241E-2	0.271	-0.376	0.464
6.073	-5.758E-2	0.273	0.279	-2.863E-2	-5.246E-2	5.977E-2	2.664E-2	-0.686	0.686
6.089	-5.763E-2	0.272	0.278	-2.301E-2	-6.270E-2	6.678E-2	0.156	0.435	0.462
6.106	-5.835E-2	0.271	0.277	-3.405E-2	-3.976E-2	5.234E-2	-0.448	0.445	0.632
6.123	-5.877E-2	0.271	0.277	-3.165E-2	-3.825E-2	4.964E-2	-3.943E-2	2.978E-2	4.941E-2
6.139	-5.941E-2	0.270	0.276	-3.845E-2	-4.959E-2	6.275E-2	-0.155	-0.594	0.614
6.156	-6.005E-2	0.269	0.276	-3.634E-2	-5.057E-2	6.227E-2	-5.957E-2	-1.232E-2	6.083E-2
6.173	-6.062E-2	0.268	0.275	-3.898E-2	-5.547E-2	6.780E-2	0.333	-0.293	0.444
6.190	-6.135E-2	0.267	0.274	-2.914E-2	-5.605E-2	6.317E-2	6.950E-2	0.334	0.341
6.206	-6.159E-2	0.266	0.273	-2.950E-2	-4.907E-2	5.726E-2	0.499	0.773	0.920
6.223	-6.234E-2	0.266	0.273	-2.219E-2	-2.663E-2	3.467E-2	-0.351	-2.124E-2	0.351
6.240	-6.233E-2	0.266	0.273	-2.845E-2	-4.532E-2	5.351E-2	-0.102	-0.913	0.919
6.256	-6.329E-2	0.264	0.272	-3.960E-2	-6.700E-2	7.783E-2	-0.224	-0.680	0.716
6.273	-6.365E-2	0.263	0.271	-2.615E-2	-6.230E-2	6.757E-2	0.287	0.352	0.454
6.290	-6.416E-2	0.262	0.270	-3.333E-2	-5.725E-2	6.625E-2	-0.424	-1.138E-2	0.424
6.306	-6.476E-2	0.261	0.269	-3.999E-2	-5.959E-2	7.176E-2	-4.796E-2	3.304E-2	5.824E-2
6.323	-6.549E-2	0.260	0.268	-3.660E-2	-6.050E-2	7.071E-2	0.544	-0.177	0.572
6.340	-6.599E-2	0.259	0.268	-2.054E-2	-6.101E-2	6.437E-2	0.426	5.128E-2	0.429
6.356	-6.618E-2	0.258	0.267	-1.970E-2	-6.301E-2	6.602E-2	0.118	-0.150	0.191
6.373	-6.664E-2	0.257	0.266	-2.114E-2	-6.238E-2	6.587E-2	-0.672	-6.630E-2	0.675
6.390	-6.688E-2	0.256	0.265	-3.598E-2	-6.764E-2	7.662E-2	-0.603	-0.307	0.677
6.406	-6.784E-2	0.255	0.264	-4.949E-2	-7.127E-2	8.677E-2	-0.109	0.292	0.312
6.423	-6.854E-2	0.254	0.263	-3.517E-2	-6.100E-2	7.041E-2	0.318	-0.138	0.346
6.440	-6.902E-2	0.253	0.262	-3.704E-2	-6.827E-2	7.768E-2	0.195	-8.234E-2	0.211
6.456	-6.977E-2	0.251	0.261	-3.360E-2	-7.405E-2	8.132E-2	-2.932E-2	-0.375	0.376
6.473	-7.014E-2	0.251	0.260	-3.207E-2	-7.145E-2	7.832E-2	4.838E-2	-0.241	0.246
6.490	-7.084E-2	0.249	0.259	-3.725E-2	-8.755E-2	9.514E-2	0.128	-1.809E-2	0.129
6.507	-7.138E-2	0.248	0.258	-2.586E-2	-7.356E-2	7.798E-2	4.344E-2	0.279	0.283
6.523	-7.171E-2	0.247	0.257	-3.277E-2	-7.082E-2	7.803E-2	-3.829E-2	0.456	0.457
6.540	-7.247E-2	0.245	0.256	-3.365E-2	-6.746E-2	7.539E-2	-9.624E-2	-0.320	0.334
6.557	-7.283E-2	0.244	0.255	-2.935E-2	-7.128E-2	7.709E-2	5.727E-2	-0.215	0.222
6.573	-7.345E-2	0.243	0.254	-3.605E-2	-8.452E-2	9.189E-2	-0.257	-0.600	0.653
6.590	-7.403E-2	0.242	0.253	-3.614E-2	-8.464E-2	9.203E-2	-0.189	-5.110E-2	0.196
6.607	-7.466E-2	0.240	0.251	-4.235E-2	-9.024E-2	9.968E-2	-0.192	-0.151	0.244
6.623	-7.544E-2	0.239	0.250	-4.409E-2	-8.761E-2	9.808E-2	0.618	0.326	0.699
6.640	-7.613E-2	0.237	0.249	-2.283E-2	-8.084E-2	8.400E-2	4.509E-2	-0.170	0.176
6.657	-7.621E-2	0.236	0.248	-3.362E-2	-8.908E-2	9.521E-2	-0.216	5.148E-2	0.222
6.673	-7.725E-2	0.234	0.247	-4.368E-2	-8.696E-2	9.732E-2	4.352E-2	0.229	0.234
6.690	-7.766E-2	0.233	0.246	-2.283E-2	-7.369E-2	7.715E-2	1.443E-2	-0.136	0.137
6.707	-7.801E-2	0.232	0.244	-4.235E-2	-9.300E-2	0.102	-0.588	-0.562	0.813
6.723	-7.908E-2	0.230	0.243	-5.066E-2	-9.771E-2	0.110	-0.164	2.659E-3	0.164
6.740	-7.970E-2	0.228	0.242	-4.062E-2	-8.768E-2	9.663E-2	0.170	0.133	0.215
6.757	-8.043E-2	0.227	0.241	-4.721E-2	-9.405E-2	0.105	-0.188	-8.922E-2	0.208
6.773	-8.128E-2	0.225	0.239	-4.792E-2	-9.324E-2	0.105	-8.443E-2	-0.353	0.363
6.790	-8.203E-2	0.224	0.238	-4.823E-2	-0.101	0.112	8.349E-2	-0.350	0.359
6.807	-8.289E-2	0.222	0.237	-4.708E-2	-0.111	0.120	0.230	0.209	0.311
6.823	-8.360E-2	0.220	0.235	-3.934E-2	-9.251E-2	0.101	-4.514E-2	0.340	0.343
6.840	-8.420E-2	0.219	0.234	-4.670E-2	-9.407E-2	0.105	-5.749E-2	-8.092E-2	9.926E-2
6.857	-8.516E-2	0.217	0.233	-4.640E-2	-0.102	0.112	0.137	-0.150	0.203
6.874	-8.575E-2	0.215	0.232	-3.718E-2	-9.512E-2	0.102	9.354E-2	6.321E-2	0.113
6.890	-8.640E-2	0.214	0.231	-4.459E-2	-0.100	0.110	-0.446	-9.105E-2	0.455
6.907	-8.724E-2	0.212	0.229	-5.298E-2	-0.101	0.114	-6.685E-2	-0.174	0.186
6.924	-8.817E-2	0.210	0.228	-4.795E-2	-0.103	0.113	7.668E-2	-0.282	0.293
6.940	-8.884E-2	0.209	0.227	-4.681E-2	-0.113	0.122	-0.243	-0.195	0.312
6.957	-8.973E-2	0.207	0.225	-5.841E-2	-0.110	0.124	-1.655E-2	0.287	0.287
6.974	-9.079E-2	0.205	0.224	-4.974E-2	-0.101	0.113	0.234	4.948E-2	0.239
6.990	-9.139E-2	0.203	0.223	-4.479E-2	-0.107	0.116	0.339	-5.153E-2	0.343
7.007	-9.228E-2	0.201	0.222	-4.415E-2	-0.107	0.116	0.113	7.267E-2	0.134
7.024	-9.286E-2	0.200	0.220	-3.688E-2	-0.101	0.107	0.109	-5.032E-2	0.120
7.040	-9.351E-2	0.198	0.219	-4.197E-2	-0.109	0.117	-0.357	-4.512E-2	0.359
7.057	-9.426E-2	0.196	0.218	-4.884E-2	-0.106	0.116	-7.484E-2	1.903E-2	7.723E-2
7.074	-9.514E-2	0.195	0.217	-4.604E-2	-0.103	0.113	8.695E-2	-4.583E-2	9.829E-2
7.090	-9.580E-2	0.193	0.215	-4.302E-2	-0.111	0.119	-0.269	-0.371	0.459
7.107	-9.658E-2	0.191	0.214	-5.567E-2	-0.114	0.127	-0.519	0.225	0.566
7.124	-9.766E-2	0.189	0.213	-6.272E-2	-0.106	0.123	0.131	6.628E-3	0.131
7.140	-9.867E-2	0.187	0.212	-5.083E-2	-0.108	0.119	0.901	-8.740E-2	0.905
7.157	-9.935E-2	0.185	0.210	-3.150E-2	-0.115	0.119	0.358	-0.111	0.374
7.174	-9.972E-2	0.183	0.209	-3.566E-2	-0.109	0.114	-0.256	-5.468E-2	0.261
7.191	-0.101	0.182	0.208	-4.578E-2	-0.116	0.125	-0.626	-0.855	1.060
7.207	-0.101	0.180	0.206	-5.219E-2	-0.138	0.147	2.753E-2	0.162	0.164
7.224	-0.102	0.177	0.204	-4.993E-2	-0.118	0.128	-0.144	0.402	0.427
7.241	-0.103	0.176	0.204	-5.031E-2	-0.110	0.121	0.193	-3.680E-2	0.196
7.257	-0.104	0.173	0.202	-5.059E-2	-0.131	0.141	2.490E-3	-0.108	0.108
7.274	-0.105	0.171	0.201	-4.410E-2	-0.111	0.120	0.771	0.159	0.787
7.291	-0.105	0.170	0.200	-3.099E-2	-0.118	0.122	0.283	-0.661	0.719
7.307	-0.106	0.167	0.198	-2.639E-2	-0.143	0.145	-0.433	-0.245	0.498
7.324	-0.106	0.165	0.196	-5.079E-2	-0.126	0.136	-0.744	0.198	0.770
7.341	-0.107	0.163	0.195	-5.316E-2	-0.128	0.139	0.380	8.882E-2	0.391
7.357	-0.108	0.161	0.194	-3.582E-2	-0.133	0.138	0.244	-0.232	0.337
7.374	-0.109	0.159	0.192	-4.123E-2	-0.127	0.134	-9.194E-2	0.624	0.630
7.391	-0.109	0.156	0.191	-4.601E-2	-0.119	0.128	-0.119	-0.297	0.320
7.407	-0.110	0.155	0.190	-3.960E-2	-0.128	0.134	0.738	4.314E-2	0.739
7.424	-0.111	0.152	0.188	-2.639E-2	-0.131	0.133	2.530E-2	-5.341E-2	5.910E-2
7.441	-0.111	0.150	0.187	-3.035E-2	-0.118	0.122	-0.373	7.218E-2	0.380
7.457	-0.112	0.148	0.186	-4.776E-2	-0.133	0.142	-0.256	-0.528	0.587
7.474	-0.113	0.146	0.184	-3.603E-2	-0.136	0.141	7.256E-2	-0.133	0.151
7.491	-0.113	0.144	0.183	-4.156E-2	-0.136	0.142	-0.199	0.587	0.620
7.508	-0.114	0.141	0.182	-4.868E-2	-0.120	0.130	0.143	-4.984E-2	0.151
7.524	-0.115	0.140	0.181	-3.410E-2	-0.128	0.133	0.166	7.172E-2	0.181
7.541	-0.115	0.137	0.179	-3.983E-2	-0.131	0.137	6.667E-2	-0.221	0.231
7.558	-0.116	0.135	0.178	-3.902E-2	-0.123	0.129	-8.618E-2	5.176E-2	0.101
7.574	-0.116	0.133	0.177	-3.508E-2	-0.137	0.142	2.224E-2	-0.794	0.795
7.591	-0.117	0.131	0.175	-4.367E-2	-0.146	0.152	3.487E-2	6.759E-2	7.606E-2
7.608	-0.118	0.128	0.174	-3.306E-2	-0.140	0.144	0.629	-0.158	0.649
7.624	-0.118	0.126	0.173	-2.100E-2	-0.143	0.144	-8.584E-2	-6.420E-2	0.107
7.641	-0.119	0.123	0.171	-3.384E-2	-0.151	0.155	-0.260	7.466E-2	0.271
7.658	-0.119	0.121	0.170	-3.674E-2	-0.136	0.141	-0.153	0.533	0.554
7.674	-0.120	0.119	0.169	-3.161E-2	-0.133	0.136	-7.079E-2	-0.287	0.295
7.691	-0.120	0.117	0.168	-4.293E-2	-0.146	0.152	0.393	1.775E-2	0.394
7.708	-0.121	0.114	0.166	-2.167E-2	-0.137	0.139	0.374	0.207	0.427
7.724	-0.121	0.112	0.165	-1.985E-2	-0.130	0.132	-0.515	0.253	0.574
7.741	-0.122	0.110	0.164	-4.797E-2	-0.136	0.144	-0.620	-0.337	0.706
7.758	-0.123	0.107	0.163	-4.075E-2	-0.137	0.143	0.430	0.234	0.489
7.774	-0.123	0.105	0.162	-2.901E-2	-0.133	0.136	0.339	-0.456	0.568
7.791	-0.124	0.103	0.161	-3.139E-2	-0.144	0.148	-7.859E-2	0.110	0.135
7.808	-0.124	0.100	0.160	-3.195E-2	-0.141	0.145	-0.125	-7.320E-2	0.145
7.824	-0.125	9.827E-2	0.159	-3.467E-2	-0.133	0.137	-1.816E-3	9.765E-2	9.767E-2
7.841	-0.125	9.574E-2	0.158	-3.374E-2	-0.148	0.151	-0.117	-0.118	0.166
7.858	-0.126	9.334E-2	0.157	-3.588E-2	-0.135	0.139	-0.273	1.509	1.533
7.875	-0.127	9.125E-2	0.156	-4.497E-2	-9.898E-2	0.109	-0.386	1.260	1.318
7.891	-0.127	9.004E-2	0.156	-4.842E-2	-8.460E-2	9.748E-2	6.792E-2	1.051	1.054
7.908	-0.128	8.843E-2	0.156	-4.343E-2	-7.426E-2	8.603E-2	0.138	1.328	1.335
7.925	-0.129	8.756E-2	0.156	-4.146E-2	-3.467E-2	5.405E-2	8.801E-2	1.776	1.778
7.941	-0.130	8.727E-2	0.156	-4.282E-2	-1.378E-2	4.498E-2	-0.176	0.169	0.244
7.958	-0.130	8.710E-2	0.157	-4.531E-2	-2.793E-2	5.323E-2	0.437	-0.657	0.789
7.975	-0.131	8.634E-2	0.157	-3.258E-2	-4.183E-2	5.302E-2	0.672	-0.540	0.862
7.991	-0.131	8.571E-2	0.157	-1.681E-2	-4.177E-2	4.503E-2	0.890	-0.243	0.922
8.008	-0.132	8.495E-2	0.157	-7.602E-3	-5.083E-2	5.140E-2	0.633	-0.447	0.775
8.025	-0.132	8.401E-2	0.156	7.283E-3	-5.744E-2	5.790E-2	0.302	-6.872E-2	0.310
8.041	-0.131	8.303E-2	0.155	3.059E-3	-5.351E-2	5.360E-2	-0.200	-9.280E-2	0.221
8.058	-0.132	8.223E-2	0.155	-2.512E-3	-5.751E-2	5.756E-2	-6.309E-2	-3.264E-2	7.103E-2
8.075	-0.132	8.111E-2	0.155	2.374E-3	-5.910E-2	5.915E-2	0.134	-3.810E-2	0.139
8.091	-0.131	8.025E-2	0.154	2.681E-3	-5.478E-2	5.485E-2	-4.106E-2	-0.184	0.188
8.108	-0.131	7.928E-2	0.153	4.288E-5	-6.614E-2	6.614E-2	-9.051E-2	-0.732	0.737
8.125	-0.131	7.805E-2	0.153	-1.482E-4	-8.014E-2	8.014E-2	-0.120	-4.480E-3	0.120
8.141	-0.131	7.661E-2	0.152	-3.355E-3	-6.927E-2	6.935E-2	-2.646E-2	8.571E-2	8.971E-2
8.158	-0.132	7.574E-2	0.152	-2.616E-3	-6.920E-2	6.925E-2	0.221	-3.790E-2	0.224
8.175	-0.132	7.430E-2	0.151	5.160E-3	-7.878E-2	7.895E-2	0.162	-0.346	0.382
8.192	-0.131	7.311E-2	0.150	3.940E-3	-7.570E-2	7.580E-2	-0.188	-6.057E-2	0.198
8.208	-0.131	7.177E-2	0.150	-2.768E-3	-8.262E-2	8.267E-2	-1.223E-2	0.378	0.378
8.225	-0.131	7.035E-2	0.149	2.662E-3	-6.605E-2	6.611E-2	8.367E-3	-2.628E-2	2.758E-2
8.242	-0.131	6.957E-2	0.149	1.112E-3	-7.371E-2	7.372E-2	-2.567E-2	-5.455E-2	6.029E-2
8.258	-0.131	6.789E-2	0.148	-2.498E-3	-8.115E-2	8.119E-2	2.762E-3	-0.212	0.212
8.275	-0.131	6.686E-2	0.147	3.798E-3	-7.012E-2	7.022E-2	4.282E-2	0.252	0.256
8.292	-0.131	6.555E-2	0.147	-7.055E-4	-7.805E-2	7.805E-2	-8.138E-2	-0.408	0.416
8.308	-0.131	6.426E-2	0.146	-1.371E-3	-8.174E-2	8.175E-2	-0.157	0.142	0.211
8.325	-0.131	6.282E-2	0.146	-2.817E-3	-7.605E-2	7.611E-2	1.163E-2	0.337	0.337
8.342	-0.131	6.172E-2	0.145	-4.215E-3	-6.693E-2	6.706E-2	7.566E-2	5.059E-2	9.102E-2
8.358	-0.131	6.059E-2	0.145	1.877E-3	-7.500E-2	7.502E-2	2.754E-2	-0.788	0.789
8.375	-0.131	5.922E-2	0.144	-2.849E-3	-9.355E-2	9.359E-2	-7.885E-2	-0.143	0.163
8.392	-0.132	5.747E-2	0.144	-3.351E-3	-8.484E-2	8.490E-2	4.908E-4	0.336	0.336
8.408	-0.132	5.639E-2	0.143	-1.607E-4	-7.373E-2	7.373E-2	-1.304E-2	0.500	0.500
8.425	-0.132	5.501E-2	0.143	-4.811E-3	-7.470E-2	7.485E-2	-8.713E-2	2.556E-2	9.080E-2
8.442	-0.132	5.389E-2	0.142	-3.950E-3	-6.900E-2	6.912E-2	8.785E-2	0.214	0.231
8.458	-0.132	5.271E-2	0.142	-5.699E-4	-6.960E-2	6.960E-2	2.537E-2	-6.624E-3	2.622E-2
8.475	-0.132	5.157E-2	0.141	-3.195E-3	-6.836E-2	6.843E-2	-0.340	0.238	0.415
8.492	-0.132	5.042E-2	0.141	-1.183E-2	-6.287E-2	6.397E-2	-0.476	4.428E-2	0.478
8.509	-0.132	4.947E-2	0.141	-2.009E-2	-6.411E-2	6.718E-2	5.330E-2	-0.120	0.132
8.525	-0.132	4.829E-2	0.141	-1.141E-2	-6.996E-2	7.089E-2	0.507	0.151	0.529
8.542	-0.133	4.714E-2	0.141	2.076E-4	-5.905E-2	5.905E-2	0.174	0.353	0.394
8.559	-0.132	4.632E-2	0.140	-6.000E-3	-5.484E-2	5.517E-2	-0.429	-0.193	0.470
8.575	-0.133	4.531E-2	0.140	-1.574E-2	-6.740E-2	6.921E-2	-0.202	-2.739E-2	0.204
8.592	-0.133	4.407E-2	0.140	-1.334E-2	-5.921E-2	6.070E-2	-4.237E-2	3.457E-2	5.468E-2
8.609	-0.133	4.333E-2	0.140	-1.434E-2	-5.872E-2	6.045E-2	0.177	-1.486E-3	0.177
8.625	-0.133	4.211E-2	0.140	-1.131E-2	-6.667E-2	6.763E-2	0.273	-0.408	0.491
8.642	-0.134	4.111E-2	0.140	-1.731E-3	-6.720E-2	6.722E-2	0.169	3.416E-2	0.173
8.659	-0.134	3.987E-2	0.139	-6.230E-3	-6.938E-2	6.966E-2	-0.333	-0.374	0.501
8.675	-0.134	3.880E-2	0.139	-1.384E-2	-7.550E-2	7.676E-2	-0.346	2.461E-2	0.347
8.692	-0.134	3.735E-2	0.139	-1.775E-2	-7.434E-2	7.643E-2	9.374E-2	2.723E-2	9.762E-2
8.709	-0.134	3.631E-2	0.139	-1.164E-2	-6.845E-2	6.943E-2	2.492E-2	-0.107	0.110
8.725	-0.134	3.506E-2	0.139	-1.343E-2	-8.077E-2	8.188E-2	0.234	8.434E-2	0.249
8.742	-0.135	3.362E-2	0.139	-9.285E-3	-6.883E-2	6.946E-2	0.164	0.176	0.241
8.759	-0.135	3.277E-2	0.139	-2.070E-3	-6.682E-2	6.685E-2	8.706E-2	-0.120	0.148
8.775	-0.135	3.139E-2	0.138	-9.698E-3	-8.013E-2	8.072E-2	-5.894E-2	-0.158	0.169
8.792	-0.135	3.009E-2	0.138	-4.650E-3	-7.030E-2	7.045E-2	0.207	-0.130	0.244
8.809	-0.135	2.904E-2	0.138	-2.818E-4	-8.016E-2	8.016E-2	7.440E-2	-0.153	0.170
8.825	-0.135	2.742E-2	0.138	-3.677E-3	-8.346E-2	8.354E-2	-0.305	0.108	0.323
8.842	-0.135	2.626E-2	0.138	-9.678E-3	-6.996E-2	7.062E-2	-0.153	0.314	0.349
8.859	-0.135	2.508E-2	0.138	-1.066E-2	-7.460E-2	7.536E-2	-1.480E-2	-0.165	0.166
8.876	-0.135	2.377E-2	0.138	-8.099E-3	-7.681E-2	7.723E-2	0.225	0.381	0.442
8.892	-0.136	2.252E-2	0.137	-4.828E-3	-6.255E-2	6.274E-2	-5.773E-2	0.497	0.500
8.909	-0.136	2.168E-2	0.137	-7.419E-3	-5.610E-2	5.659E-2	0.242	0.504	0.559
8.926	-0.136	2.065E-2	0.137	-1.420E-3	-5.081E-2	5.083E-2	0.141	0.427	0.450
8.942	-0.136	1.999E-2	0.137	3.364E-3	-3.802E-2	3.816E-2	0.143	-7.103E-2	0.159
8.959	-0.136	1.938E-2	0.137	-1.520E-3	-5.211E-2	5.213E-2	-1.036E-2	-0.405	0.405
8.976	-0.136	1.825E-2	0.137	4.888E-3	-5.766E-2	5.787E-2	-0.136	0.190	0.234
8.992	-0.136	1.746E-2	0.137	-4.114E-3	-4.151E-2	4.171E-2	-0.502	0.348	0.611
9.009	-0.136	1.686E-2	0.137	-1.565E-2	-4.447E-2	4.715E-2	-0.264	-0.507	0.571
9.026	-0.136	1.597E-2	0.137	-1.171E-2	-6.082E-2	6.193E-2	0.540	-0.310	0.623
9.042	-0.136	1.484E-2	0.137	1.974E-3	-5.717E-2	5.721E-2	0.337	-0.168	0.377
9.059	-0.136	1.406E-2	0.137	3.116E-3	-6.026E-2	6.034E-2	-0.307	-9.613E-2	0.322
9.076	-0.136	1.282E-2	0.137	-1.140E-2	-6.700E-2	6.796E-2	-0.160	-6.892E-2	0.174
9.092	-0.136	1.183E-2	0.137	-4.417E-3	-5.862E-2	5.879E-2	0.141	0.226	0.267
9.109	-0.136	1.087E-2	0.137	-9.342E-4	-5.984E-2	5.985E-2	8.116E-2	-0.198	0.214
9.126	-0.136	9.832E-3	0.137	-6.651E-3	-6.557E-2	6.590E-2	-3.251E-2	-0.149	0.153
9.142	-0.137	8.681E-3	0.137	-1.379E-4	-6.591E-2	6.591E-2	0.431	0.117	0.447
9.159	-0.136	7.632E-3	0.137	7.457E-3	-6.061E-2	6.107E-2	0.248	0.175	0.303
9.176	-0.136	6.658E-3	0.136	9.378E-3	-5.968E-2	6.042E-2	-0.302	0.529	0.609
9.193	-0.136	5.641E-3	0.136	-2.678E-3	-4.583E-2	4.590E-2	-0.572	0.268	0.632
9.209	-0.136	5.129E-3	0.136	-1.202E-2	-4.427E-2	4.588E-2	0.189	-0.460	0.497
9.226	-0.137	4.164E-3	0.137	2.861E-3	-6.606E-2	6.612E-2	0.599	-0.711	0.930
9.243	-0.136	2.925E-3	0.136	1.288E-2	-6.911E-2	7.031E-2	8.297E-2	3.777E-2	9.116E-2
9.259	-0.136	1.858E-3	0.136	2.883E-3	-6.239E-2	6.245E-2	-0.351	0.523	0.630
9.276	-0.136	8.434E-4	0.136	2.862E-5	-5.305E-2	5.305E-2	0.108	0.941	0.947
9.293	-0.136	8.766E-5	0.136	7.210E-3	-3.105E-2	3.188E-2	0.478	1.738	1.803
9.309	-0.136	-1.927E-4	0.136	1.640E-2	4.827E-3	1.710E-2	0.635	1.597	1.719
9.326	-0.136	2.487E-4	0.136	2.794E-2	2.639E-2	3.843E-2	6.625E-3	1.020	1.020
9.343	-0.135	6.878E-4	0.135	2.018E-2	3.457E-2	4.003E-2	-0.408	1.045	1.122
9.359	-0.135	1.402E-3	0.135	8.564E-3	6.102E-2	6.162E-2	-7.155E-3	0.713	0.713
9.376	-0.135	2.724E-3	0.135	2.163E-2	6.448E-2	6.801E-2	0.565	0.140	0.582
9.393	-0.134	3.554E-3	0.134	2.993E-2	5.773E-2	6.503E-2	-1.967E-2	-8.287E-3	2.134E-2
9.409	-0.134	4.650E-3	0.134	2.033E-2	6.823E-2	7.120E-2	-0.109	0.125	0.166
9.426	-0.134	5.830E-3	0.134	2.267E-2	6.264E-2	6.662E-2	-4.451E-2	-0.427	0.429
9.443	-0.133	6.740E-3	0.133	2.428E-2	5.172E-2	5.713E-2	0.229	-0.360	0.426
9.459	-0.133	7.556E-3	0.133	2.491E-2	5.073E-2	5.651E-2	-3.601E-2	-0.169	0.173
9.476	-0.132	8.433E-3	0.132	2.799E-2	4.771E-2	5.531E-2	-0.268	-0.376	0.462
9.493	-0.132	9.148E-3	0.132	1.385E-2	3.731E-2	3.980E-2	0.128	-0.366	0.387
9.510	-0.132	9.678E-3	0.132	2.788E-2	3.425E-2	4.417E-2	0.260	-0.222	0.342
9.526	-0.131	1.029E-2	0.131	3.230E-2	3.207E-2	4.551E-2	4.547E-2	-0.396	0.398
9.543	-0.131	1.075E-2	0.131	2.056E-2	2.036E-2	2.894E-2	-0.569	-0.436	0.716
9.560	-0.130	1.097E-2	0.131	1.847E-2	1.584E-2	2.433E-2	0.414	-0.195	0.458
9.576	-0.130	1.128E-2	0.130	2.882E-2	1.592E-2	3.293E-2	8.697E-2	-4.327E-3	8.707E-2
9.593	-0.129	1.150E-2	0.130	3.001E-2	1.450E-2	3.333E-2	-0.517	-0.219	0.562
9.610	-0.129	1.176E-2	0.130	5.313E-3	1.002E-2	1.134E-2	-0.462	-4.873E-2	0.465
9.626	-0.129	1.184E-2	0.130	1.258E-2	1.033E-2	1.628E-2	0.426	-0.339	0.544
9.643	-0.129	1.210E-2	0.129	2.532E-2	3.034E-3	2.551E-2	0.796	-0.348	0.869
9.660	-0.128	1.194E-2	0.129	3.463E-2	-6.373E-3	3.521E-2	0.169	-0.248	0.300
9.676	-0.127	1.189E-2	0.128	3.611E-2	-2.364E-3	3.619E-2	-0.356	-7.935E-2	0.365
9.693	-0.127	1.186E-2	0.128	1.912E-2	-8.534E-3	2.094E-2	-0.621	-0.427	0.754
9.710	-0.127	1.161E-2	0.127	1.458E-2	-1.807E-2	2.322E-2	0.221	-0.349	0.413
9.726	-0.126	1.125E-2	0.127	2.668E-2	-2.024E-2	3.349E-2	0.633	-0.283	0.693
9.743	-0.126	1.093E-2	0.126	3.800E-2	-2.590E-2	4.598E-2	0.347	6.570E-2	0.353
9.760	-0.125	1.039E-2	0.126	3.753E-2	-2.159E-2	4.330E-2	-0.384	2.226E-2	0.385
9.776	-0.125	1.021E-2	0.125	2.582E-2	-1.983E-2	3.255E-2	-0.362	0.142	0.389
9.793	-0.124	9.729E-3	0.125	2.208E-2	-2.197E-2	3.115E-2	-6.578E-4	0.233	0.233
9.810	-0.124	9.478E-3	0.124	2.883E-2	-9.548E-3	3.037E-2	0.296	0.645	0.710
9.826	-0.123	9.411E-3	0.124	3.108E-2	-3.948E-4	3.108E-2	7.946E-2	0.217	0.231
9.843	-0.123	9.465E-3	0.123	3.192E-2	-1.394E-3	3.196E-2	-0.102	1.684E-2	0.103
9.860	-0.122	9.364E-3	0.123	2.775E-2	-2.231E-3	2.784E-2	-1.698E-2	-9.856E-2	0.100
9.877	-0.122	9.391E-3	0.122	2.970E-2	-2.362E-3	2.979E-2	-0.207	-9.924E-2	0.230
9.893	-0.121	9.285E-3	0.122	2.441E-2	-7.103E-3	2.542E-2	2.473E-2	-7.123E-2	7.540E-2
9.910	-0.121	9.154E-3	0.121	2.507E-2	-4.837E-3	2.553E-2	0.278	-0.488	0.562
9.927	-0.120	9.124E-3	0.121	3.821E-2	-1.983E-2	4.305E-2	0.243	-0.503	0.559
9.943	-0.120	8.492E-3	0.120	3.306E-2	-2.856E-2	4.369E-2	-0.480	-0.187	0.515
9.960	-0.119	8.171E-3	0.120	2.074E-2	-2.062E-2	2.925E-2	-0.230	7.490E-2	0.242
9.977	-0.119	7.804E-3	0.119	2.364E-2	-2.707E-2	3.594E-2	0.286	-0.257	0.385
9.993	-0.119	7.268E-3	0.119	3.324E-2	-3.065E-2	4.521E-2	0.248	-0.158	0.294
10.010	-0.118	6.781E-3	0.118	3.155E-2	-3.094E-2	4.419E-2	0.326	0.163	0.364
10.027	-0.118	6.235E-3	0.118	4.124E-2	-2.676E-2	4.917E-2	-0.194	0.263	0.327
10.043	-0.117	5.888E-3	0.117	3.223E-2	-2.029E-2	3.808E-2	-0.533	-8.385E-3	0.533
10.060	-0.116	5.558E-3	0.117	1.484E-2	-2.674E-2	3.058E-2	-0.369	-7.191E-2	0.376
10.077	-0.116	4.996E-3	0.116	2.362E-2	-2.588E-2	3.503E-2	0.520	9.325E-2	0.528
10.093	-0.116	4.695E-3	0.116	3.223E-2	-2.010E-2	3.799E-2	0.123	0.541	0.555
10.110	-0.115	4.325E-3	0.115	2.930E-2	-1.112E-2	3.134E-2	-0.349	1.016	1.074
10.127	-0.115	4.324E-3	0.115	1.851E-2	1.509E-2	2.388E-2	-0.223	1.187	1.208
10.143	-0.114	4.829E-3	0.115	2.095E-2	3.112E-2	3.751E-2	6.716E-2	0.573	0.577
10.160	-0.114	5.362E-3	0.114	2.353E-2	3.226E-2	3.993E-2	-0.208	-6.962E-2	0.219
10.177	-0.114	5.905E-3	0.114	1.311E-2	2.922E-2	3.203E-2	-3.982E-2	-0.199	0.203
10.194	-0.114	6.337E-3	0.114	1.893E-2	2.480E-2	3.120E-2	0.336	-0.634	0.717
10.210	-0.113	6.732E-3	0.113	2.926E-2	1.016E-2	3.097E-2	0.346	-0.851	0.918
10.227	-0.113	6.676E-3	0.113	2.785E-2	-6.805E-3	2.867E-2	0.141	-0.718	0.732
10.244	-0.112	6.505E-3	0.112	3.386E-2	-1.252E-2	3.610E-2	-0.316	-0.218	0.384
10.260	-0.111	6.258E-3	0.112	2.114E-2	-1.430E-2	2.552E-2	-0.204	-3.969E-2	0.207
10.277	-0.111	6.028E-3	0.112	1.904E-2	-1.343E-2	2.330E-2	-0.172	-0.261	0.313
10.294	-0.111	5.810E-3	0.111	2.394E-2	-2.174E-2	3.234E-2	0.256	-0.409	0.482
10.310	-0.111	5.303E-3	0.111	2.113E-2	-2.970E-2	3.645E-2	-0.258	-0.338	0.425
10.327	-0.110	4.819E-3	0.110	2.037E-2	-3.125E-2	3.730E-2	-0.174	7.064E-2	0.188
10.344	-0.110	4.260E-3	0.110	1.170E-2	-2.877E-2	3.106E-2			
10.360	-0.110	3.859E-3	0.110						
