	mass A									
t	x	y	r	vx	vy	v	ax	ay	a	
0.000	-2.080E-3	2.439E-3	3.205E-3						
0.017	-2.280E-3	3.182E-3	3.914E-3	-2.243E-2	4.890E-2	5.380E-2			
0.033	-2.828E-3	4.071E-3	4.957E-3	-5.226E-2	4.796E-2	7.093E-2	-0.431	-0.197	0.474
0.050	-4.023E-3	4.782E-3	6.249E-3	-4.470E-2	4.048E-2	6.030E-2	0.596	-0.215	0.634
0.067	-4.320E-3	5.421E-3	6.932E-3	-2.138E-2	4.060E-2	4.588E-2	0.377	0.263	0.459
0.083	-4.737E-3	6.136E-3	7.752E-3	-3.551E-2	4.928E-2	6.074E-2	-0.512	0.114	0.525
0.100	-5.505E-3	7.066E-3	8.957E-3	-4.159E-2	4.715E-2	6.287E-2	-3.176E-2	-0.234	0.236
0.117	-6.124E-3	7.710E-3	9.846E-3	-3.422E-2	3.817E-2	5.127E-2	0.326	-0.519	0.613
0.133	-6.646E-3	8.339E-3	1.066E-2	-3.060E-2	3.179E-2	4.413E-2	8.768E-2	-0.122	0.151
0.150	-7.146E-3	8.770E-3	1.131E-2	-3.132E-2	3.162E-2	4.450E-2	-0.107	-0.129	0.167
0.167	-7.692E-3	9.394E-3	1.214E-2	-3.442E-2	3.093E-2	4.627E-2	-0.110	-9.016E-3	0.110
0.184	-8.294E-3	9.802E-3	1.284E-2	-3.537E-2	2.812E-2	4.519E-2	0.231	-0.425	0.484
0.200	-8.872E-3	1.033E-2	1.362E-2	-2.731E-2	2.035E-2	3.406E-2	0.198	-0.276	0.340
0.217	-9.205E-3	1.048E-2	1.395E-2	-2.594E-2	1.434E-2	2.964E-2	-0.197	-0.109	0.225
0.234	-9.737E-3	1.081E-2	1.455E-2	-3.604E-2	1.986E-2	4.115E-2	-0.506	0.241	0.561
0.250	-1.041E-2	1.114E-2	1.525E-2	-4.278E-2	2.143E-2	4.785E-2	0.154	2.679E-2	0.156
0.267	-1.116E-2	1.153E-2	1.605E-2	-3.284E-2	2.138E-2	3.919E-2	0.428	0.150	0.454
0.284	-1.150E-2	1.186E-2	1.652E-2	-2.402E-2	2.506E-2	3.471E-2	9.402E-2	-0.151	0.178
0.300	-1.197E-2	1.236E-2	1.721E-2	-3.196E-2	1.957E-2	3.747E-2	-0.128	-0.387	0.408
0.317	-1.257E-2	1.251E-2	1.773E-2	-2.987E-2	8.414E-3	3.104E-2	0.632	2.185E-2	0.632
0.334	-1.296E-2	1.264E-2	1.811E-2	-1.036E-2	1.997E-2	2.250E-2	0.317	3.763E-2	0.319
0.350	-1.292E-2	1.318E-2	1.845E-2	-1.402E-2	1.553E-2	2.092E-2	-0.277	-0.301	0.409
0.367	-1.343E-2	1.316E-2	1.880E-2	-2.688E-2	2.943E-3	2.704E-2	-0.886	-0.323	0.943
0.384	-1.381E-2	1.328E-2	1.916E-2	-3.788E-2	8.051E-3	3.872E-2	-0.123	4.027E-2	0.129
0.400	-1.469E-2	1.343E-2	1.991E-2	-3.797E-2	4.726E-3	3.826E-2	0.416	-0.237	0.478
0.417	-1.508E-2	1.343E-2	2.019E-2	-1.829E-2	-1.134E-3	1.832E-2	0.463	-7.949E-2	0.470
0.434	-1.530E-2	1.339E-2	2.034E-2	-2.207E-2	1.745E-3	2.214E-2	0.103	8.708E-2	0.135
0.450	-1.582E-2	1.349E-2	2.079E-2	-1.955E-2	3.508E-3	1.986E-2	0.205	-1.291E-2	0.205
0.467	-1.596E-2	1.351E-2	2.091E-2	-1.054E-2	1.504E-4	1.055E-2	-5.360E-2	-0.105	0.118
0.484	-1.617E-2	1.350E-2	2.106E-2	-2.215E-2	-3.032E-5	2.215E-2	-0.181	1.385E-3	0.181
0.500	-1.670E-2	1.351E-2	2.148E-2	-2.059E-2	5.613E-4	2.059E-2	-0.107	-9.981E-2	0.146
0.517	-1.685E-2	1.351E-2	2.160E-2	-1.971E-2	-3.019E-3	1.994E-2	-0.169	-4.382E-2	0.175
0.534	-1.735E-2	1.341E-2	2.193E-2	-3.064E-2	-2.433E-3	3.074E-2	-0.504	-9.990E-2	0.513
0.551	-1.788E-2	1.343E-2	2.236E-2	-3.477E-2	-3.927E-3	3.499E-2	0.264	3.262E-2	0.266
0.567	-1.851E-2	1.328E-2	2.278E-2	-2.464E-2	-4.236E-3	2.500E-2	0.484	9.829E-3	0.484
0.584	-1.870E-2	1.329E-2	2.294E-2	-1.386E-2	-1.040E-3	1.390E-2	2.180E-3	-0.203	0.203
0.601	-1.898E-2	1.324E-2	2.314E-2	-2.596E-2	-1.116E-2	2.826E-2	-3.733E-2	-0.195	0.199
0.617	-1.957E-2	1.292E-2	2.345E-2	-1.961E-2	-1.081E-2	2.239E-2	0.179	0.175	0.250
0.634	-1.963E-2	1.288E-2	2.348E-2	-1.290E-2	-1.809E-3	1.303E-2	0.531	0.207	0.570
0.651	-2.000E-2	1.286E-2	2.377E-2	-8.592E-3	-4.498E-3	9.698E-3	-0.630	-0.155	0.649
0.667	-1.992E-2	1.273E-2	2.364E-2	-2.466E-2	-7.951E-3	2.591E-2	-0.330	-0.348	0.480
0.684	-2.082E-2	1.259E-2	2.433E-2	-3.291E-2	-1.479E-2	3.608E-2	0.332	-0.351	0.483
0.701	-2.102E-2	1.224E-2	2.432E-2	-4.419E-3	-2.149E-2	2.194E-2	0.904	8.814E-3	0.904
0.717	-2.097E-2	1.188E-2	2.410E-2	-2.831E-3	-1.458E-2	1.485E-2	-1.311	9.087E-2	1.314
0.734	-2.111E-2	1.175E-2	2.416E-2	-4.559E-2	-1.534E-2	4.810E-2	-1.215	-0.185	1.229
0.751	-2.249E-2	1.137E-2	2.520E-2	-5.677E-2	-2.386E-2	6.158E-2	-0.167	-0.346	0.385
0.767	-2.300E-2	1.095E-2	2.548E-2	-3.758E-2	-2.583E-2	4.560E-2	1.113	8.622E-2	1.117
0.784	-2.374E-2	1.050E-2	2.596E-2	-2.756E-2	-2.194E-2	3.523E-2	0.800	0.350	0.873
0.801	-2.392E-2	1.022E-2	2.602E-2	-5.913E-3	-1.307E-2	1.434E-2	0.225	0.108	0.250
0.817	-2.394E-2	1.007E-2	2.597E-2	-1.847E-2	-1.691E-2	2.504E-2	-0.482	-0.267	0.551
0.834	-2.454E-2	9.658E-3	2.637E-2	-2.879E-2	-2.468E-2	3.792E-2	-0.295	-0.227	0.372
0.851	-2.490E-2	9.244E-3	2.656E-2	-2.345E-2	-2.361E-2	3.327E-2	6.973E-2	-6.171E-2	9.311E-2
0.868	-2.532E-2	8.871E-3	2.683E-2	-2.772E-2	-2.587E-2	3.792E-2	-0.281	-0.266	0.387
0.884	-2.582E-2	8.381E-3	2.715E-2	-3.283E-2	-3.312E-2	4.664E-2	0.186	-0.279	0.335
0.901	-2.642E-2	7.766E-3	2.754E-2	-2.368E-2	-3.590E-2	4.300E-2	-0.192	0.125	0.229
0.918	-2.661E-2	7.183E-3	2.757E-2	-3.248E-2	-2.898E-2	4.353E-2	-5.780E-2	0.291	0.297
0.934	-2.750E-2	6.799E-3	2.833E-2	-3.573E-2	-2.444E-2	4.329E-2	5.446E-2	0.183	0.191
0.951	-2.781E-2	6.368E-3	2.853E-2	-2.215E-2	-2.433E-2	3.290E-2	0.544	-0.125	0.558
0.968	-2.824E-2	5.987E-3	2.887E-2	-2.180E-2	-2.733E-2	3.496E-2	0.295	-5.468E-2	0.300
0.984	-2.853E-2	5.456E-3	2.905E-2	-1.140E-2	-2.818E-2	3.039E-2	-0.219	-0.146	0.263
1.001	-2.862E-2	5.047E-3	2.906E-2	-2.511E-2	-2.976E-2	3.894E-2	-1.263	-0.211	1.281
1.018	-2.937E-2	4.463E-3	2.971E-2	-5.821E-2	-3.695E-2	6.895E-2	-8.914E-2	-0.132	0.159
1.034	-3.056E-2	3.814E-3	3.080E-2	-3.434E-2	-3.459E-2	4.874E-2	0.539	3.645E-2	0.540
1.051	-3.052E-2	3.309E-3	3.070E-2	-2.393E-2	-3.373E-2	4.136E-2	-2.928E-2	-0.233	0.235
1.068	-3.136E-2	2.688E-3	3.148E-2	-4.855E-2	-4.311E-2	6.493E-2	-0.574	-0.152	0.593
1.084	-3.214E-2	1.870E-3	3.219E-2	-3.963E-2	-4.112E-2	5.711E-2	0.620	0.444	0.763
1.101	-3.268E-2	1.316E-3	3.271E-2	-2.703E-2	-2.619E-2	3.764E-2	0.142	0.302	0.334
1.118	-3.304E-2	9.962E-4	3.305E-2	-3.259E-2	-2.880E-2	4.349E-2	-0.357	-0.238	0.429
1.134	-3.377E-2	3.552E-4	3.377E-2	-4.313E-2	-3.795E-2	5.745E-2	-0.869	-0.644	1.082
1.151	-3.448E-2	-2.702E-4	3.448E-2	-5.756E-2	-4.738E-2	7.455E-2	7.210E-2	0.322	0.330
1.168	-3.569E-2	-1.226E-3	3.571E-2	-4.863E-2	-3.349E-2	5.905E-2	0.859	0.579	1.036
1.185	-3.610E-2	-1.388E-3	3.613E-2	-2.039E-2	-1.858E-2	2.759E-2	0.657	0.588	0.882
1.201	-3.637E-2	-1.846E-3	3.642E-2	-2.739E-2	-2.077E-2	3.438E-2	-0.186	-3.958E-3	0.186
1.218	-3.701E-2	-2.081E-3	3.707E-2	-3.137E-2	-1.535E-2	3.493E-2	-0.335	0.177	0.378
1.235	-3.742E-2	-2.358E-3	3.749E-2	-3.361E-2	-1.625E-2	3.733E-2	-0.438	0.275	0.517
1.251	-3.814E-2	-2.623E-3	3.823E-2	-4.883E-2	-7.138E-3	4.935E-2	-0.488	0.186	0.522
1.268	-3.905E-2	-2.596E-3	3.914E-2	-5.080E-2	-6.449E-3	5.121E-2	1.029	6.658E-2	1.031
1.285	-3.983E-2	-2.838E-3	3.993E-2	-1.685E-2	-9.216E-3	1.920E-2	0.957	0.645	1.154
1.301	-3.961E-2	-2.904E-3	3.972E-2	-7.833E-3	1.501E-2	1.693E-2	-2.501	9.141E-2	2.503
1.318	-4.009E-2	-2.337E-3	4.016E-2	-0.100	2.927E-3	0.100	-2.700	-0.405	2.730
1.335	-4.296E-2	-2.806E-3	4.305E-2	-0.122	-1.232E-2	0.123	0.354	-0.112	0.371
1.351	-4.418E-2	-2.748E-3	4.426E-2	-6.530E-2	7.551E-3	6.574E-2	2.149	0.645	2.243
1.368	-4.514E-2	-2.554E-3	4.521E-2	-5.587E-2	8.562E-3	5.652E-2	0.143	-0.191	0.239
1.385	-4.604E-2	-2.462E-3	4.611E-2	-6.022E-2	4.420E-4	6.022E-2	4.224E-2	-0.258	0.261
1.401	-4.715E-2	-2.539E-3	4.722E-2	-5.770E-2	-1.485E-3	5.772E-2	0.621	-7.097E-2	0.625
1.418	-4.797E-2	-2.512E-3	4.803E-2	-3.776E-2	-7.059E-5	3.776E-2	4.989E-2	8.963E-2	0.103
1.435	-4.841E-2	-2.542E-3	4.848E-2	-5.060E-2	2.794E-4	5.060E-2	-0.571	0.110	0.581
1.451	-4.966E-2	-2.503E-3	4.972E-2	-6.648E-2	4.160E-3	6.661E-2	-0.303	-4.294E-2	0.306
1.468	-5.063E-2	-2.403E-3	5.068E-2	-5.532E-2	-6.125E-5	5.532E-2	6.744E-2	-0.142	0.157
1.485	-5.150E-2	-2.505E-3	5.156E-2	-6.306E-2	-2.995E-3	6.313E-2	-3.439E-2	-0.121	0.126
1.502	-5.273E-2	-2.503E-3	5.279E-2	-6.165E-2	-2.034E-3	6.168E-2	0.126	-3.203E-2	0.130
1.518	-5.356E-2	-2.572E-3	5.362E-2	-5.335E-2	-5.006E-3	5.358E-2	0.116	0.120	0.167
1.535	-5.451E-2	-2.670E-3	5.458E-2	-6.013E-2	1.065E-3	6.014E-2	-0.113	0.131	0.173
1.552	-5.556E-2	-2.537E-3	5.562E-2	-5.817E-2	2.260E-3	5.821E-2	0.255	-0.255	0.361
1.568	-5.645E-2	-2.594E-3	5.651E-2	-5.018E-2	-9.223E-3	5.102E-2	-0.117	-0.440	0.455
1.585	-5.724E-2	-2.845E-3	5.731E-2	-6.007E-2	-1.347E-2	6.156E-2	-0.391	-0.217	0.447
1.602	-5.846E-2	-3.044E-3	5.854E-2	-6.804E-2	-1.479E-2	6.963E-2	0.135	-1.569E-2	0.136
1.618	-5.951E-2	-3.338E-3	5.960E-2	-5.368E-2	-1.536E-2	5.583E-2	0.265	-0.489	0.557
1.635	-6.025E-2	-3.556E-3	6.035E-2	-5.557E-2	-2.792E-2	6.219E-2	-0.465	-0.665	0.811
1.652	-6.136E-2	-4.270E-3	6.151E-2	-7.291E-2	-4.222E-2	8.425E-2	-2.689E-2	-0.745	0.746
1.668	-6.268E-2	-4.965E-3	6.288E-2	-5.936E-2	-4.940E-2	7.723E-2	0.841	-0.682	1.083
1.685	-6.334E-2	-5.918E-3	6.362E-2	-3.859E-2	-6.602E-2	7.647E-2	0.382	-0.437	0.580
1.702	-6.397E-2	-7.168E-3	6.437E-2	-4.761E-2	-6.659E-2	8.185E-2	-0.744	1.368E-2	0.745
1.718	-6.493E-2	-8.140E-3	6.544E-2	-6.544E-2	-6.147E-2	8.978E-2	-0.184	5.479E-3	0.184
1.735	-6.615E-2	-9.219E-3	6.679E-2	-5.678E-2	-6.802E-2	8.860E-2	0.673	1.182E-2	0.673
1.752	-6.683E-2	-1.041E-2	6.763E-2	-3.767E-2	-6.281E-2	7.324E-2	0.361	-5.534E-3	0.361
1.768	-6.741E-2	-1.131E-2	6.835E-2	-4.481E-2	-6.389E-2	7.804E-2	-9.119E-2	2.640E-2	9.493E-2
1.785	-6.832E-2	-1.254E-2	6.946E-2	-4.533E-2	-6.687E-2	8.078E-2	-0.152	-0.125	0.197
1.802	-6.892E-2	-1.355E-2	7.024E-2	-4.452E-2	-6.420E-2	7.813E-2	-8.480E-2	0.178	0.197
1.818	-6.981E-2	-1.468E-2	7.134E-2	-5.214E-2	-6.367E-2	8.230E-2	-0.139	0.201	0.244
1.835	-7.066E-2	-1.567E-2	7.238E-2	-4.805E-2	-5.606E-2	7.383E-2	-2.653E-2	0.224	0.225
1.852	-7.141E-2	-1.655E-2	7.330E-2	-5.140E-2	-5.560E-2	7.572E-2	0.178	5.941E-4	0.178
1.869	-7.238E-2	-1.753E-2	7.447E-2	-4.604E-2	-5.735E-2	7.354E-2	-6.011E-2	-0.130	0.143
1.885	-7.295E-2	-1.847E-2	7.525E-2	-4.728E-2	-5.896E-2	7.557E-2	0.410	0.341	0.534
1.902	-7.395E-2	-1.949E-2	7.648E-2	-4.055E-2	-4.863E-2	6.332E-2	0.348	0.976	1.036
1.919	-7.430E-2	-2.009E-2	7.697E-2	-2.724E-2	-2.406E-2	3.635E-2	-0.328	1.737	1.768
1.935	-7.486E-2	-2.030E-2	7.756E-2	-5.334E-2	7.965E-3	5.393E-2	-0.639	1.637	1.757
1.952	-7.608E-2	-1.982E-2	7.862E-2	-5.574E-2	3.387E-2	6.522E-2	0.158	1.553	1.561
1.969	-7.672E-2	-1.917E-2	7.908E-2	-4.009E-2	5.611E-2	6.896E-2	0.526	0.835	0.987
1.985	-7.742E-2	-1.795E-2	7.947E-2	-4.121E-2	6.655E-2	7.828E-2	0.239	4.050E-3	0.239
2.002	-7.810E-2	-1.694E-2	7.991E-2	-3.285E-2	5.314E-2	6.247E-2	0.516	-0.927	1.061
2.019	-7.851E-2	-1.618E-2	8.016E-2	-2.222E-2	3.585E-2	4.218E-2	0.388	-0.891	0.972
2.035	-7.884E-2	-1.575E-2	8.040E-2	-2.013E-2	2.209E-2	2.989E-2	3.805E-2	-0.260	0.263
2.052	-7.919E-2	-1.544E-2	8.068E-2	-2.145E-2	2.641E-2	3.403E-2	-0.620	0.339	0.707
2.069	-7.955E-2	-1.487E-2	8.093E-2	-3.856E-2	3.600E-2	5.275E-2	-0.474	0.512	0.697
2.085	-8.047E-2	-1.424E-2	8.172E-2	-4.352E-2	4.212E-2	6.057E-2	0.359	0.558	0.664
2.102	-8.101E-2	-1.346E-2	8.212E-2	-2.232E-2	5.459E-2	5.897E-2	0.763	0.575	0.956
2.119	-8.122E-2	-1.242E-2	8.216E-2	-1.639E-2	6.285E-2	6.495E-2	4.209E-2	0.230	0.234
2.135	-8.155E-2	-1.136E-2	8.234E-2	-2.297E-2	6.150E-2	6.565E-2	-0.403	0.167	0.436
2.152	-8.198E-2	-1.037E-2	8.264E-2	-2.956E-2	6.687E-2	7.311E-2	-0.414	-0.167	0.447
2.169	-8.254E-2	-9.133E-3	8.304E-2	-3.695E-2	6.018E-2	7.062E-2	-0.550	8.676E-2	0.556
2.186	-8.322E-2	-8.359E-3	8.363E-2	-4.742E-2	6.251E-2	7.846E-2	0.493	0.179	0.525
2.202	-8.412E-2	-7.048E-3	8.442E-2	-2.598E-2	7.348E-2	7.794E-2	0.476	-3.053E-2	0.477
2.219	-8.408E-2	-5.908E-3	8.429E-2	-1.938E-2	5.904E-2	6.214E-2	-4.577E-2	-0.630	0.631
2.236	-8.477E-2	-5.078E-3	8.492E-2	-3.815E-2	5.045E-2	6.325E-2	-0.562	-4.810E-2	0.564
2.252	-8.536E-2	-4.224E-3	8.546E-2	-3.435E-2	5.799E-2	6.740E-2	-0.111	0.380	0.395
2.269	-8.591E-2	-3.143E-3	8.597E-2	-4.092E-2	6.495E-2	7.677E-2	-0.204	8.284E-2	0.221
2.286	-8.672E-2	-2.057E-3	8.675E-2	-4.406E-2	6.047E-2	7.482E-2	7.823E-2	-0.149	0.169
2.302	-8.738E-2	-1.125E-3	8.739E-2	-3.647E-2	5.829E-2	6.875E-2	0.281	-7.844E-2	0.292
2.319	-8.794E-2	-1.122E-4	8.794E-2	-3.423E-2	5.939E-2	6.855E-2	0.344	-5.442E-2	0.348
2.336	-8.853E-2	8.567E-4	8.853E-2	-2.693E-2	5.604E-2	6.217E-2	0.383	-0.170	0.419
2.352	-8.884E-2	1.758E-3	8.885E-2	-1.889E-2	5.341E-2	5.665E-2	0.135	-7.133E-2	0.152
2.369	-8.916E-2	2.639E-3	8.920E-2	-2.314E-2	5.366E-2	5.843E-2	-0.487	-7.910E-2	0.494
2.386	-8.961E-2	3.548E-3	8.968E-2	-3.510E-2	5.152E-2	6.234E-2	-0.326	0.106	0.343
2.402	-9.033E-2	4.358E-3	9.043E-2	-3.666E-2	5.527E-2	6.632E-2	-0.237	0.121	0.266
2.419	-9.083E-2	5.392E-3	9.099E-2	-3.879E-2	5.843E-2	7.013E-2	0.433	0.105	0.446
2.436	-9.162E-2	6.308E-3	9.184E-2	-2.829E-2	5.656E-2	6.324E-2	0.376	-0.281	0.470
2.452	-9.178E-2	7.279E-3	9.206E-2	-1.828E-2	5.106E-2	5.424E-2	9.444E-2	-0.395	0.406
2.469	-9.223E-2	8.011E-3	9.258E-2	-3.006E-2	4.144E-2	5.119E-2	-0.623	-0.164	0.644
2.486	-9.278E-2	8.662E-3	9.318E-2	-3.783E-2	4.506E-2	5.883E-2	0.176	-0.130	0.219
2.502	-9.349E-2	9.515E-3	9.398E-2	-2.744E-2	4.068E-2	4.907E-2	0.125	-5.773E-2	0.137
2.519	-9.369E-2	1.002E-2	9.423E-2	-2.648E-2	3.815E-2	4.644E-2	-0.399	-0.247	0.469
2.536	-9.438E-2	1.079E-2	9.499E-2	-4.632E-2	3.743E-2	5.955E-2	-0.110	-0.214	0.241
2.553	-9.524E-2	1.127E-2	9.590E-2	-3.237E-2	2.759E-2	4.253E-2	0.473	-0.350	0.589
2.569	-9.546E-2	1.171E-2	9.617E-2	-2.283E-2	2.662E-2	3.507E-2	-0.456	-0.191	0.494
2.586	-9.600E-2	1.216E-2	9.677E-2	-5.057E-2	2.214E-2	5.520E-2	-0.319	-0.165	0.359
2.603	-9.714E-2	1.245E-2	9.794E-2	-4.113E-2	1.944E-2	4.549E-2	0.992	-0.118	0.999
2.619	-9.737E-2	1.281E-2	9.821E-2	-7.928E-3	1.969E-2	2.123E-2	0.860	-2.849E-2	0.861
2.636	-9.741E-2	1.310E-2	9.829E-2	-1.310E-2	1.773E-2	2.204E-2	-0.443	-7.299E-2	0.449
2.653	-9.781E-2	1.340E-2	9.872E-2	-2.634E-2	1.746E-2	3.160E-2	-0.567	-1.936E-2	0.568
2.669	-9.829E-2	1.369E-2	9.924E-2	-3.080E-2	1.713E-2	3.524E-2	-0.340	-0.190	0.389
2.686	-9.884E-2	1.397E-2	9.982E-2	-3.737E-2	1.179E-2	3.918E-2	-0.239	-0.216	0.322
2.703	-9.954E-2	1.408E-2	0.101	-3.997E-2	8.285E-3	4.082E-2	-0.248	-0.207	0.323
2.719	-0.100	1.424E-2	0.101	-4.371E-2	6.519E-3	4.420E-2	-0.140	-0.138	0.197
2.736	-0.101	1.430E-2	0.102	-4.682E-2	2.586E-3	4.689E-2	0.244	-0.210	0.322
2.753	-0.102	1.433E-2	0.103	-3.537E-2	8.909E-5	3.537E-2	0.516	-1.488E-2	0.516
2.769	-0.102	1.430E-2	0.103	-2.724E-2	1.207E-3	2.726E-2	0.278	-2.543E-2	0.279
2.786	-0.103	1.437E-2	0.104	-2.770E-2	8.500E-4	2.771E-2	-0.222	-0.135	0.260
2.803	-0.103	1.433E-2	0.104	-3.350E-2	-4.411E-3	3.379E-2	-0.517	-9.056E-2	0.525
2.819	-0.104	1.422E-2	0.105	-4.591E-2	-2.742E-3	4.599E-2	-0.273	9.469E-2	0.289
2.836	-0.105	1.424E-2	0.106	-4.454E-2	1.366E-4	4.454E-2	0.341	-7.489E-2	0.349
2.853	-0.105	1.423E-2	0.106	-3.219E-2	-5.272E-3	3.262E-2	0.150	-0.117	0.190
2.870	-0.106	1.406E-2	0.107	-3.774E-2	-5.631E-3	3.816E-2	0.570	7.477E-2	0.575
2.886	-0.107	1.404E-2	0.107	-2.074E-2	-9.074E-4	2.076E-2	0.440	-7.028E-2	0.445
2.903	-0.106	1.403E-2	0.107	-1.122E-2	-7.503E-3	1.349E-2	0.222	-0.132	0.258
2.920	-0.107	1.379E-2	0.108	-2.319E-2	-8.226E-3	2.460E-2	-0.848	-0.179	0.866
2.936	-0.107	1.376E-2	0.108	-3.303E-2	-9.607E-3	3.440E-2	-0.363	-0.318	0.483
2.953	-0.108	1.347E-2	0.109	-4.164E-2	-2.132E-2	4.678E-2	-0.265	-9.536E-2	0.282
2.970	-0.109	1.305E-2	0.109	-3.723E-2	-1.444E-2	3.993E-2	0.780	0.516	0.935
2.986	-0.109	1.299E-2	0.110	-2.022E-2	-7.649E-4	2.023E-2	0.823	0.596	1.016
3.003	-0.109	1.302E-2	0.110	-3.356E-3	4.306E-3	5.459E-3	0.554	0.261	0.613
3.020	-0.109	1.313E-2	0.110	-5.460E-3	8.053E-3	9.730E-3	-0.652	-7.332E-2	0.656
3.036	-0.109	1.329E-2	0.110	-2.201E-2	2.853E-3	2.220E-2	-0.502	9.292E-3	0.502
3.053	-0.110	1.323E-2	0.111	-2.876E-2	5.036E-3	2.920E-2	-0.327	-0.278	0.429
3.070	-0.110	1.346E-2	0.111	-2.630E-2	-8.911E-4	2.631E-2	0.131	-0.304	0.331
3.086	-0.111	1.320E-2	0.112	-2.899E-2	-1.119E-2	3.107E-2	0.182	-0.440	0.476
3.103	-0.111	1.308E-2	0.112	-1.829E-2	-1.154E-2	2.163E-2	0.502	0.193	0.538
3.120	-0.112	1.281E-2	0.112	-1.168E-2	-7.912E-3	1.411E-2	6.175E-2	0.323	0.329
3.136	-0.112	1.282E-2	0.112	-1.584E-2	2.081E-3	1.598E-2	-0.454	0.406	0.609
3.153	-0.112	1.288E-2	0.113	-2.765E-2	4.765E-3	2.806E-2	-0.402	0.143	0.427
3.170	-0.113	1.298E-2	0.113	-3.076E-2	6.789E-3	3.151E-2	-0.327	-4.755E-2	0.331
3.187	-0.113	1.311E-2	0.114	-3.559E-2	3.861E-3	3.580E-2	2.604E-2	-0.122	0.124
3.203	-0.114	1.311E-2	0.115	-3.404E-2	1.293E-3	3.406E-2	0.112	-6.575E-2	0.130
3.220	-0.114	1.315E-2	0.115	-2.750E-2	2.605E-3	2.762E-2	0.354	-6.750E-2	0.360
3.237	-0.115	1.319E-2	0.116	-2.525E-2	-6.852E-4	2.526E-2	0.397	8.588E-3	0.397
3.253	-0.115	1.313E-2	0.116	-1.325E-2	1.219E-3	1.331E-2	-0.504	-4.317E-2	0.506
3.270	-0.115	1.323E-2	0.116	-3.664E-2	6.441E-4	3.665E-2	-1.338	-0.209	1.354
3.287	-0.116	1.315E-2	0.117	-6.734E-2	-7.774E-3	6.779E-2	-5.174E-2	-9.474E-2	0.108
3.303	-0.117	1.298E-2	0.118	-3.847E-2	-3.454E-3	3.862E-2	1.311	0.273	1.339
3.320	-0.118	1.303E-2	0.118	-1.431E-2	3.680E-3	1.477E-2	0.265	5.845E-2	0.271
3.337	-0.118	1.310E-2	0.119	-3.341E-2	-1.673E-3	3.345E-2	-0.933	-0.217	0.957
3.353	-0.119	1.298E-2	0.119	-4.841E-2	-5.406E-3	4.871E-2	-5.160E-2	8.878E-3	5.236E-2
3.370	-0.120	1.292E-2	0.120	-3.554E-2	-5.288E-4	3.554E-2	0.849	0.188	0.870
3.387	-0.120	1.296E-2	0.121	-1.656E-2	1.633E-3	1.664E-2	-1.652E-2	-1.286E-2	2.094E-2
3.403	-0.120	1.297E-2	0.121	-3.360E-2	-1.377E-3	3.362E-2	-0.390	-0.133	0.412
3.420	-0.121	1.292E-2	0.122	-3.890E-2	-3.282E-3	3.904E-2	-4.032E-2	-8.504E-2	9.411E-2
3.437	-0.121	1.286E-2	0.122	-2.648E-2	-3.780E-3	2.675E-2	0.354	-5.565E-2	0.359
3.453	-0.122	1.279E-2	0.123	-3.063E-2	-5.236E-3	3.108E-2	3.238E-2	8.851E-2	9.425E-2
3.470	-0.122	1.269E-2	0.123	-2.553E-2	-1.595E-3	2.558E-2	-0.290	0.135	0.320
3.487	-0.123	1.274E-2	0.123	-3.655E-2	9.312E-4	3.657E-2	-8.519E-2	0.186	0.205
3.503	-0.124	1.272E-2	0.124	-3.608E-2	2.886E-3	3.619E-2	-4.131E-2	-8.963E-2	9.870E-2
3.520	-0.124	1.283E-2	0.125	-2.946E-2	2.480E-4	2.946E-2	-0.195	-0.123	0.230
3.537	-0.125	1.273E-2	0.125	-4.675E-2	-3.951E-3	4.692E-2	-7.209E-2	3.787E-2	8.143E-2
3.554	-0.126	1.270E-2	0.126	-3.522E-2	2.507E-3	3.531E-2	-2.932E-2	8.334E-2	8.835E-2
3.570	-0.126	1.281E-2	0.126	-3.819E-2	5.581E-4	3.819E-2	-5.653E-2	-0.116	0.129
3.587	-0.127	1.272E-2	0.127	-4.777E-2	-3.931E-3	4.793E-2	-0.631	-8.242E-2	0.636
3.604	-0.127	1.268E-2	0.128	-5.049E-2	-1.043E-3	5.050E-2	3.875E-2	0.124	0.129
3.620	-0.128	1.268E-2	0.129	-5.411E-2	3.141E-4	5.411E-2	-0.326	7.426E-2	0.335
3.637	-0.129	1.269E-2	0.130	-5.436E-2	1.165E-3	5.437E-2	-0.439	-0.120	0.455
3.654	-0.130	1.272E-2	0.131	-7.271E-2	-2.799E-3	7.276E-2	-4.748E-2	-0.510	0.512
3.670	-0.132	1.260E-2	0.132	-5.914E-2	-1.608E-2	6.128E-2	0.400	-0.328	0.518
3.687	-0.132	1.219E-2	0.133	-5.084E-2	-1.665E-2	5.350E-2	0.281	-4.900E-2	0.285
3.704	-0.133	1.204E-2	0.134	-5.697E-2	-1.352E-2	5.855E-2	-0.104	0.301	0.319
3.720	-0.134	1.174E-2	0.135	-5.090E-2	-1.028E-2	5.192E-2	-0.188	-0.246	0.309
3.737	-0.135	1.170E-2	0.136	-6.239E-2	-1.665E-2	6.457E-2	-0.337	-0.219	0.401
3.754	-0.136	1.118E-2	0.137	-6.654E-2	-2.389E-2	7.070E-2	0.223	2.141E-2	0.224
3.770	-0.137	1.090E-2	0.138	-5.215E-2	-1.241E-2	5.360E-2	1.366E-2	0.379	0.379
3.787	-0.138	1.077E-2	0.138	-6.268E-2	-1.070E-2	6.359E-2	7.003E-2	-0.292	0.300
3.804	-0.139	1.054E-2	0.140	-5.883E-2	-2.221E-2	6.288E-2	0.360	-0.264	0.446
3.820	-0.140	1.002E-2	0.140	-4.152E-2	-2.288E-2	4.741E-2	-0.160	1.771E-2	0.161
3.837	-0.141	9.781E-3	0.141	-6.549E-2	-1.754E-2	6.780E-2	-0.204	-9.392E-3	0.204
3.854	-0.142	9.439E-3	0.142	-5.745E-2	-2.464E-2	6.251E-2	-0.109	-0.133	0.172
3.871	-0.143	8.959E-3	0.143	-5.467E-2	-2.348E-2	5.950E-2	0.514	-0.162	0.539
3.887	-0.144	8.656E-3	0.144	-5.504E-2	-2.672E-2	6.118E-2	-0.504	-0.280	0.576
3.904	-0.144	8.068E-3	0.145	-5.696E-2	-3.590E-2	6.733E-2	0.264	-0.219	0.343
3.921	-0.146	7.458E-3	0.146	-6.071E-2	-3.344E-2	6.931E-2	-0.133	0.355	0.379
3.937	-0.146	6.952E-3	0.147	-4.933E-2	-2.398E-2	5.485E-2	0.538	0.168	0.564
3.954	-0.148	6.658E-3	0.148	-5.082E-2	-2.538E-2	5.680E-2	0.287	0.150	0.324
3.971	-0.148	6.106E-3	0.148	-3.588E-2	-2.347E-2	4.287E-2	-6.265E-2	-6.853E-2	9.285E-2
3.987	-0.149	5.875E-3	0.149	-5.025E-2	-2.256E-2	5.508E-2	-0.418	-0.207	0.466
4.004	-0.150	5.353E-3	0.150	-5.767E-2	-3.387E-2	6.687E-2	-4.955E-2	-0.313	0.316
4.021	-0.151	4.745E-3	0.151	-4.582E-2	-3.298E-2	5.645E-2	0.135	-2.355E-2	0.137
4.037	-0.151	4.252E-3	0.151	-5.367E-2	-3.282E-2	6.291E-2	-0.244	-3.146E-2	0.246
4.054	-0.152	3.650E-3	0.152	-5.690E-2	-3.555E-2	6.709E-2	0.271	2.758E-2	0.272
4.071	-0.153	3.066E-3	0.153	-4.341E-2	-3.172E-2	5.376E-2	0.587	-0.338	0.678
4.087	-0.154	2.591E-3	0.154	-3.537E-2	-4.380E-2	5.630E-2	-0.255	-0.182	0.313
4.104	-0.154	1.605E-3	0.154	-5.121E-2	-4.471E-2	6.798E-2	-0.496	9.548E-2	0.505
4.121	-0.156	1.100E-3	0.156	-5.741E-2	-3.380E-2	6.662E-2	0.152	0.303	0.339
4.137	-0.156	4.769E-4	0.156	-4.232E-2	-3.762E-2	5.662E-2	0.974	-0.273	1.012
4.154	-0.157	-1.557E-4	0.157	-2.588E-2	-4.193E-2	4.928E-2	0.336	6.220E-2	0.341
4.171	-0.157	-9.222E-4	0.157	-2.740E-2	-3.781E-2	4.669E-2	-0.227	2.840E-2	0.229
4.188	-0.158	-1.417E-3	0.158	-3.839E-2	-3.703E-2	5.334E-2	-0.658	-0.228	0.696
4.204	-0.159	-2.158E-3	0.159	-4.621E-2	-4.815E-2	6.673E-2	0.601	-0.406	0.726
4.221	-0.159	-3.024E-3	0.159	-2.514E-2	-5.077E-2	5.665E-2	0.359	1.911E-2	0.359
4.238	-0.159	-3.852E-3	0.159	-2.090E-2	-4.702E-2	5.146E-2	-0.532	0.117	0.545
4.254	-0.160	-4.593E-3	0.160	-5.339E-2	-4.604E-2	7.050E-2	-0.513	0.179	0.543
4.271	-0.161	-5.388E-3	0.161	-3.940E-2	-4.261E-2	5.804E-2	0.120	7.615E-3	0.120
4.288	-0.161	-6.015E-3	0.162	-3.936E-2	-4.329E-2	5.851E-2	0.154	2.369E-2	0.155
4.304	-0.162	-6.832E-3	0.163	-4.542E-2	-4.479E-2	6.379E-2	-0.691	6.037E-2	0.694
4.321	-0.163	-7.509E-3	0.163	-5.206E-2	-3.941E-2	6.530E-2	0.326	4.389E-2	0.329
4.338	-0.164	-8.147E-3	0.164	-4.669E-2	-4.293E-2	6.343E-2	0.467	1.176E-4	0.467
4.354	-0.165	-8.941E-3	0.165	-2.496E-2	-4.174E-2	4.863E-2	0.349	-6.301E-2	0.354
4.371	-0.165	-9.540E-3	0.165	-3.912E-2	-4.184E-2	5.728E-2	-0.724	-4.848E-3	0.724
4.388	-0.166	-1.034E-2	0.166	-5.057E-2	-4.486E-2	6.760E-2	-0.113	-0.108	0.157
4.404	-0.167	-1.104E-2	0.167	-4.368E-2	-4.354E-2	6.167E-2	-0.241	-0.117	0.268
4.421	-0.167	-1.179E-2	0.168	-5.289E-2	-4.910E-2	7.217E-2	0.230	-1.315E-2	0.231
4.438	-0.168	-1.268E-2	0.169	-4.627E-2	-4.589E-2	6.517E-2	0.283	0.424	0.510
4.454	-0.169	-1.332E-2	0.169	-3.201E-2	-3.314E-2	4.607E-2	0.290	0.123	0.315
4.471	-0.170	-1.378E-2	0.170	-4.330E-2	-3.951E-2	5.861E-2	-0.436	-0.448	0.625
4.488	-0.170	-1.464E-2	0.171	-4.489E-2	-5.222E-2	6.886E-2	-0.261	-0.155	0.304
4.505	-0.171	-1.552E-2	0.172	-5.157E-2	-4.440E-2	6.805E-2	-8.572E-2	0.227	0.243
4.521	-0.172	-1.612E-2	0.173	-5.008E-2	-4.132E-2	6.492E-2	-0.170	0.139	0.220
4.538	-0.173	-1.690E-2	0.174	-5.310E-2	-4.307E-2	6.838E-2	0.276	-0.312	0.417
4.555	-0.174	-1.756E-2	0.175	-4.696E-2	-4.857E-2	6.755E-2	0.455	-7.511E-2	0.461
4.571	-0.174	-1.852E-2	0.175	-3.181E-2	-4.987E-2	5.915E-2	-0.190	0.202	0.278
4.588	-0.175	-1.922E-2	0.176	-5.297E-2	-3.871E-2	6.560E-2	-0.436	0.508	0.669
4.605	-0.176	-1.981E-2	0.177	-5.467E-2	-3.341E-2	6.407E-2	-1.664E-2	0.792	0.792
4.621	-0.177	-2.034E-2	0.178	-4.417E-2	-1.458E-2	4.652E-2	-0.371	1.305	1.356
4.638	-0.178	-2.030E-2	0.179	-6.954E-2	1.307E-2	7.075E-2	-0.687	1.093	1.291
4.655	-0.179	-1.990E-2	0.180	-7.289E-2	2.277E-2	7.637E-2	0.304	0.394	0.498
4.671	-0.180	-1.954E-2	0.181	-5.368E-2	2.400E-2	5.880E-2	0.697	0.532	0.877
4.688	-0.181	-1.910E-2	0.182	-4.990E-2	3.949E-2	6.363E-2	0.109	0.681	0.690
4.705	-0.182	-1.822E-2	0.183	-5.123E-2	5.042E-2	7.188E-2	0.261	0.624	0.676
4.721	-0.182	-1.742E-2	0.183	-4.219E-2	5.661E-2	7.060E-2	0.166	0.341	0.379
4.738	-0.183	-1.633E-2	0.184	-4.196E-2	6.455E-2	7.698E-2	0.368	0.308	0.479
4.755	-0.184	-1.526E-2	0.185	-3.578E-2	6.539E-2	7.454E-2	-2.955E-2	0.182	0.185
4.771	-0.184	-1.415E-2	0.185	-3.541E-2	7.050E-2	7.890E-2	-0.203	0.293	0.356
4.788	-0.185	-1.291E-2	0.186	-4.894E-2	7.586E-2	9.027E-2	-0.130	0.151	0.199
4.805	-0.186	-1.162E-2	0.186	-3.873E-2	7.565E-2	8.499E-2	-4.634E-2	-0.296	0.299
4.821	-0.186	-1.039E-2	0.187	-4.565E-2	6.636E-2	8.055E-2	-0.415	-0.295	0.509
4.838	-0.187	-9.407E-3	0.188	-5.896E-2	6.326E-2	8.648E-2	-0.448	-0.142	0.470
4.855	-0.188	-8.277E-3	0.189	-5.730E-2	6.445E-2	8.624E-2	0.272	-6.768E-2	0.281
4.872	-0.189	-7.257E-3	0.189	-5.163E-2	5.964E-2	7.888E-2	0.521	-0.221	0.566
4.888	-0.190	-6.287E-3	0.190	-3.865E-2	5.722E-2	6.905E-2	4.832E-2	8.369E-2	9.664E-2
4.905	-0.191	-5.347E-3	0.191	-4.717E-2	6.164E-2	7.762E-2	-0.713	0.141	0.727
4.922	-0.192	-4.230E-3	0.192	-6.678E-2	6.400E-2	9.250E-2	-0.338	-3.110E-2	0.340
4.938	-0.193	-3.212E-3	0.193	-5.955E-2	5.926E-2	8.401E-2	0.333	-0.344	0.479
4.955	-0.194	-2.253E-3	0.194	-5.093E-2	5.305E-2	7.354E-2	0.290	-0.184	0.344
4.972	-0.195	-1.442E-3	0.195	-5.290E-2	5.167E-2	7.394E-2	-0.367	2.341E-3	0.367
4.988	-0.195	-5.291E-4	0.195	-6.080E-2	5.463E-2	8.174E-2	-3.237E-3	-5.703E-2	5.712E-2
5.005	-0.197	3.811E-4	0.197	-5.777E-2	4.997E-2	7.638E-2	0.481	-6.758E-2	0.486
5.022	-0.197	1.138E-3	0.197	-4.046E-2	5.036E-2	6.460E-2	0.868	0.195	0.889
5.038	-0.198	2.061E-3	0.198	-3.008E-2	5.815E-2	6.547E-2	0.428	0.261	0.501
5.055	-0.198	3.078E-3	0.198	-2.512E-2	5.937E-2	6.447E-2	-0.264	-0.158	0.308
5.072	-0.199	4.042E-3	0.199	-3.815E-2	5.275E-2	6.510E-2	-0.580	-0.673	0.889
5.088	-0.200	4.838E-3	0.200	-4.823E-2	3.718E-2	6.090E-2	-0.420	-0.497	0.651
5.105	-0.200	5.283E-3	0.200	-4.930E-2	3.299E-2	5.932E-2	0.352	0.325	0.479
5.122	-0.201	5.939E-3	0.201	-3.962E-2	4.982E-2	6.366E-2	0.147	0.309	0.342
5.138	-0.202	6.945E-3	0.202	-3.852E-2	4.727E-2	6.098E-2	8.416E-2	-0.288	0.301
5.155	-0.203	7.516E-3	0.203	-4.311E-2	3.487E-2	5.544E-2	-0.147	-0.749	0.763
5.172	-0.203	8.109E-3	0.203	-3.918E-2	2.575E-2	4.688E-2	0.408	-0.286	0.498
5.189	-0.204	8.375E-3	0.204	-3.287E-2	2.164E-2	3.935E-2	0.139	-0.210	0.252
5.205	-0.204	8.831E-3	0.204	-3.028E-2	2.245E-2	3.769E-2	-0.266	-0.266	0.376
5.222	-0.205	9.124E-3	0.205	-4.416E-2	1.146E-2	4.563E-2	-0.587	-0.322	0.670
5.239	-0.206	9.213E-3	0.206	-5.082E-2	9.973E-3	5.179E-2	0.205	-0.192	0.281
5.255	-0.207	9.457E-3	0.207	-3.810E-2	8.178E-3	3.896E-2	1.118	0.170	1.130
5.272	-0.207	9.486E-3	0.207	-1.190E-2	1.173E-2	1.671E-2	0.885	0.191	0.905
5.289	-0.207	9.849E-3	0.207	-5.458E-3	1.873E-2	1.951E-2	-0.375	2.432E-3	0.375
5.305	-0.207	1.011E-2	0.207	-2.644E-2	1.031E-2	2.838E-2	-0.746	-0.352	0.825
5.322	-0.208	1.019E-2	0.208	-3.415E-2	5.725E-3	3.463E-2	-0.466	-0.156	0.492
5.339	-0.208	1.030E-2	0.209	-3.700E-2	6.180E-3	3.751E-2	0.133	-8.411E-2	0.157
5.355	-0.209	1.040E-2	0.209	-3.474E-2	3.068E-3	3.487E-2	0.180	-0.264	0.320
5.372	-0.209	1.040E-2	0.210	-2.614E-2	-2.897E-3	2.630E-2	0.300	-9.803E-2	0.316
5.389	-0.210	1.030E-2	0.210	-2.728E-2	-1.422E-3	2.732E-2	0.105	-0.242	0.263
5.405	-0.210	1.036E-2	0.211	-2.235E-2	-7.583E-3	2.360E-2	7.839E-3	-0.140	0.141
5.422	-0.211	1.005E-2	0.211	-2.532E-2	-1.097E-2	2.759E-2	0.321	-7.936E-3	0.321
5.439	-0.211	9.991E-3	0.211	-1.619E-2	-4.061E-3	1.669E-2	-0.282	-2.618E-2	0.283
5.455	-0.211	9.914E-3	0.211	-2.578E-2	-1.203E-2	2.845E-2	-0.362	-0.471	0.594
5.472	-0.212	9.590E-3	0.212	-3.935E-2	-2.150E-2	4.484E-2	-9.351E-2	-0.152	0.179
5.489	-0.213	9.196E-3	0.213	-2.272E-2	-1.752E-2	2.869E-2	4.683E-2	-3.633E-2	5.927E-2
5.505	-0.213	9.005E-3	0.213	-3.545E-2	-1.952E-2	4.047E-2	2.677E-2	4.543E-2	5.273E-2
5.522	-0.214	8.545E-3	0.214	-3.083E-2	-2.023E-2	3.687E-2	0.488	-2.521E-2	0.489
5.539	-0.214	8.330E-3	0.214	-9.995E-3	-1.658E-2	1.936E-2	-1.069E-2	6.220E-2	6.311E-2
5.556	-0.214	7.992E-3	0.214	-3.193E-2	-2.027E-2	3.782E-2	-0.181	-0.378	0.419
5.572	-0.215	7.654E-3	0.215	-2.545E-2	-2.759E-2	3.754E-2	0.336	0.146	0.367
5.589	-0.215	7.071E-3	0.215	-8.703E-3	-1.967E-2	2.151E-2	0.322	-8.456E-4	0.322
5.606	-0.215	6.997E-3	0.215	-2.108E-2	-1.998E-2	2.905E-2	-0.302	3.196E-2	0.304
5.622	-0.216	6.404E-3	0.216	-1.868E-2	-2.653E-2	3.244E-2	-0.595	-0.337	0.684
5.639	-0.216	6.112E-3	0.216	-3.610E-2	-2.531E-2	4.408E-2	4.297E-2	5.281E-2	6.809E-2
5.656	-0.217	5.560E-3	0.217	-2.849E-2	-2.889E-2	4.058E-2	0.226	-1.164E-2	0.226
5.672	-0.217	5.148E-3	0.217	-1.463E-2	-2.353E-2	2.771E-2	0.437	-0.171	0.470
5.689	-0.217	4.775E-3	0.217	-2.365E-2	-3.331E-2	4.085E-2	-0.562	-0.276	0.626
5.706	-0.218	4.037E-3	0.218	-2.760E-2	-3.706E-2	4.620E-2	-0.180	-0.288	0.339
5.722	-0.218	3.538E-3	0.218	-3.431E-2	-3.813E-2	5.129E-2	0.221	3.287E-2	0.224
5.739	-0.219	2.765E-3	0.219	-1.910E-2	-4.022E-2	4.452E-2	6.697E-2	-5.912E-2	8.933E-2
5.756	-0.219	2.196E-3	0.219	-2.679E-2	-3.678E-2	4.550E-2	-0.380	0.112	0.396
5.772	-0.220	1.538E-3	0.220	-3.959E-2	-3.830E-2	5.508E-2	9.264E-2	-6.733E-2	0.115
5.789	-0.220	9.185E-4	0.220	-2.108E-2	-3.815E-2	4.358E-2	0.329	0.198	0.384
5.806	-0.220	2.647E-4	0.220	-2.373E-2	-3.305E-2	4.069E-2	0.181	0.125	0.219
5.822	-0.221	-1.844E-4	0.221	-2.338E-2	-3.144E-2	3.918E-2	-0.194	-0.258	0.323
5.839	-0.221	-7.843E-4	0.221	-2.165E-2	-4.283E-2	4.800E-2	-0.197	-0.335	0.388
5.856	-0.222	-1.614E-3	0.222	-3.601E-2	-4.465E-2	5.737E-2	-0.863	-0.160	0.878
5.873	-0.222	-2.274E-3	0.222	-4.713E-2	-4.499E-2	6.516E-2	0.147	0.173	0.227
5.889	-0.223	-3.115E-3	0.223	-3.700E-2	-4.230E-2	5.620E-2	0.492	0.387	0.626
5.906	-0.224	-3.686E-3	0.224	-2.242E-2	-2.965E-2	3.718E-2	0.171	0.125	0.212
5.923	-0.224	-4.104E-3	0.224	-3.505E-2	-3.637E-2	5.051E-2	-1.677E-2	-0.310	0.311
5.939	-0.225	-4.900E-3	0.225	-2.617E-2	-4.436E-2	5.151E-2	-0.123	-0.154	0.197
5.956	-0.225	-5.584E-3	0.225	-3.096E-2	-3.922E-2	4.996E-2	-0.200	1.333E-2	0.200
5.973	-0.226	-6.208E-3	0.226	-4.209E-2	-4.306E-2	6.021E-2	6.216E-2	3.233E-2	7.007E-2
5.989	-0.226	-7.021E-3	0.226	-2.462E-2	-4.111E-2	4.792E-2	0.269	0.179	0.323
6.006	-0.227	-7.580E-3	0.227	-3.003E-2	-3.402E-2	4.538E-2	-0.547	1.401E-2	0.547
6.023	-0.227	-8.156E-3	0.227	-4.751E-2	-4.097E-2	6.273E-2	-0.206	0.106	0.231
6.039	-0.228	-8.947E-3	0.228	-3.785E-2	-3.413E-2	5.097E-2	0.515	0.241	0.569
6.056	-0.229	-9.295E-3	0.229	-2.582E-2	-2.732E-2	3.759E-2	-0.138	0.311	0.340
6.073	-0.229	-9.858E-3	0.229	-4.249E-2	-2.826E-2	5.103E-2	-0.513	0.456	0.686
6.089	-0.230	-1.024E-2	0.230	-4.851E-2	-1.127E-2	4.980E-2	-0.101	0.790	0.796
6.106	-0.231	-1.023E-2	0.231	-4.073E-2	5.497E-4	4.073E-2	3.142E-2	0.309	0.311
6.123	-0.231	-1.022E-2	0.232	-4.840E-2	-2.084E-3	4.845E-2	-9.808E-2	-6.026E-2	0.115
6.139	-0.232	-1.030E-2	0.232	-4.662E-2	-2.681E-3	4.670E-2	0.116	0.201	0.232
6.156	-0.233	-1.031E-2	0.233	-4.110E-2	4.964E-3	4.140E-2	-7.457E-2	0.279	0.289
6.173	-0.234	-1.014E-2	0.234	-4.996E-2	8.109E-3	5.061E-2	-0.519	-2.684E-2	0.519
6.190	-0.235	-1.004E-2	0.235	-5.951E-2	3.103E-3	5.959E-2	-0.251	-5.723E-2	0.258
6.206	-0.236	-1.003E-2	0.236	-5.880E-2	5.012E-3	5.901E-2	0.159	7.890E-2	0.177
6.223	-0.236	-9.872E-3	0.237	-5.301E-2	7.786E-3	5.358E-2	0.167	3.521E-2	0.171
6.240	-0.237	-9.775E-3	0.238	-5.289E-2	5.047E-3	5.313E-2	0.506	0.121	0.520
6.256	-0.238	-9.703E-3	0.238	-3.921E-2	1.094E-2	4.070E-2	0.143	0.201	0.247
6.273	-0.239	-9.410E-3	0.239	-4.091E-2	1.425E-2	4.332E-2	-0.123	-5.343E-2	0.134
6.290	-0.240	-9.228E-3	0.240	-5.145E-2	7.713E-3	5.202E-2	-0.146	-0.417	0.442
6.306	-0.240	-9.153E-3	0.241	-4.177E-2	4.688E-4	4.178E-2	6.642E-2	-0.196	0.207
6.323	-0.241	-9.212E-3	0.241	-4.806E-2	-3.704E-5	4.806E-2	-0.369	3.442E-2	0.371
6.340	-0.242	-9.154E-3	0.242	-5.714E-2	3.238E-3	5.723E-2	0.142	9.997E-2	0.174
6.356	-0.243	-9.104E-3	0.243	-4.386E-2	2.755E-3	4.395E-2	8.992E-2	-0.125	0.154
6.373	-0.243	-9.062E-3	0.244	-4.793E-2	-5.143E-4	4.793E-2	-0.211	1.561E-2	0.211
6.390	-0.245	-9.121E-3	0.245	-5.862E-2	1.691E-3	5.865E-2	-0.156	-0.141	0.210
6.406	-0.245	-9.005E-3	0.246	-4.921E-2	-2.000E-3	4.925E-2	0.406	-0.128	0.425
6.423	-0.246	-9.188E-3	0.246	-4.534E-2	-6.501E-3	4.580E-2	-9.885E-2	-0.190	0.214
6.440	-0.247	-9.222E-3	0.247	-5.160E-2	-5.321E-3	5.187E-2	-0.361	-2.894E-2	0.362
6.456	-0.248	-9.365E-3	0.248	-5.951E-2	-8.973E-3	6.018E-2	-0.301	-5.921E-2	0.307
6.473	-0.249	-9.522E-3	0.249	-6.071E-2	-7.249E-3	6.114E-2	0.356	8.489E-3	0.356
6.490	-0.250	-9.607E-3	0.250	-4.939E-2	-7.665E-3	4.999E-2	0.773	-0.352	0.850
6.506	-0.251	-9.777E-3	0.251	-3.220E-2	-1.880E-2	3.729E-2	0.485	-0.264	0.552
6.523	-0.251	-1.023E-2	0.251	-3.258E-2	-1.967E-2	3.806E-2	-0.326	0.121	0.347
6.540	-0.252	-1.043E-2	0.252	-4.456E-2	-1.139E-2	4.599E-2	-0.604	6.228E-2	0.608
6.557	-0.252	-1.061E-2	0.253	-5.336E-2	-1.758E-2	5.618E-2	-0.230	-0.386	0.449
6.573	-0.253	-1.102E-2	0.254	-5.254E-2	-2.604E-2	5.863E-2	-0.106	-0.322	0.339
6.590	-0.254	-1.148E-2	0.254	-5.479E-2	-2.783E-2	6.145E-2	0.269	-8.282E-2	0.281
6.607	-0.255	-1.195E-2	0.256	-4.749E-2	-2.849E-2	5.538E-2	0.351	7.088E-2	0.358
6.623	-0.256	-1.243E-2	0.256	-3.810E-2	-2.606E-2	4.616E-2	-1.650E-2	-9.831E-2	9.968E-2
6.640	-0.256	-1.282E-2	0.257	-4.972E-2	-2.985E-2	5.800E-2	-0.542	-0.452	0.705
6.657	-0.257	-1.343E-2	0.258	-5.797E-2	-4.266E-2	7.197E-2	-4.946E-2	-0.705	0.707
6.673	-0.258	-1.424E-2	0.259	-5.123E-2	-5.342E-2	7.402E-2	0.519	-0.319	0.609
6.690	-0.259	-1.521E-2	0.260	-3.940E-2	-5.434E-2	6.712E-2	0.157	-0.644	0.662
6.707	-0.260	-1.606E-2	0.260	-4.415E-2	-7.028E-2	8.300E-2	-2.932E-3	-0.678	0.678
6.723	-0.261	-1.756E-2	0.261	-4.435E-2	-8.404E-2	9.502E-2	-0.346	-0.182	0.391
6.740	-0.261	-1.886E-2	0.262	-4.949E-2	-7.258E-2	8.785E-2	0.103	0.416	0.429
6.757	-0.262	-1.998E-2	0.263	-4.868E-2	-6.918E-2	8.459E-2	0.110	-4.574E-2	0.119
6.773	-0.263	-2.117E-2	0.264	-3.854E-2	-7.493E-2	8.426E-2	0.314	-0.113	0.334
6.790	-0.264	-2.248E-2	0.265	-4.217E-2	-7.435E-2	8.547E-2	-0.345	0.144	0.374
6.807	-0.264	-2.365E-2	0.265	-4.776E-2	-6.857E-2	8.357E-2	-1.042E-2	0.368	0.368
6.823	-0.265	-2.477E-2	0.266	-4.613E-2	-6.288E-2	7.798E-2	0.101	0.226	0.248
6.840	-0.266	-2.575E-2	0.267	-4.034E-2	-5.986E-2	7.218E-2	0.225	0.366	0.429
6.857	-0.267	-2.677E-2	0.268	-4.112E-2	-5.281E-2	6.693E-2	-0.171	0.123	0.211
6.874	-0.267	-2.751E-2	0.269	-4.415E-2	-5.212E-2	6.831E-2	-0.136	8.479E-2	0.160
6.890	-0.268	-2.850E-2	0.270	-4.778E-2	-5.412E-2	7.219E-2	0.166	0.424	0.455
6.907	-0.269	-2.931E-2	0.270	-3.843E-2	-3.697E-2	5.332E-2	0.123	1.391	1.396
6.924	-0.269	-2.974E-2	0.271	-4.038E-2	-7.732E-3	4.112E-2	-5.210E-2	1.524	1.525
6.940	-0.270	-2.957E-2	0.272	-4.472E-2	1.634E-2	4.761E-2	-0.263	1.312	1.338
6.957	-0.271	-2.919E-2	0.272	-4.545E-2	3.379E-2	5.663E-2	0.793	0.785	1.116
6.974	-0.272	-2.845E-2	0.273	-2.453E-2	4.476E-2	5.104E-2	0.287	0.193	0.345
6.990	-0.272	-2.770E-2	0.273	-2.365E-2	3.939E-2	4.595E-2	-0.340	-0.423	0.543
7.007	-0.272	-2.713E-2	0.274	-4.745E-2	2.974E-2	5.600E-2	-0.464	-0.495	0.678
7.024	-0.273	-2.671E-2	0.274	-3.610E-2	2.276E-2	4.267E-2	0.708	-9.629E-2	0.715
7.040	-0.274	-2.637E-2	0.275	-2.218E-2	2.560E-2	3.387E-2	0.159	0.683	0.701
7.057	-0.274	-2.585E-2	0.275	-2.909E-2	4.544E-2	5.395E-2	-0.331	1.068	1.118
7.074	-0.275	-2.486E-2	0.276	-3.766E-2	6.396E-2	7.422E-2	-0.258	0.771	0.813
7.090	-0.275	-2.372E-2	0.276	-3.508E-2	7.003E-2	7.833E-2	-2.702E-2	6.593E-2	7.125E-2
7.107	-0.276	-2.252E-2	0.277	-3.870E-2	6.684E-2	7.723E-2	9.912E-2	-0.254	0.273
7.124	-0.276	-2.149E-2	0.277	-3.375E-2	6.007E-2	6.890E-2	1.545E-2	-9.746E-2	9.868E-2
7.140	-0.277	-2.051E-2	0.278	-3.422E-2	6.315E-2	7.183E-2	-0.411	0.595	0.723
7.157	-0.278	-1.938E-2	0.278	-5.000E-2	7.981E-2	9.418E-2	-0.153	0.293	0.331
7.174	-0.279	-1.785E-2	0.279	-4.231E-2	7.767E-2	8.844E-2	0.455	-0.390	0.599
7.191	-0.279	-1.679E-2	0.280	-2.925E-2	6.141E-2	6.802E-2	0.179	-0.536	0.565
7.207	-0.280	-1.580E-2	0.280	-3.804E-2	6.090E-2	7.180E-2	-8.322E-2	0.108	0.136
7.224	-0.280	-1.476E-2	0.281	-3.513E-2	6.541E-2	7.424E-2	-4.884E-2	-1.087E-2	5.003E-2
7.241	-0.281	-1.362E-2	0.281	-3.457E-2	6.198E-2	7.096E-2	-6.269E-2	1.859E-2	6.539E-2
7.257	-0.281	-1.269E-2	0.282	-4.158E-2	6.283E-2	7.534E-2	4.703E-2	0.226	0.231
7.274	-0.282	-1.152E-2	0.282	-3.208E-2	7.212E-2	7.893E-2	3.035E-2	0.123	0.127
7.291	-0.283	-1.028E-2	0.283	-3.706E-2	6.753E-2	7.703E-2	-6.874E-2	-0.136	0.152
7.307	-0.283	-9.270E-3	0.283	-4.021E-2	6.475E-2	7.622E-2	-0.243	-0.426	0.490
7.324	-0.284	-8.123E-3	0.284	-3.959E-2	5.711E-2	6.949E-2	0.224	-7.813E-2	0.237
7.341	-0.285	-7.365E-3	0.285	-3.792E-2	5.664E-2	6.816E-2	5.854E-3	0.148	0.148
7.357	-0.285	-6.233E-3	0.285	-3.435E-2	6.702E-2	7.531E-2	0.395	0.240	0.462
7.374	-0.286	-5.128E-3	0.286	-2.967E-2	6.323E-2	6.985E-2	-0.273	-0.421	0.502
7.391	-0.286	-4.123E-3	0.286	-3.669E-2	5.324E-2	6.466E-2	-0.294	-0.270	0.398
7.407	-0.287	-3.352E-3	0.287	-4.738E-2	5.186E-2	7.024E-2	-4.302E-2	-9.251E-2	0.102
7.424	-0.288	-2.393E-3	0.288	-3.416E-2	5.336E-2	6.335E-2	0.688	0.274	0.741
7.441	-0.288	-1.571E-3	0.288	-2.446E-2	5.778E-2	6.275E-2	0.258	-2.966E-3	0.258
7.457	-0.288	-4.647E-4	0.288	-2.459E-2	5.755E-2	6.258E-2	-0.515	-0.185	0.547
7.474	-0.289	3.488E-4	0.289	-4.158E-2	4.800E-2	6.351E-2	-0.463	-0.193	0.502
7.491	-0.290	1.137E-3	0.290	-4.452E-2	5.155E-2	6.811E-2	0.195	4.102E-2	0.199
7.508	-0.290	2.069E-3	0.290	-3.096E-2	5.135E-2	5.996E-2	0.448	-0.230	0.504
7.524	-0.291	2.850E-3	0.291	-2.959E-2	4.258E-2	5.186E-2	-4.865E-2	-0.237	0.242
7.541	-0.291	3.490E-3	0.291	-3.354E-2	4.230E-2	5.398E-2	6.094E-3	8.007E-2	8.030E-2
7.558	-0.292	4.262E-3	0.292	-3.023E-2	4.691E-2	5.581E-2	0.250	-9.311E-2	0.267
7.574	-0.292	5.055E-3	0.293	-2.377E-2	3.990E-2	4.644E-2	0.212	-0.324	0.387
7.591	-0.293	5.593E-3	0.293	-2.328E-2	3.363E-2	4.090E-2	-0.230	-9.157E-2	0.248
7.608	-0.293	6.177E-3	0.293	-3.100E-2	3.791E-2	4.897E-2	-0.144	-7.481E-2	0.162
7.624	-0.294	6.858E-3	0.294	-3.082E-2	3.290E-2	4.508E-2	-0.198	-5.097E-2	0.205
7.641	-0.294	7.275E-3	0.294	-3.335E-2	3.246E-2	4.654E-2	-0.155	-0.337	0.371
7.658	-0.295	7.941E-3	0.295	-4.005E-2	2.679E-2	4.819E-2	-0.154	-0.578	0.599
7.674	-0.296	8.169E-3	0.296	-3.650E-2	8.997E-3	3.759E-2	-0.191	-0.708	0.733
7.691	-0.296	8.241E-3	0.296	-4.522E-2	3.805E-3	4.538E-2	-0.172	-1.729E-2	0.173
7.708	-0.297	8.296E-3	0.297	-4.632E-2	8.215E-3	4.704E-2	0.198	-0.316	0.373
7.724	-0.298	8.515E-3	0.298	-3.520E-2	-2.938E-3	3.533E-2	0.264	-0.255	0.367
7.741	-0.298	8.197E-3	0.298	-3.727E-2	-7.283E-3	3.798E-2	-9.695E-2	-9.422E-2	0.135
7.758	-0.299	8.272E-3	0.299	-4.039E-2	1.972E-4	4.039E-2	-0.271	0.213	0.344
7.774	-0.300	8.204E-3	0.300	-4.437E-2	-3.221E-3	4.449E-2	-4.152E-3	-0.232	0.232
7.791	-0.300	8.165E-3	0.301	-4.330E-2	-6.146E-3	4.374E-2	0.304	6.200E-3	0.304
7.808	-0.301	7.999E-3	0.301	-3.219E-2	-4.939E-3	3.256E-2	0.647	3.008E-2	0.647
7.824	-0.302	8.000E-3	0.302	-2.219E-2	-2.765E-3	2.237E-2	-0.755	-0.195	0.780
7.841	-0.302	7.907E-3	0.302	-5.147E-2	-1.204E-2	5.286E-2	-0.723	-0.640	0.966
7.858	-0.303	7.598E-3	0.303	-6.072E-2	-2.468E-2	6.554E-2	0.518	-0.228	0.565
7.875	-0.304	7.083E-3	0.304	-2.358E-2	-2.178E-2	3.210E-2	0.638	0.108	0.647
7.891	-0.304	6.872E-3	0.304	-3.631E-2	-1.697E-2	4.008E-2	6.353E-2	2.145E-2	6.706E-2
7.908	-0.305	6.517E-3	0.305	-3.388E-2	-2.330E-2	4.112E-2	-0.489	-0.219	0.536
7.925	-0.305	6.094E-3	0.305	-3.721E-2	-2.438E-2	4.449E-2	0.163	-0.249	0.297
7.941	-0.306	5.704E-3	0.306	-4.416E-2	-3.009E-2	5.344E-2	-0.281	-0.236	0.367
7.958	-0.307	5.090E-3	0.307	-3.387E-2	-3.460E-2	4.842E-2	0.566	-0.150	0.586
7.975	-0.307	4.549E-3	0.307	-3.405E-2	-3.340E-2	4.769E-2	0.140	0.595	0.612
7.991	-0.308	3.976E-3	0.308	-2.346E-2	-1.770E-2	2.939E-2	0.127	0.894	0.903
8.008	-0.308	3.958E-3	0.308	-3.139E-2	1.037E-3	3.141E-2	-0.130	0.730	0.741
8.025	-0.309	4.010E-3	0.309	-3.018E-2	4.647E-3	3.054E-2	-0.125	-3.667E-2	0.131
8.041	-0.309	4.114E-3	0.309	-3.152E-2	7.338E-4	3.152E-2	6.412E-2	-1.417E-2	6.567E-2
8.058	-0.310	4.035E-3	0.310	-3.251E-2	1.510E-3	3.254E-2	0.130	-0.232	0.266
8.075	-0.310	4.164E-3	0.310	-2.401E-2	-2.915E-3	2.419E-2	0.176	-8.022E-2	0.193
8.091	-0.311	3.938E-3	0.311	-2.682E-2	-6.157E-3	2.752E-2	-0.483	-0.433	0.649
8.108	-0.311	3.958E-3	0.311	-4.007E-2	-1.186E-2	4.179E-2	5.032E-2	-4.833E-2	6.976E-2
8.125	-0.312	3.542E-3	0.312	-3.002E-2	-1.412E-2	3.318E-2	0.230	4.918E-2	0.235
8.141	-0.312	3.487E-3	0.312	-2.366E-2	-5.001E-3	2.418E-2	7.405E-2	0.622	0.627
8.158	-0.313	3.375E-3	0.313	-3.437E-2	3.183E-3	3.452E-2	-0.444	0.159	0.472
8.175	-0.313	3.593E-3	0.313	-3.547E-2	4.589E-3	3.577E-2	0.310	9.022E-2	0.323
8.192	-0.314	3.528E-3	0.314	-2.703E-2	1.566E-3	2.708E-2	0.109	-0.337	0.354
8.208	-0.314	3.646E-3	0.314	-2.637E-2	-2.513E-3	2.649E-2	0.311	1.232E-2	0.312
8.225	-0.315	3.444E-3	0.315	-2.353E-2	-2.854E-3	2.371E-2	-0.115	-0.125	0.170
8.242	-0.315	3.551E-3	0.315	-2.273E-2	-1.568E-3	2.278E-2	-3.674E-3	0.207	0.207
8.258	-0.316	3.392E-3	0.316	-3.025E-2	-7.741E-4	3.026E-2	-0.337	-0.100	0.351
8.275	-0.316	3.525E-3	0.316	-2.971E-2	-1.368E-4	2.971E-2	-2.614E-3	0.115	0.115
8.292	-0.317	3.387E-3	0.317	-3.290E-2	-1.472E-3	3.293E-2	-7.941E-2	-0.201	0.216
8.308	-0.317	3.476E-3	0.317	-3.105E-2	-2.627E-3	3.116E-2	0.193	0.221	0.293
8.325	-0.318	3.300E-3	0.318	-2.733E-2	1.029E-3	2.735E-2	8.597E-2	-3.588E-2	9.315E-2
8.342	-0.318	3.510E-3	0.318	-2.662E-2	2.107E-3	2.670E-2	7.311E-2	5.341E-2	9.054E-2
8.358	-0.319	3.370E-3	0.319	-2.676E-2	-2.654E-3	2.689E-2	-0.297	-0.273	0.404
8.375	-0.319	3.421E-3	0.319	-3.379E-2	-3.016E-3	3.393E-2	7.161E-2	0.135	0.153
8.392	-0.320	3.269E-3	0.320	-2.968E-2	-1.743E-3	2.973E-2	8.144E-3	0.100	0.100
8.408	-0.320	3.363E-3	0.320	-2.649E-2	3.587E-3	2.673E-2	0.207	7.223E-2	0.219
8.425	-0.321	3.389E-3	0.321	-2.911E-2	-6.483E-4	2.912E-2	-0.235	-8.176E-2	0.249
8.442	-0.321	3.342E-3	0.321	-2.918E-2	9.639E-5	2.918E-2	-5.738E-3	6.311E-2	6.337E-2
8.458	-0.322	3.392E-3	0.322	-3.347E-2	2.671E-3	3.358E-2	0.226	-4.904E-3	0.227
8.475	-0.322	3.431E-3	0.322	-2.052E-2	-2.360E-4	2.052E-2	0.253	-0.177	0.309
8.492	-0.322	3.385E-3	0.322	-2.165E-2	-3.762E-3	2.198E-2	-0.261	1.978E-4	0.261
8.508	-0.323	3.305E-3	0.323	-3.314E-2	-7.292E-4	3.315E-2	-0.538	-1.572E-2	0.538
8.525	-0.323	3.360E-3	0.323	-3.810E-2	-2.206E-3	3.817E-2	0.259	-5.556E-3	0.259
8.542	-0.324	3.232E-3	0.324	-2.731E-2	-3.645E-3	2.756E-2	-8.551E-2	-4.492E-4	8.552E-2
8.559	-0.324	3.239E-3	0.324	-3.347E-2	-1.848E-4	3.348E-2	-0.507	-0.108	0.518
8.575	-0.325	3.225E-3	0.325	-5.231E-2	-7.110E-3	5.279E-2	-0.106	-0.143	0.178
8.592	-0.326	3.001E-3	0.326	-3.579E-2	-7.524E-3	3.657E-2	0.458	0.199	0.499
8.609	-0.326	2.974E-3	0.326	-3.147E-2	1.656E-3	3.152E-2	0.146	-0.119	0.188
8.625	-0.327	3.057E-3	0.327	-3.685E-2	-9.363E-3	3.802E-2	-0.428	-0.727	0.844
8.642	-0.328	2.662E-3	0.328	-4.134E-2	-2.673E-2	4.923E-2	0.136	-0.208	0.249
8.659	-0.328	2.165E-3	0.328	-3.775E-2	-1.697E-2	4.139E-2	-6.062E-3	0.421	0.421
8.675	-0.329	2.095E-3	0.329	-3.485E-2	-8.037E-3	3.576E-2	-0.175	-0.103	0.203
8.692	-0.330	1.897E-3	0.330	-4.808E-2	-2.192E-2	5.284E-2	-0.481	-0.381	0.614
8.709	-0.330	1.364E-3	0.330	-5.028E-2	-2.417E-2	5.579E-2	-0.205	-7.884E-2	0.220
8.725	-0.331	1.090E-3	0.331	-5.379E-2	-2.035E-2	5.751E-2	-2.146E-3	0.256	0.256
8.742	-0.332	6.852E-4	0.332	-5.239E-2	-1.866E-2	5.561E-2	0.182	0.195	0.267
8.759	-0.333	4.677E-4	0.333	-4.575E-2	-1.183E-2	4.725E-2	0.442	7.200E-2	0.448
8.775	-0.334	2.905E-4	0.334	-3.891E-2	-1.595E-2	4.205E-2	-2.172E-2	-0.485	0.486
8.792	-0.334	-6.451E-5	0.334	-4.354E-2	-2.866E-2	5.213E-2	-0.474	-0.244	0.533
8.809	-0.335	-6.659E-4	0.335	-5.791E-2	-2.678E-2	6.380E-2	-0.369	6.220E-2	0.374
8.825	-0.336	-9.581E-4	0.336	-5.634E-2	-2.221E-2	6.057E-2	0.384	0.136	0.407
8.842	-0.337	-1.407E-3	0.337	-4.390E-2	-2.517E-2	5.060E-2	0.428	-9.539E-2	0.438
8.859	-0.338	-1.798E-3	0.338	-4.044E-2	-2.412E-2	4.709E-2	7.031E-2	9.181E-2	0.116
8.876	-0.338	-2.212E-3	0.338	-4.353E-2	-2.284E-2	4.916E-2	5.035E-3	-3.347E-2	3.384E-2
8.892	-0.339	-2.560E-3	0.339	-4.015E-2	-2.411E-2	4.683E-2	-2.255E-2	-0.214	0.216
8.909	-0.340	-3.016E-3	0.340	-4.264E-2	-3.073E-2	5.256E-2	-0.235	-6.896E-2	0.245
8.926	-0.341	-3.585E-3	0.341	-4.981E-2	-2.780E-2	5.705E-2	-8.426E-2	-0.323	0.334
8.942	-0.341	-3.944E-3	0.341	-4.589E-2	-3.702E-2	5.896E-2	6.789E-2	-0.280	0.288
8.959	-0.342	-4.820E-3	0.342	-4.508E-2	-4.372E-2	6.279E-2	-0.163	9.782E-2	0.190
8.976	-0.343	-5.403E-3	0.343	-5.300E-2	-2.976E-2	6.078E-2	-0.165	0.408	0.440
8.992	-0.344	-5.813E-3	0.344	-5.152E-2	-2.924E-2	5.924E-2	3.321E-2	-0.194	0.197
9.009	-0.345	-6.378E-3	0.345	-4.967E-2	-3.775E-2	6.239E-2	0.136	-0.590	0.606
9.026	-0.346	-7.073E-3	0.346	-4.899E-2	-4.841E-2	6.887E-2	0.339	-0.322	0.468
9.042	-0.346	-7.994E-3	0.346	-3.799E-2	-5.054E-2	6.323E-2	0.207	-3.021E-2	0.209
9.059	-0.347	-8.759E-3	0.347	-3.923E-2	-4.696E-2	6.119E-2	-1.121E-2	1.892E-2	2.200E-2
9.076	-0.348	-9.561E-3	0.348	-4.266E-2	-5.053E-2	6.613E-2	-6.894E-2	0.322	0.329
9.092	-0.348	-1.045E-2	0.348	-3.862E-2	-3.881E-2	5.475E-2	0.277	0.130	0.306
9.109	-0.349	-1.086E-2	0.349	-3.519E-2	-3.962E-2	5.299E-2	0.123	-0.260	0.288
9.126	-0.349	-1.177E-2	0.350	-3.269E-2	-5.392E-2	6.306E-2	-0.116	-0.614	0.624
9.142	-0.350	-1.265E-2	0.350	-3.965E-2	-5.717E-2	6.958E-2	-0.133	5.605E-2	0.145
9.159	-0.351	-1.367E-2	0.351	-3.899E-2	-5.427E-2	6.682E-2	6.582E-2	0.482	0.486
9.176	-0.351	-1.447E-2	0.352	-3.499E-2	-3.967E-2	5.290E-2	0.174	0.397	0.433
9.193	-0.352	-1.500E-2	0.352	-3.464E-2	-3.882E-2	5.203E-2	0.112	-0.196	0.226
9.209	-0.352	-1.576E-2	0.353	-3.080E-2	-4.883E-2	5.774E-2	-1.016E-2	-0.306	0.306
9.226	-0.353	-1.663E-2	0.353	-3.393E-2	-4.932E-2	5.986E-2	5.362E-2	-1.735E-2	5.635E-2
9.243	-0.354	-1.741E-2	0.354	-3.181E-2	-4.802E-2	5.760E-2	0.423	0.182	0.461
9.259	-0.354	-1.823E-2	0.354	-1.795E-2	-4.466E-2	4.813E-2	0.330	-2.426E-2	0.331
9.276	-0.354	-1.890E-2	0.355	-1.888E-2	-4.637E-2	5.007E-2	-0.464	-0.163	0.492
9.293	-0.355	-1.978E-2	0.355	-3.527E-2	-5.263E-2	6.336E-2	-0.604	-4.790E-2	0.606
9.309	-0.355	-2.065E-2	0.356	-4.094E-2	-4.769E-2	6.285E-2	0.353	0.212	0.412
9.326	-0.356	-2.137E-2	0.357	-2.337E-2	-4.405E-2	4.986E-2	0.386	-8.506E-2	0.396
9.343	-0.356	-2.212E-2	0.357	-2.247E-2	-5.075E-2	5.550E-2	-0.476	-0.234	0.531
9.359	-0.357	-2.306E-2	0.357	-4.402E-2	-5.366E-2	6.940E-2	-0.461	-3.660E-2	0.462
9.376	-0.358	-2.391E-2	0.358	-3.996E-2	-5.049E-2	6.439E-2	0.529	0.187	0.561
9.393	-0.358	-2.475E-2	0.359	-2.250E-2	-4.795E-2	5.297E-2	0.325	-3.279E-2	0.327
9.409	-0.358	-2.551E-2	0.359	-2.780E-2	-5.044E-2	5.759E-2	-0.409	-0.167	0.441
9.426	-0.359	-2.643E-2	0.360	-3.974E-2	-5.508E-2	6.792E-2	-0.404	-0.285	0.495
9.443	-0.360	-2.735E-2	0.361	-4.027E-2	-5.881E-2	7.128E-2	0.105	-3.459E-3	0.105
9.459	-0.360	-2.839E-2	0.361	-3.629E-2	-5.698E-2	6.756E-2	0.141	-0.164	0.216
9.476	-0.361	-2.925E-2	0.362	-3.456E-2	-6.088E-2	7.001E-2	-8.589E-2	-0.185	0.204
9.493	-0.361	-3.042E-2	0.363	-3.952E-2	-6.705E-2	7.783E-2	-7.890E-2	0.105	0.132
9.509	-0.362	-3.149E-2	0.364	-3.862E-2	-5.622E-2	6.821E-2	0.214	0.280	0.353
9.526	-0.363	-3.230E-2	0.364	-3.106E-2	-5.504E-2	6.320E-2	-2.803E-2	0.244	0.246
9.543	-0.363	-3.333E-2	0.365	-3.786E-2	-5.233E-2	6.459E-2	-1.828E-2	0.690	0.691
9.560	-0.364	-3.405E-2	0.366	-3.657E-2	-3.029E-2	4.748E-2	-0.484	1.519	1.595
9.576	-0.364	-3.434E-2	0.366	-4.638E-2	-1.549E-3	4.640E-2	0.193	1.307	1.321
9.593	-0.366	-3.410E-2	0.367	-4.147E-2	1.583E-2	4.439E-2	6.085E-2	0.875	0.878
9.610	-0.366	-3.381E-2	0.367	-3.163E-2	2.475E-2	4.016E-2	0.304	0.417	0.516
9.626	-0.367	-3.327E-2	0.368	-4.066E-2	3.173E-2	5.158E-2	7.717E-2	0.310	0.319
9.643	-0.367	-3.275E-2	0.369	-2.584E-2	3.356E-2	4.236E-2	0.582	0.294	0.652
9.660	-0.367	-3.215E-2	0.369	-1.980E-2	4.147E-2	4.595E-2	0.125	0.637	0.649
9.676	-0.368	-3.137E-2	0.369	-2.304E-2	5.497E-2	5.961E-2	-0.229	0.570	0.614
9.693	-0.368	-3.032E-2	0.370	-2.725E-2	6.204E-2	6.776E-2	-0.353	-5.966E-3	0.353
9.710	-0.369	-2.930E-2	0.370	-3.468E-2	5.439E-2	6.451E-2	-0.441	-0.167	0.472
9.726	-0.369	-2.850E-2	0.371	-4.250E-2	5.376E-2	6.853E-2	-0.462	-0.233	0.517
9.743	-0.370	-2.750E-2	0.371	-4.970E-2	5.068E-2	7.098E-2	-0.132	-0.134	0.188
9.760	-0.371	-2.681E-2	0.372	-4.841E-2	4.521E-2	6.623E-2	-0.107	0.134	0.172
9.776	-0.372	-2.599E-2	0.373	-5.012E-2	5.650E-2	7.553E-2	6.680E-2	7.315E-2	9.906E-2
9.793	-0.373	-2.493E-2	0.374	-5.002E-2	5.109E-2	7.150E-2	0.254	-0.139	0.290
9.810	-0.373	-2.429E-2	0.374	-3.908E-2	4.599E-2	6.035E-2	1.800E-2	-0.270	0.270
9.826	-0.374	-2.339E-2	0.375	-4.763E-2	4.711E-2	6.699E-2	-0.410	5.978E-2	0.414
9.843	-0.375	-2.272E-2	0.376	-5.719E-2	4.439E-2	7.239E-2	0.115	-0.138	0.180
9.860	-0.376	-2.191E-2	0.377	-4.291E-2	4.506E-2	6.222E-2	0.533	0.215	0.575
9.877	-0.376	-2.121E-2	0.377	-3.584E-2	4.903E-2	6.073E-2	3.023E-2	0.440	0.441
9.893	-0.377	-2.027E-2	0.378	-4.427E-2	6.154E-2	7.580E-2	-0.205	0.198	0.285
9.910	-0.378	-1.916E-2	0.378	-4.379E-2	5.744E-2	7.223E-2	8.468E-2	-0.247	0.261
9.927	-0.379	-1.836E-2	0.379	-3.958E-2	4.966E-2	6.350E-2	8.204E-2	-0.531	0.537
9.943	-0.379	-1.750E-2	0.380	-4.151E-2	4.272E-2	5.956E-2	-5.247E-2	-0.137	0.147
9.960	-0.380	-1.693E-2	0.380	-4.196E-2	4.141E-2	5.895E-2	1.205E-2	-6.641E-2	6.750E-2
9.977	-0.381	-1.612E-2	0.381	-4.053E-2	4.437E-2	6.009E-2	0.265	0.233	0.352
9.993	-0.381	-1.545E-2	0.382	-3.414E-2	4.609E-2	5.736E-2	-1.030E-2	8.448E-2	8.510E-2
10.010	-0.382	-1.458E-2	0.382	-3.773E-2	4.980E-2	6.248E-2	-0.277	4.761E-2	0.281
10.027	-0.383	-1.379E-2	0.383	-4.712E-2	4.637E-2	6.611E-2	-0.215	-5.398E-2	0.222
10.043	-0.383	-1.304E-2	0.384	-4.381E-2	4.762E-2	6.471E-2	0.213	-0.232	0.315
10.060	-0.384	-1.220E-2	0.384	-3.944E-2	4.082E-2	5.676E-2	0.236	-0.546	0.595
10.077	-0.385	-1.167E-2	0.385	-3.619E-2	2.704E-2	4.517E-2	0.259	-0.363	0.446
10.093	-0.385	-1.130E-2	0.385	-3.098E-2	2.797E-2	4.174E-2	-0.218	-0.150	0.265
10.110	-0.386	-1.074E-2	0.386	-4.084E-2	2.537E-2	4.807E-2	-0.148	-0.106	0.182
10.127	-0.387	-1.045E-2	0.387	-4.192E-2	2.086E-2	4.682E-2	-7.965E-2	-0.206	0.221
10.143	-0.387	-1.005E-2	0.387	-3.707E-2	2.113E-2	4.267E-2	-2.732E-2	-5.265E-2	5.932E-2
10.160	-0.388	-9.747E-3	0.388	-4.638E-2	1.769E-2	4.964E-2	-0.204	-9.859E-2	0.227
10.177	-0.389	-9.455E-3	0.389	-4.402E-2	1.816E-2	4.762E-2	0.331	-0.113	0.350
10.194	-0.389	-9.141E-3	0.389	-3.454E-2	1.472E-2	3.755E-2	0.231	-0.149	0.275
10.210	-0.390	-8.964E-3	0.390	-3.471E-2	1.178E-2	3.666E-2	1.298E-2	-7.380E-2	7.493E-2
10.227	-0.391	-8.748E-3	0.391	-3.681E-2	1.314E-2	3.909E-2	-7.706E-2	0.165	0.182
10.244	-0.391	-8.525E-3	0.391	-3.536E-2	1.669E-2	3.910E-2	0.351	-6.727E-2	0.357
10.260	-0.392	-8.191E-3	0.392	-2.744E-2	1.285E-2	3.030E-2	0.192	-0.211	0.285
10.277	-0.392	-8.097E-3	0.392	-2.493E-2	6.950E-3	2.588E-2	-0.284	-0.174	0.334
10.294	-0.393	-7.959E-3	0.393	-3.932E-2	8.397E-3	4.021E-2	-0.292	-3.114E-2	0.294
10.310	-0.393	-7.817E-3	0.393	-3.708E-2	6.122E-3	3.758E-2	5.341E-2	3.903E-2	6.615E-2
10.327	-0.394	-7.755E-3	0.394	-3.302E-2	8.319E-3	3.405E-2	0.124	-2.311E-2	0.126
10.344	-0.394	-7.539E-3	0.394	-3.617E-2	7.764E-3	3.700E-2	-8.186E-2	-0.150	0.171
10.360	-0.395	-7.496E-3	0.395	-3.428E-2	1.351E-3	3.431E-2	4.980E-2	-0.277	0.282
10.377	-0.396	-7.494E-3	0.396	-3.491E-2	-9.469E-4	3.492E-2	-0.209	-0.104	0.234
10.394	-0.396	-7.528E-3	0.396	-4.051E-2	-2.221E-3	4.057E-2	-9.684E-2	-6.363E-2	0.116
10.410	-0.397	-7.568E-3	0.397	-4.041E-2	-2.904E-3	4.051E-2	0.116	-8.849E-2	0.146
10.427	-0.397	-7.625E-3	0.398	-3.440E-2	-5.046E-3	3.477E-2	0.330	9.114E-2	0.342
10.444	-0.398	-7.736E-3	0.398	-3.051E-2	-1.073E-3	3.052E-2	0.216	2.811E-3	0.216
10.460	-0.398	-7.660E-3	0.399	-2.644E-2	-2.148E-3	2.652E-2	0.167	-0.319	0.360
10.477	-0.399	-7.808E-3	0.399	-2.527E-2	-1.375E-2	2.876E-2	-0.315	-0.439	0.540
10.494	-0.399	-8.119E-3	0.399	-3.540E-2	-1.741E-2	3.945E-2	-0.488	5.863E-2	0.491
10.511	-0.400	-8.389E-3	0.400	-4.480E-2	-1.142E-2	4.623E-2	0.273	0.140	0.307
10.527	-0.401	-8.500E-3	0.401	-2.685E-2	-1.094E-2	2.899E-2	0.432	-0.184	0.470
10.544	-0.401	-8.754E-3	0.401	-2.380E-2	-1.893E-2	3.041E-2	0.304	-0.347	0.461
10.561	-0.402	-9.132E-3	0.402	-2.484E-2	-2.292E-2	3.379E-2	-0.221	1.954E-3	0.221
10.577	-0.402	-9.519E-3	0.402	-2.392E-2	-1.900E-2	3.055E-2	0.203	-5.561E-2	0.210
10.594	-0.402	-9.766E-3	0.403	-2.479E-2	-2.245E-2	3.344E-2	-0.216	-2.918E-2	0.217
10.611	-0.403	-1.027E-2	0.403	-2.477E-2	-2.367E-2	3.426E-2	-1.255E-2	-0.108	0.108
10.627	-0.403	-1.056E-2	0.403	-3.058E-2	-2.239E-2	3.790E-2	-1.444E-2	-5.284E-2	5.478E-2
10.644	-0.404	-1.101E-2	0.404	-2.267E-2	-2.778E-2	3.585E-2	0.136	-0.200	0.241
10.661	-0.404	-1.148E-2	0.404	-2.518E-2	-2.835E-2	3.792E-2	5.813E-3	-0.172	0.172
10.677	-0.405	-1.196E-2	0.405	-2.519E-2	-3.295E-2	4.148E-2	-0.121	0.162	0.202
10.694	-0.405	-1.258E-2	0.405	-2.601E-2	-2.576E-2	3.661E-2	0.175	3.046E-2	0.178
10.711	-0.405	-1.282E-2	0.406	-2.318E-2	-2.632E-2	3.507E-2	1.135E-2	-0.141	0.142
10.727	-0.406	-1.346E-2	0.406	-2.117E-2	-3.590E-2	4.168E-2	-0.242	-0.293	0.380
10.744	-0.406	-1.402E-2	0.406	-3.375E-2	-3.364E-2	4.765E-2	1.274E-2	1.031E-2	1.639E-2
10.761	-0.407	-1.458E-2	0.407	-2.358E-2	-3.571E-2	4.279E-2	0.569	-0.324	0.655
10.777	-0.407	-1.521E-2	0.407	-9.267E-3	-4.404E-2	4.500E-2	0.125	-8.598E-2	0.152
10.794	-0.407	-1.605E-2	0.407	-2.064E-2	-4.145E-2	4.631E-2	-0.218	0.102	0.241
10.811	-0.408	-1.659E-2	0.408	-2.061E-2	-3.653E-2	4.194E-2	-9.845E-2	0.199	0.222
10.827	-0.408	-1.727E-2	0.408	-1.853E-2	-3.770E-2	4.200E-2	0.139	-6.588E-2	0.154
10.844	-0.408	-1.785E-2	0.409	-2.050E-2	-3.697E-2	4.227E-2	2.576E-2	-8.302E-3	2.707E-2
10.861	-0.408	-1.850E-2	0.409	-1.482E-2	-3.906E-2	4.178E-2	1.786E-2	-0.156	0.157
10.878	-0.409	-1.915E-2	0.409	-2.010E-2	-4.144E-2	4.605E-2	-0.179	-6.334E-2	0.190
10.894	-0.409	-1.989E-2	0.410	-2.257E-2	-4.217E-2	4.783E-2	0.104	-0.121	0.160
10.911	-0.409	-2.056E-2	0.410	-1.577E-2	-4.408E-2	4.682E-2	0.150	0.170	0.227
10.928	-0.410	-2.136E-2	0.410	-1.607E-2	-3.906E-2	4.223E-2	-0.205	-2.891E-2	0.207
10.944	-0.410	-2.186E-2	0.411	-2.403E-2	-4.056E-2	4.714E-2	-0.198	-0.127	0.236
10.961	-0.410	-2.271E-2	0.411	-2.358E-2	-4.788E-2	5.337E-2	-7.435E-2	-0.194	0.208
10.978	-0.411	-2.346E-2	0.411	-2.426E-2	-4.478E-2	5.093E-2	0.486	0.165	0.513
10.994	-0.411	-2.421E-2	0.412	-1.168E-2	-4.297E-2	4.453E-2	0.424	-2.776E-2	0.425
11.011	-0.411	-2.490E-2	0.412	-3.304E-3	-4.478E-2	4.490E-2	-0.164	7.744E-2	0.182
11.028	-0.411	-2.570E-2	0.412	-2.086E-2	-4.242E-2	4.727E-2	-0.845	-0.147	0.858
11.044	-0.412	-2.631E-2	0.413	-3.238E-2	-4.618E-2	5.640E-2	-9.717E-2	3.219E-2	0.102
11.061	-0.412	-2.724E-2	0.413	-2.506E-2	-4.625E-2	5.261E-2	0.297	-5.282E-2	0.301
11.078	-0.413	-2.785E-2	0.414	-1.870E-2	-4.299E-2	4.688E-2	0.405	8.308E-2	0.413
11.094	-0.413	-2.867E-2	0.414	-1.509E-2	-4.693E-2	4.930E-2	6.044E-2	0.144	0.156
11.111	-0.413	-2.942E-2	0.414	-1.328E-2	-3.766E-2	3.994E-2	0.115	0.558	0.570
11.128	-0.413	-2.993E-2	0.415	-1.447E-2	-2.714E-2	3.076E-2	-0.227	0.453	0.507
11.144	-0.414	-3.033E-2	0.415	-1.775E-2	-2.267E-2	2.879E-2	5.217E-2	0.102	0.114
11.161	-0.414	-3.069E-2	0.415	-1.674E-2	-2.369E-2	2.901E-2	-0.226	0.178	0.288
11.178	-0.414	-3.112E-2	0.415	-2.005E-2	-1.847E-2	2.726E-2	-0.356	0.273	0.449
11.195	-0.415	-3.130E-2	0.416	-3.309E-2	-1.214E-2	3.525E-2	-0.541	0.394	0.669
11.211	-0.415	-3.152E-2	0.417	-3.641E-2	-7.394E-3	3.715E-2	0.171	0.238	0.293
11.228	-0.416	-3.155E-2	0.417	-2.920E-2	-2.371E-3	2.929E-2	0.369	0.254	0.448
11.245	-0.416	-3.160E-2	0.417	-2.095E-2	-2.660E-4	2.095E-2	-0.168	0.170	0.239
11.261	-0.417	-3.156E-2	0.418	-3.466E-2	3.938E-3	3.489E-2	-0.380	0.185	0.423
11.278	-0.417	-3.147E-2	0.419	-3.834E-2	5.881E-3	3.878E-2	3.791E-2	2.566E-2	4.577E-2
11.295	-0.418	-3.136E-2	0.419	-2.910E-2	4.903E-3	2.951E-2	-0.266	-0.193	0.329
11.311	-0.418	-3.131E-2	0.420	-4.592E-2	-4.722E-4	4.593E-2	-0.348	-0.229	0.417
11.328	-0.419	-3.138E-2	0.421	-4.784E-2	-3.760E-3	4.799E-2	0.219	4.119E-2	0.223
11.345	-0.420	-3.143E-2	0.421	-3.191E-2	1.070E-3	3.193E-2	0.136	0.178	0.224
11.361	-0.421	-3.134E-2	0.422	-4.352E-2	3.522E-3	4.366E-2	-8.267E-2	-8.042E-4	8.268E-2
11.378	-0.421	-3.131E-2	0.423	-4.048E-2	1.967E-4	4.048E-2	0.490	-0.161	0.516
11.395	-0.422	-3.134E-2	0.423	-2.154E-2	-2.001E-3	2.163E-2	0.387	1.537E-2	0.387
11.411	-0.422	-3.138E-2	0.423	-2.738E-2	3.600E-4	2.739E-2	-0.147	5.568E-2	0.157
11.428	-0.423	-3.132E-2	0.424	-3.055E-2	1.091E-3	3.056E-2	-5.732E-2	-7.667E-2	9.573E-2
11.445	-0.423	-3.134E-2	0.424	-2.591E-2	-2.979E-3	2.608E-2	6.211E-2	-0.146	0.158
11.461	-0.424	-3.142E-2	0.425	-2.956E-2	-4.101E-3	2.984E-2	-0.124	4.839E-2	0.133
11.478	-0.424	-3.148E-2	0.425	-3.053E-2	-1.193E-3	3.055E-2	-5.147E-3	5.995E-2	6.018E-2
11.495	-0.425	-3.146E-2	0.426	-2.920E-2	-1.270E-3	2.923E-2	7.321E-3	-7.828E-2	7.862E-2
11.511	-0.425	-3.152E-2	0.426	-3.016E-2	-4.597E-3	3.051E-2	-0.130	-5.780E-2	0.142
11.528	-0.426	-3.162E-2	0.427	-3.363E-2	-3.502E-3	3.381E-2	-7.735E-2	8.549E-3	7.782E-2
11.545	-0.426	-3.164E-2	0.427	-3.352E-2	-3.255E-3	3.368E-2	4.098E-2	4.376E-2	5.995E-2
11.562	-0.427	-3.173E-2	0.428	-3.128E-2	-3.194E-3	3.144E-2	0.123	-0.267	0.294
11.578	-0.427	-3.175E-2	0.429	-2.997E-2	-1.006E-2	3.161E-2	0.372	-0.310	0.484
11.595	-0.428	-3.206E-2	0.429	-1.974E-2	-1.668E-2	2.584E-2	0.539	-0.129	0.555
11.612	-0.428	-3.230E-2	0.429	-9.788E-3	-1.270E-2	1.603E-2	-0.133	0.135	0.189
11.628	-0.428	-3.249E-2	0.429	-2.307E-2	-1.188E-2	2.595E-2	-0.242	0.167	0.294
11.645	-0.429	-3.270E-2	0.430	-2.404E-2	-8.275E-3	2.543E-2	-3.248E-2	0.137	0.141
11.662	-0.429	-3.276E-2	0.430	-1.732E-2	-5.622E-3	1.821E-2	0.175	2.919E-2	0.178
11.678	-0.429	-3.289E-2	0.431	-2.227E-2	-8.350E-3	2.378E-2	-0.123	-0.310	0.334
11.695	-0.430	-3.304E-2	0.431	-2.006E-2	-1.512E-2	2.512E-2	-6.268E-2	-8.271E-2	0.104
11.712	-0.430	-3.339E-2	0.431	-2.386E-2	-1.371E-2	2.752E-2	-2.860E-2	9.870E-3	3.026E-2
11.728	-0.430	-3.350E-2	0.432	-2.303E-2	-1.118E-2	2.560E-2	-0.135	0.101	0.168
11.745	-0.431	-3.376E-2	0.432	-2.524E-2	-1.316E-2	2.847E-2	0.327	-9.370E-3	0.328
11.762	-0.431	-3.394E-2	0.433	-1.713E-2	-1.006E-2	1.986E-2	0.362	0.122	0.382
11.778	-0.431	-3.410E-2	0.433	-6.954E-3	-9.434E-3	1.172E-2	0.556	0.248	0.609
11.795	-0.432	-3.425E-2	0.433	-3.514E-3	-2.651E-3	4.402E-3	-3.254E-2	0.614	0.614
11.812	-0.431	-3.419E-2	0.433	-3.560E-3	1.171E-2	1.224E-2	6.173E-2	1.140	1.142
11.828	-0.432	-3.386E-2	0.433	-6.078E-3	3.459E-2	3.512E-2	-0.238	0.678	0.719
11.845	-0.432	-3.303E-2	0.433	-7.387E-3	3.901E-2	3.970E-2	-0.157	0.171	0.232
11.862	-0.432	-3.256E-2	0.433	-1.443E-2	3.431E-2	3.722E-2	3.410E-2	-6.440E-2	7.288E-2
11.879	-0.432	-3.189E-2	0.433	-6.150E-3	4.006E-2	4.053E-2	0.134	9.289E-2	0.163
11.895	-0.432	-3.122E-2	0.433	-6.621E-3	3.697E-2	3.756E-2	-0.127	-0.187	0.226
11.912	-0.432	-3.066E-2	0.433	-1.399E-2	3.310E-2	3.594E-2	-0.149	-6.867E-2	0.164
11.929	-0.433	-3.012E-2	0.434	-1.053E-2	3.452E-2	3.609E-2	-2.768E-2	-2.096E-2	3.472E-2
11.945	-0.433	-2.950E-2	0.434	-1.352E-2	3.364E-2	3.626E-2	-7.840E-2	1.158E-2	7.925E-2
11.962	-0.433	-2.900E-2	0.434	-1.560E-2	3.327E-2	3.674E-2	5.687E-2	-0.180	0.189
11.979	-0.433	-2.839E-2	0.434	-1.012E-2	2.978E-2	3.145E-2	0.263	-0.210	0.337
11.995	-0.433	-2.800E-2	0.434	-6.918E-3	2.399E-2	2.497E-2	0.265	-0.486	0.554
12.012	-0.433	-2.759E-2	0.434	-1.794E-3	1.584E-2	1.594E-2	0.455	-0.867	0.979
12.029	-0.433	-2.747E-2	0.434	8.324E-3	-5.661E-3	1.007E-2	0.211	-1.309	1.326
12.045	-0.433	-2.778E-2	0.434	7.473E-3	-2.879E-2	2.974E-2	-0.393	-1.013	1.087
12.062	-0.433	-2.843E-2	0.434	-6.661E-3	-4.039E-2	4.094E-2	-0.622	0.208	0.656
12.079	-0.433	-2.913E-2	0.434	-1.423E-2	-2.338E-2	2.737E-2	-0.196	1.032	1.051
12.095	-0.434	-2.921E-2	0.435	-1.262E-2	-1.100E-3	1.267E-2	0.353	1.326	1.372
12.112	-0.434	-2.917E-2	0.435	-2.877E-3	1.731E-2	1.755E-2	0.543	1.333	1.439
12.129	-0.434	-2.864E-2	0.435	7.075E-3	4.503E-2	4.559E-2	7.409E-2	0.897	0.900
12.145	-0.434	-2.766E-2	0.434	4.356E-4	5.013E-2	5.014E-2	-0.355	-6.770E-2	0.361
12.162	-0.434	-2.696E-2	0.435	-7.744E-3	3.897E-2	3.973E-2	-0.252	-0.428	0.497
12.179	-0.434	-2.636E-2	0.435	-6.530E-3	3.614E-2	3.672E-2	-0.333	0.245	0.413
12.196	-0.434	-2.576E-2	0.435	-1.724E-2	4.619E-2	4.930E-2	-0.162	0.659	0.678
12.212	-0.434	-2.482E-2	0.435	-1.684E-2	6.032E-2	6.262E-2	0.184	0.479	0.513
12.229	-0.435	-2.375E-2	0.435	-6.083E-3	6.230E-2	6.260E-2	0.220	0.243	0.328
12.246	-0.435	-2.274E-2	0.435	-1.081E-2	6.629E-2	6.717E-2	-0.543	2.896E-2	0.544
12.262	-0.435	-2.153E-2	0.435	-2.390E-2	6.626E-2	7.044E-2	-0.284	0.223	0.361
12.279	-0.435	-2.053E-2	0.436	-2.369E-2	6.968E-2	7.359E-2	5.415E-3	0.140	0.140
12.296	-0.436	-1.921E-2	0.436	-1.905E-2	7.520E-2	7.758E-2	0.292	6.890E-2	0.300
12.312	-0.436	-1.802E-2	0.436	-1.755E-2	6.961E-2	7.179E-2	-0.254	-0.185	0.314
12.329	-0.436	-1.689E-2	0.437	-2.334E-2	6.908E-2	7.292E-2	-7.645E-2	-0.228	0.241
12.346	-0.437	-1.572E-2	0.437	-2.580E-2	6.340E-2	6.845E-2	0.116	-0.184	0.217
12.362	-0.437	-1.477E-2	0.437	-1.517E-2	6.042E-2	6.230E-2	0.101	-1.547E-3	0.101
12.379	-0.437	-1.370E-2	0.438	-2.233E-2	6.516E-2	6.888E-2	-0.332	0.314	0.456
12.396	-0.438	-1.260E-2	0.438	-2.895E-2	7.014E-2	7.588E-2	7.749E-2	-0.125	0.147
12.412	-0.438	-1.136E-2	0.438	-1.927E-2	6.344E-2	6.631E-2	0.371	-0.382	0.533
12.429	-0.439	-1.048E-2	0.439	-1.408E-2	5.371E-2	5.552E-2	-4.875E-2	-8.942E-2	0.102
12.446	-0.439	-9.570E-3	0.439	-2.214E-2	6.124E-2	6.512E-2	-0.158	0.349	0.383
12.462	-0.439	-8.437E-3	0.439	-2.127E-2	6.726E-2	7.055E-2	0.232	-7.584E-2	0.244
12.479	-0.440	-7.326E-3	0.440	-1.236E-2	5.868E-2	5.997E-2	0.347	-0.400	0.529
12.496	-0.440	-6.479E-3	0.440	-9.717E-3	5.164E-2	5.255E-2	-0.336	-0.322	0.466
12.512	-0.440	-5.603E-3	0.440	-2.229E-2	4.969E-2	5.447E-2	1.487E-2	7.567E-2	7.712E-2
12.529	-0.440	-4.821E-3	0.440	-1.546E-2	5.245E-2	5.468E-2	-0.104	9.375E-3	0.104
12.546	-0.440	-3.853E-3	0.440	-1.572E-2	5.275E-2	5.504E-2	-7.440E-2	-0.261	0.272
12.563	-0.441	-3.061E-3	0.441	-2.735E-2	4.220E-2	5.029E-2	-0.299	-0.168	0.342
12.579	-0.441	-2.445E-3	0.441	-2.053E-2	4.521E-2	4.965E-2	0.717	0.222	0.750
12.596	-0.442	-1.552E-3	0.442	-6.930E-3	5.282E-2	5.327E-2	0.152	-0.163	0.223
12.613	-0.441	-6.825E-4	0.441	-8.806E-3	4.011E-2	4.106E-2	-0.216	-0.481	0.527
12.629	-0.442	-2.139E-4	0.442	-2.147E-2	3.278E-2	3.918E-2	-0.201	-0.209	0.289
12.646	-0.442	4.111E-4	0.442	-1.276E-2	3.636E-2	3.853E-2	0.185	-0.108	0.214
12.663	-0.442	9.993E-4	0.442	-1.363E-2	2.907E-2	3.210E-2	1.356E-2	-0.150	0.151
12.679	-0.443	1.381E-3	0.443	-1.525E-2	2.888E-2	3.266E-2	-0.238	0.123	0.267
12.696	-0.443	1.963E-3	0.443	-1.849E-2	3.565E-2	4.016E-2	0.132	7.190E-2	0.151
12.713	-0.443	2.571E-3	0.443	-1.508E-2	3.136E-2	3.480E-2	0.148	-0.190	0.241
12.729	-0.443	3.010E-3	0.443	-8.758E-3	2.759E-2	2.894E-2	0.222	-0.534	0.578
12.746	-0.444	3.491E-3	0.444	-1.084E-2	1.642E-2	1.968E-2	-0.156	-0.309	0.346
12.763	-0.444	3.558E-3	0.444	-1.212E-2	1.235E-2	1.730E-2	-4.831E-2	-1.650E-2	5.105E-2
12.779	-0.444	3.903E-3	0.444	-1.409E-2	2.012E-2	2.456E-2	-0.252	0.144	0.290
12.796	-0.444	4.229E-3	0.444	-1.863E-2	1.624E-2	2.472E-2	2.873E-2	-0.489	0.490
12.813	-0.445	4.445E-3	0.445	-1.637E-2	4.194E-3	1.690E-2	4.114E-3	-0.424	0.424
12.829	-0.445	4.369E-3	0.445	-1.426E-2	-5.213E-4	1.427E-2	-2.187E-2	-3.463E-3	2.215E-2
12.846	-0.445	4.428E-3	0.445	-2.021E-2	6.120E-3	2.111E-2	-2.997E-3	0.108	0.108
12.863	-0.445	4.573E-3	0.445	-1.413E-2	3.936E-3	1.466E-2	0.595	-0.325	0.678
12.880	-0.446	4.559E-3	0.446	-2.104E-5	-5.741E-3	5.741E-3	0.246	-0.510	0.566
12.896	-0.445	4.382E-3	0.445	-2.725E-3	-1.341E-2	1.369E-2	-0.441	-3.426E-2	0.442
12.913	-0.446	4.112E-3	0.446	-1.848E-2	-8.124E-3	2.018E-2	-0.245	0.199	0.316
12.930	-0.446	4.110E-3	0.446	-1.217E-2	-3.564E-3	1.268E-2	-9.476E-2	-0.442	0.452
12.946	-0.446	3.993E-3	0.446	-1.580E-2	-2.278E-2	2.772E-2	4.473E-2	-0.441	0.443
12.963	-0.447	3.350E-3	0.447	-1.812E-2	-2.429E-2	3.031E-2	5.409E-2	0.306	0.311
12.980	-0.447	3.182E-3	0.447	-8.119E-3	-6.746E-3	1.056E-2	-2.905E-2	2.611E-2	3.906E-2
12.996	-0.447	3.125E-3	0.447	-2.007E-2	-2.186E-2	2.967E-2	0.220	-0.450	0.501
13.013	-0.447	2.453E-3	0.447	-6.577E-3	-2.911E-2	2.985E-2	9.638E-2	-0.394	0.405
13.030	-0.447	2.154E-3	0.447	-5.630E-3	-2.776E-2	2.832E-2	0.517	1.582E-2	0.517
13.046	-0.448	1.527E-3	0.448	-2.643E-3	-3.357E-2	3.368E-2	-0.288	-0.346	0.450
13.063	-0.447	1.034E-3	0.447	-1.382E-3	-3.586E-2	3.588E-2	-0.131	0.471	0.489
13.080	-0.448	3.303E-4	0.448	-1.849E-2	-2.299E-2	2.950E-2	-0.481	0.780	0.916
13.096	-0.448	2.668E-4	0.448	-1.197E-2	-3.504E-3	1.247E-2	0.341	0.810	0.879
13.113	-0.448	2.134E-4	0.448	-8.722E-3	8.038E-4	8.759E-3	0.217	0.287	0.360
13.130	-0.448	2.936E-4	0.448	-3.825E-3	6.889E-3	7.880E-3	0.184	0.206	0.276
13.146	-0.448	4.433E-4	0.448	-2.736E-3	7.852E-3	8.315E-3	3.860E-2	-0.152	0.156
13.163	-0.448	5.556E-4	0.448	-2.782E-3	1.906E-3	3.372E-3	-5.430E-2	-0.341	0.346
13.180	-0.448	5.069E-4	0.448	-4.261E-3	-4.531E-3	6.219E-3	0.160	-0.372	0.405
13.197	-0.448	4.045E-4	0.448	1.081E-3	-9.771E-3	9.830E-3	8.241E-2	-0.368	0.377
13.213	-0.448	1.808E-4	0.448	1.616E-3	-1.709E-2	1.717E-2	0.162	-0.695	0.714
13.230	-0.448	-1.658E-4	0.448	2.620E-3	-3.190E-2	3.201E-2	-3.446E-2	-0.687	0.688
13.247	-0.448	-8.836E-4	0.448	4.315E-3	-4.271E-2	4.293E-2	0.108	0.200	0.228
13.263	-0.448	-1.591E-3	0.448	2.923E-3	-2.590E-2	2.606E-2	-0.158	0.973	0.985
13.280	-0.448	-1.748E-3	0.448	1.857E-3	-6.063E-3	6.341E-3	-7.548E-2	0.773	0.777
13.297	-0.448	-1.793E-3	0.448	-1.975E-3	-1.653E-3	2.576E-3	-0.102	0.226	0.248
13.313	-0.448	-1.803E-3	0.448	-3.473E-4	1.065E-3	1.120E-3	-2.581E-2	0.203	0.204
13.330	-0.448	-1.758E-3	0.448	-2.693E-3	5.084E-3	5.754E-3	-3.649E-2	3.292E-2	4.915E-2
13.347	-0.448	-1.633E-3	0.448	-2.621E-3	3.213E-3	4.147E-3	-5.165E-2	5.385E-2	7.462E-2
13.363	-0.448	-1.650E-3	0.448	-2.957E-3	4.534E-3	5.413E-3	-0.185	0.114	0.217
13.380	-0.448	-1.482E-3	0.448	-9.437E-3	9.328E-3	1.327E-2	-0.170	-0.191	0.256
13.397	-0.448	-1.339E-3	0.448	-9.740E-3	-1.442E-3	9.846E-3	-0.256	-0.173	0.309
13.413	-0.449	-1.530E-3	0.449	-1.525E-2	-7.328E-4	1.526E-2	2.360E-2	8.620E-2	8.937E-2
13.430	-0.449	-1.364E-3	0.449	-1.348E-2	6.429E-3	1.493E-2	0.126	0.159	0.203
13.447	-0.449	-1.316E-3	0.449	-6.260E-3	2.128E-3	6.612E-3	0.294	-0.164	0.336
13.463	-0.449	-1.293E-3	0.449	-6.604E-3	1.263E-3	6.724E-3	-6.888E-4	-9.348E-2	9.348E-2
13.480	-0.449	-1.273E-3	0.449	-4.751E-3	-6.563E-4	4.796E-3	-2.315E-2	-0.184	0.186
13.497	-0.449	-1.315E-3	0.449	-7.883E-3	-5.017E-3	9.344E-3	-0.283	0.160	0.325
13.514	-0.449	-1.441E-3	0.449	-1.397E-2	2.743E-3	1.424E-2	-0.159	9.930E-2	0.187
13.530	-0.450	-1.223E-3	0.450	-1.461E-2	3.038E-3	1.492E-2	6.841E-2	-9.855E-3	6.912E-2
13.547	-0.450	-1.339E-3	0.450	-1.021E-2	-2.553E-3	1.053E-2	0.290	-0.192	0.347
13.564	-0.450	-1.308E-3	0.450	-5.719E-3	-3.432E-4	5.729E-3	-1.223E-2	6.949E-2	7.056E-2
13.580	-0.450	-1.351E-3	0.450	-8.754E-3	-1.632E-3	8.905E-3	-0.104	-6.398E-2	0.122
13.597	-0.450	-1.363E-3	0.450	-1.208E-2	-1.748E-3	1.221E-2	-0.263	-0.130	0.293
13.614	-0.451	-1.409E-3	0.451	-1.476E-2	-5.946E-3	1.592E-2	6.431E-2	-0.185	0.196
13.630	-0.451	-1.561E-3	0.451	-1.321E-2	-8.732E-3	1.584E-2	5.424E-2	-0.138	0.148
13.647	-0.451	-1.701E-3	0.451	-9.398E-3	-9.786E-3	1.357E-2	9.101E-2	-0.495	0.504
13.664	-0.451	-1.888E-3	0.451	-1.243E-2	-2.391E-2	2.695E-2	-3.574E-2	-0.582	0.583
13.680	-0.451	-2.498E-3	0.451	-1.008E-2	-3.313E-2	3.463E-2	-0.198	-0.283	0.345
13.697	-0.452	-2.993E-3	0.452	-1.739E-2	-3.042E-2	3.504E-2	-9.334E-2	0.339	0.352
13.714	-0.452	-3.513E-3	0.452	-1.727E-2	-2.361E-2	2.926E-2	0.146	0.286	0.321
13.730	-0.452	-3.781E-3	0.452	-8.589E-3	-1.829E-2	2.020E-2	0.184	-1.176E-2	0.184
13.747	-0.452	-4.123E-3	0.452	-1.209E-2	-2.508E-2	2.785E-2	-0.234	6.741E-2	0.243
13.764	-0.453	-4.618E-3	0.453	-1.698E-2	-1.859E-2	2.518E-2	4.682E-2	0.245	0.250
13.780	-0.453	-4.744E-3	0.453	-1.160E-2	-1.240E-2	1.698E-2	0.221	0.177	0.283
13.797	-0.453	-5.032E-3	0.453	-6.959E-3	-1.585E-2	1.731E-2	-0.111	-0.190	0.220
13.814	-0.453	-5.273E-3	0.453	-1.607E-2	-1.726E-2	2.358E-2	-0.309	4.151E-2	0.312
13.830	-0.453	-5.607E-3	0.453	-1.929E-2	-1.604E-2	2.509E-2	0.135	-0.134	0.190
13.847	-0.454	-5.808E-3	0.454	-1.042E-2	-1.915E-2	2.180E-2	0.226	-0.298	0.373
13.864	-0.454	-6.246E-3	0.454	-9.972E-3	-2.829E-2	2.999E-2	0.118	-0.415	0.431
13.881	-0.454	-6.752E-3	0.454	-9.476E-3	-3.226E-2	3.363E-2	5.965E-2	1.105E-2	6.066E-2
13.897	-0.454	-7.323E-3	0.454	-5.472E-3	-2.894E-2	2.946E-2	0.148	1.924E-2	0.149
13.914	-0.454	-7.718E-3	0.454	-5.912E-3	-2.906E-2	2.966E-2	0.205	-0.221	0.302
13.931	-0.454	-8.293E-3	0.454	1.059E-3	-3.811E-2	3.812E-2	0.103	-0.287	0.305
13.947	-0.454	-8.989E-3	0.454	4.844E-5	-3.926E-2	3.926E-2	0.127	-4.182E-2	0.134
13.964	-0.454	-9.602E-3	0.454	1.309E-3	-3.808E-2	3.810E-2	-9.853E-2	-2.171E-2	0.101
13.981	-0.454	-1.026E-2	0.454	1.256E-3	-4.055E-2	4.057E-2	-0.131	5.444E-2	0.142
13.997	-0.454	-1.096E-2	0.454	-6.641E-3	-3.707E-2	3.766E-2	-0.472	-0.212	0.518
14.014	-0.454	-1.150E-2	0.455	-1.237E-2	-4.441E-2	4.610E-2	-2.958E-2	7.785E-2	8.328E-2
14.031	-0.455	-1.244E-2	0.455	-1.053E-2	-4.079E-2	4.212E-2	0.209	-2.711E-2	0.211
14.047	-0.455	-1.286E-2	0.455	-2.321E-3	-3.740E-2	3.747E-2	0.232	-0.393	0.457
14.064	-0.455	-1.369E-2	0.455	-3.598E-3	-5.838E-2	5.849E-2	7.867E-2	-0.551	0.556
14.081	-0.455	-1.481E-2	0.455	-8.226E-4	-5.785E-2	5.786E-2	-0.115	9.796E-2	0.151
14.097	-0.455	-1.562E-2	0.455	-4.757E-3	-5.088E-2	5.110E-2	6.590E-2	0.342	0.349
14.114	-0.455	-1.650E-2	0.455	-3.052E-3	-4.901E-2	4.911E-2	0.142	0.275	0.310
14.131	-0.455	-1.725E-2	0.455	4.388E-3	-4.076E-2	4.100E-2	0.194	0.104	0.220
14.147	-0.455	-1.786E-2	0.455	1.314E-3	-4.392E-2	4.394E-2	-5.870E-2	-8.561E-2	0.104
14.164	-0.455	-1.872E-2	0.455	2.423E-3	-4.688E-2	4.694E-2	-9.602E-2	-0.212	0.233
14.181	-0.455	-1.943E-2	0.455	-6.834E-4	-4.797E-2	4.797E-2	6.196E-2	5.423E-3	6.220E-2
14.198	-0.455	-2.032E-2	0.455	1.873E-3	-4.941E-2	4.944E-2	0.275	-6.314E-4	0.275
14.214	-0.455	-2.108E-2	0.455	1.098E-2	-4.602E-2	4.731E-2	0.148	0.147	0.208
14.231	-0.454	-2.185E-2	0.455	7.109E-3	-4.539E-2	4.595E-2	-5.965E-2	-0.207	0.216
14.248	-0.454	-2.259E-2	0.455	6.387E-3	-5.148E-2	5.188E-2	4.494E-2	-7.157E-2	8.451E-2
14.264	-0.454	-2.357E-2	0.455	1.091E-2	-5.111E-2	5.226E-2	-2.122E-2	-0.158	0.159
14.281	-0.454	-2.430E-2	0.455	5.540E-3	-5.228E-2	5.257E-2	-8.548E-2	4.704E-2	9.757E-2
14.298	-0.454	-2.531E-2	0.455	5.958E-3	-5.414E-2	5.446E-2	-6.576E-2	0.294	0.301
14.314	-0.454	-2.610E-2	0.455	6.287E-3	-4.024E-2	4.073E-2	-9.848E-2	0.409	0.421
14.331	-0.454	-2.666E-2	0.455	5.802E-4	-3.871E-2	3.872E-2	-4.429E-2	-7.531E-2	8.737E-2
14.348	-0.454	-2.739E-2	0.455	4.642E-3	-4.516E-2	4.539E-2	0.119	-0.252	0.279
14.364	-0.454	-2.816E-2	0.455	6.448E-3	-4.658E-2	4.702E-2	2.019E-2	4.161E-2	4.625E-2
14.381	-0.454	-2.895E-2	0.455	3.752E-3	-4.415E-2	4.431E-2	6.956E-2	-1.722E-2	7.167E-2
14.398	-0.454	-2.964E-2	0.455	8.611E-3	-4.566E-2	4.646E-2	-0.114	6.593E-3	0.115
14.414	-0.453	-3.047E-2	0.454	2.708E-3	-4.614E-2	4.621E-2	-0.396	-0.206	0.446
14.431	-0.454	-3.118E-2	0.455	-8.189E-3	-4.973E-2	5.040E-2	-4.622E-2	-0.183	0.189
14.448	-0.454	-3.213E-2	0.455	1.159E-3	-5.522E-2	5.523E-2	0.195	0.225	0.298
14.464	-0.453	-3.302E-2	0.455	2.383E-3	-4.216E-2	4.222E-2	-2.472E-2	0.425	0.425
14.481	-0.454	-3.354E-2	0.455	-3.825E-3	-3.728E-2	3.748E-2	-6.956E-2	-2.502E-2	7.393E-2
14.498	-0.454	-3.426E-2	0.455	1.510E-3	-4.599E-2	4.601E-2	9.911E-2	-0.443	0.454
14.514	-0.454	-3.507E-2	0.455	5.783E-4	-5.146E-2	5.146E-2	-0.109	6.639E-3	0.109
14.531	-0.454	-3.598E-2	0.455	-3.636E-3	-4.728E-2	4.742E-2	0.112	0.335	0.354
14.548	-0.454	-3.665E-2	0.455	3.728E-3	-3.809E-2	3.827E-2	-8.668E-2	0.338	0.349
14.565	-0.453	-3.725E-2	0.455	-2.353E-3	-3.637E-2	3.645E-2	-5.751E-2	0.659	0.661
14.581	-0.454	-3.786E-2	0.455	-4.806E-3	-1.902E-2	1.962E-2	-4.131E-2	0.624	0.626
14.598	-0.454	-3.789E-2	0.455	2.070E-3	-9.307E-3	9.535E-3	9.087E-2	0.785	0.790
14.615	-0.454	-3.817E-2	0.455	-4.344E-3	-9.125E-5	4.345E-3	-0.266	0.572	0.631
14.631	-0.454	-3.789E-2	0.455	-6.700E-3	1.598E-2	1.733E-2	7.333E-2	0.758	0.762
14.648	-0.454	-3.764E-2	0.455	-2.365E-3	2.149E-2	2.162E-2	9.919E-2	0.138	0.170
14.665	-0.454	-3.717E-2	0.455	-1.474E-3	2.331E-2	2.336E-2	0.453	0.837	0.952
14.681	-0.454	-3.686E-2	0.455	8.981E-3	4.353E-2	4.445E-2	0.208	0.946	0.969
14.698	-0.454	-3.572E-2	0.455	1.172E-2	6.343E-2	6.451E-2	-0.396	0.475	0.618
14.715	-0.454	-3.475E-2	0.455	-8.320E-3	5.483E-2	5.546E-2	-0.668	-0.240	0.710
14.731	-0.454	-3.389E-2	0.455	-1.205E-2	5.467E-2	5.598E-2	-0.397	0.186	0.439
14.748	-0.454	-3.292E-2	0.455	-1.750E-2	6.194E-2	6.437E-2	-0.338	6.345E-2	0.344
14.765	-0.454	-3.182E-2	0.456	-2.706E-2	5.849E-2	6.445E-2	-0.339	-0.185	0.387
14.781	-0.455	-3.097E-2	0.456	-2.705E-2	5.285E-2	5.937E-2	-0.194	-0.280	0.340
14.798	-0.455	-3.006E-2	0.456	-3.307E-2	5.120E-2	6.095E-2	6.675E-2	-0.222	0.232
14.815	-0.456	-2.926E-2	0.457	-2.776E-2	4.467E-2	5.259E-2	0.134	-0.262	0.295
14.831	-0.456	-2.857E-2	0.457	-2.386E-2	4.197E-2	4.827E-2	0.150	-1.701E-2	0.151
14.848	-0.457	-2.786E-2	0.458	-2.674E-2	4.439E-2	5.182E-2	-3.573E-2	0.199	0.202
14.865	-0.457	-2.709E-2	0.458	-2.298E-2	4.878E-2	5.392E-2	8.366E-2	-0.148	0.170
14.882	-0.458	-2.623E-2	0.458	-2.434E-2	4.127E-2	4.792E-2	0.212	-0.503	0.546
14.898	-0.458	-2.571E-2	0.459	-1.743E-2	2.914E-2	3.396E-2	9.370E-4	-2.363E-2	2.365E-2
14.915	-0.458	-2.526E-2	0.459	-2.021E-2	3.947E-2	4.435E-2	-0.495	0.507	0.708
14.932	-0.459	-2.439E-2	0.459	-3.736E-2	5.022E-2	6.259E-2	-0.471	0.351	0.587
14.948	-0.459	-2.359E-2	0.460	-3.704E-2	4.882E-2	6.128E-2	0.314	0.105	0.332
14.965	-0.460	-2.276E-2	0.460	-2.494E-2	5.350E-2	5.903E-2	4.566E-2	0.127	0.135
14.982	-0.460	-2.180E-2	0.461	-3.290E-2	5.466E-2	6.380E-2	0.130	-0.157	0.204
14.998	-0.461	-2.094E-2	0.461	-2.795E-2	4.735E-2	5.499E-2	0.515	-0.306	0.599
15.015	-0.461	-2.022E-2	0.462	-8.586E-3	4.365E-2	4.448E-2	0.219	-8.836E-2	0.236
15.032	-0.461	-1.948E-2	0.462	-2.115E-2	4.501E-2	4.973E-2	-0.387	-5.074E-2	0.390
15.048	-0.462	-1.872E-2	0.462	-2.658E-2	4.261E-2	5.022E-2	-0.273	-0.209	0.344
15.065	-0.462	-1.806E-2	0.462	-2.514E-2	3.725E-2	4.494E-2	0.281	5.838E-2	0.287
15.082	-0.463	-1.748E-2	0.463	-2.163E-2	4.328E-2	4.839E-2	4.976E-2	-9.709E-2	0.109
15.098	-0.463	-1.662E-2	0.463	-1.868E-2	3.846E-2	4.276E-2	0.158	-0.335	0.371
15.115	-0.463	-1.619E-2	0.464	-2.054E-2	2.704E-2	3.396E-2	-0.111	-0.208	0.235
15.132	-0.464	-1.572E-2	0.464	-1.931E-2	3.314E-2	3.835E-2	8.738E-2	0.186	0.206
15.148	-0.464	-1.509E-2	0.464	-1.997E-2	3.479E-2	4.011E-2	-0.151	5.758E-2	0.161
15.165	-0.464	-1.456E-2	0.464	-2.206E-2	3.333E-2	3.997E-2	7.542E-2	-0.220	0.233
15.182	-0.465	-1.397E-2	0.465	-2.046E-2	2.912E-2	3.559E-2	0.200	0.129	0.238
15.199	-0.465	-1.358E-2	0.465	-1.274E-2	3.424E-2	3.654E-2	0.238	-3.552E-2	0.241
15.215	-0.465	-1.283E-2	0.465	-1.314E-2	3.351E-2	3.600E-2	-9.930E-4	-8.513E-2	8.513E-2
15.232	-0.465	-1.247E-2	0.465	-1.334E-2	2.596E-2	2.919E-2	-1.872E-2	-0.180	0.181
15.249	-0.466	-1.197E-2	0.466	-1.322E-2	3.028E-2	3.304E-2	9.395E-2	0.113	0.147
15.265	-0.466	-1.146E-2	0.466	-1.101E-2	2.940E-2	3.139E-2	-7.423E-2	-8.785E-2	0.115
15.282	-0.466	-1.098E-2	0.466	-1.387E-2	2.713E-2	3.048E-2	-2.951E-2	-0.122	0.126
15.299	-0.466	-1.055E-2	0.466	-1.482E-2	2.529E-2	2.931E-2	0.196	-0.172	0.261
15.315	-0.466	-1.014E-2	0.466	-5.675E-3	2.173E-2	2.246E-2	9.348E-2	-0.379	0.390
15.332	-0.466	-9.825E-3	0.467	-9.991E-3	1.282E-2	1.625E-2	0.142	-0.383	0.409
15.349	-0.467	-9.713E-3	0.467	-5.778E-3	7.484E-3	9.455E-3	-0.114	0.114	0.161
15.365	-0.467	-9.575E-3	0.467	-6.946E-3	1.654E-2	1.794E-2	-0.269	0.290	0.395
15.382	-0.467	-9.161E-3	0.467	-2.057E-2	2.008E-2	2.875E-2	-0.205	-0.121	0.238
15.399	-0.467	-8.905E-3	0.467	-1.279E-2	1.063E-2	1.663E-2	0.437	-0.337	0.552
15.415	-0.467	-8.807E-3	0.467	-4.045E-3	7.872E-3	8.851E-3	0.300	0.162	0.341
15.432	-0.467	-8.642E-3	0.468	-3.419E-3	1.635E-2	1.670E-2	-0.175	-3.082E-2	0.177
15.449	-0.467	-8.261E-3	0.468	-9.455E-3	1.023E-2	1.393E-2	-6.341E-2	-0.146	0.159
15.465	-0.468	-8.301E-3	0.468	-7.979E-3	5.778E-3	9.852E-3	0.238	-0.354	0.426
15.482	-0.468	-8.068E-3	0.468	9.358E-4	3.991E-3	4.099E-3	0.186	-6.935E-2	0.199
15.499	-0.468	-8.168E-3	0.468	-1.529E-3	-1.230E-3	1.963E-3	-0.191	5.676E-2	0.199
15.515	-0.468	-8.109E-3	0.468	-6.873E-3	8.021E-3	1.056E-2	-0.275	0.117	0.299
15.532	-0.468	-7.900E-3	0.468	-9.976E-3	4.447E-3	1.092E-2	-0.123	-0.232	0.262
15.549	-0.468	-7.961E-3	0.468	-1.158E-2	-2.786E-3	1.191E-2	0.134	-0.241	0.276
15.566	-0.468	-7.993E-3	0.468	-5.744E-3	-2.161E-3	6.137E-3	0.291	8.906E-2	0.304
15.582	-0.468	-8.033E-3	0.468	-5.008E-4	-2.964E-4	5.820E-4	0.136	-6.901E-2	0.152
15.599	-0.468	-8.003E-3	0.468	-1.750E-3	-3.134E-3	3.589E-3	-6.488E-2	-4.994E-2	8.188E-2
15.616	-0.468	-8.138E-3	0.468	-3.047E-3	-4.216E-3	5.201E-3	-9.213E-2	-0.158	0.183
15.632	-0.468	-8.144E-3	0.469	-4.437E-3	-5.835E-3	7.330E-3	-0.339	-0.142	0.368
15.649	-0.469	-8.332E-3	0.469	-1.365E-2	-1.109E-2	1.759E-2	-0.376	-3.264E-2	0.377
15.666	-0.469	-8.514E-3	0.469	-1.932E-2	-6.687E-3	2.045E-2	-5.676E-2	0.229	0.236
15.682	-0.469	-8.555E-3	0.469	-1.424E-2	-2.299E-3	1.442E-2	0.494	0.121	0.508
15.699	-0.469	-8.591E-3	0.469	-3.441E-3	-3.069E-3	4.611E-3	0.362	-0.265	0.448
15.716	-0.469	-8.658E-3	0.469	2.465E-4	-1.051E-2	1.051E-2	0.134	-0.386	0.409
15.732	-0.469	-8.941E-3	0.469	-1.615E-3	-1.759E-2	1.767E-2	-0.220	-0.108	0.245
15.749	-0.469	-9.245E-3	0.469	-5.036E-3	-1.396E-2	1.484E-2	-1.753E-2	0.114	0.115
15.766	-0.470	-9.407E-3	0.470	-4.988E-3	-1.215E-2	1.314E-2	-7.837E-2	1.153E-2	7.921E-2
15.782	-0.470	-9.650E-3	0.470	-4.439E-3	-1.484E-2	1.549E-2	9.120E-2	-0.201	0.221
15.799	-0.470	-9.902E-3	0.470	-4.936E-3	-1.816E-2	1.882E-2	-6.014E-2	-2.606E-2	6.554E-2
15.816	-0.470	-1.026E-2	0.470	-3.833E-3	-1.713E-2	1.755E-2	2.399E-2	-7.848E-2	8.207E-2
15.832	-0.470	-1.047E-2	0.470	-6.046E-3	-1.841E-2	1.937E-2	-0.481	-0.102	0.492
15.849	-0.470	-1.087E-2	0.470	-1.717E-2	-2.281E-2	2.855E-2	-5.614E-2	-0.187	0.195
15.866	-0.470	-1.123E-2	0.471	-1.395E-2	-2.337E-2	2.722E-2	0.221	-8.913E-2	0.238
15.883	-0.470	-1.165E-2	0.470	-2.839E-3	-2.618E-2	2.633E-2	0.286	-6.798E-2	0.294
15.899	-0.470	-1.211E-2	0.471	-7.921E-3	-2.599E-2	2.717E-2	-0.296	0.122	0.320
15.916	-0.471	-1.252E-2	0.471	-1.169E-2	-2.189E-2	2.481E-2	-0.216	0.137	0.256
15.933	-0.471	-1.284E-2	0.471	-1.589E-2	-2.066E-2	2.607E-2	-0.102	-3.414E-2	0.107
15.949	-0.471	-1.321E-2	0.471	-1.510E-2	-2.359E-2	2.801E-2	0.141	-4.788E-2	0.149
15.966	-0.471	-1.363E-2	0.472	-1.095E-2	-2.282E-2	2.531E-2	3.749E-2	4.896E-2	6.166E-2
15.983	-0.472	-1.397E-2	0.472	-1.276E-2	-2.102E-2	2.459E-2	1.903E-2	-7.533E-2	7.770E-2
15.999	-0.472	-1.433E-2	0.472	-1.254E-2	-2.526E-2	2.820E-2	-0.217	-1.222E-2	0.218
16.016	-0.472	-1.481E-2	0.472	-1.685E-2	-2.325E-2	2.871E-2	-0.112	0.124	0.167
16.033	-0.472	-1.510E-2	0.473	-2.022E-2	-1.876E-2	2.758E-2	0.117	0.194	0.226
16.049	-0.473	-1.544E-2	0.473	-1.070E-2	-1.823E-2	2.114E-2	0.124	-0.281	0.307
16.066	-0.473	-1.571E-2	0.473	-1.458E-2	-2.607E-2	2.987E-2	-0.269	-0.174	0.321
16.083	-0.473	-1.631E-2	0.473	-2.253E-2	-2.814E-2	3.605E-2	-0.106	3.976E-2	0.114
16.099	-0.473	-1.665E-2	0.474	-1.769E-2	-2.113E-2	2.756E-2	0.144	0.228	0.270
16.116	-0.474	-1.701E-2	0.474	-1.591E-2	-2.175E-2	2.695E-2	-0.116	0.146	0.187
16.133	-0.474	-1.738E-2	0.474	-2.261E-2	-1.689E-2	2.822E-2	-4.059E-2	-9.893E-2	0.107
16.149	-0.474	-1.758E-2	0.475	-1.891E-2	-2.218E-2	2.915E-2	0.107	2.456E-2	0.110
16.166	-0.475	-1.812E-2	0.475	-1.580E-2	-2.128E-2	2.650E-2	-0.145	7.007E-2	0.161
16.183	-0.475	-1.829E-2	0.475	-2.525E-2	-1.458E-2	2.916E-2	-0.293	0.141	0.325
16.200	-0.475	-1.860E-2	0.476	-2.698E-2	-1.937E-2	3.321E-2	-7.224E-2	-9.565E-2	0.120
16.216	-0.476	-1.893E-2	0.476	-2.561E-2	-1.756E-2	3.106E-2	0.223	7.106E-2	0.234
16.233	-0.476	-1.919E-2	0.477	-2.153E-2	-1.620E-2	2.695E-2	0.310	-0.202	0.370
16.250	-0.477	-1.947E-2	0.477	-1.346E-2	-2.387E-2	2.740E-2	0.184	-0.163	0.245
16.266	-0.477	-1.998E-2	0.477	-1.523E-2	-2.437E-2	2.874E-2	-0.422	-5.286E-2	0.425
16.283	-0.477	-2.029E-2	0.478	-2.760E-2	-2.224E-2	3.544E-2	-0.441	0.102	0.453
16.300	-0.478	-2.073E-2	0.478	-3.247E-2	-2.348E-2	4.007E-2			
16.316	-0.478	-2.107E-2	0.479						
