	mass C									
t	x	y	r	vx	vy	v	ax	ay	a	
0.000	1.102E-3	1.012E-2	1.018E-2						
0.017	1.310E-3	1.019E-2	1.027E-2	3.022E-2	1.868E-3	3.028E-2			
0.033	2.110E-3	1.018E-2	1.040E-2	3.242E-2	1.108E-3	3.243E-2	2.414E-2	-6.264E-2	6.713E-2
0.050	2.391E-3	1.023E-2	1.050E-2	2.313E-2	8.842E-4	2.315E-2	7.064E-2	-7.834E-2	0.105
0.067	2.882E-3	1.021E-2	1.061E-2	3.763E-2	-2.136E-3	3.769E-2	-0.121	-0.141	0.185
0.083	3.647E-3	1.015E-2	1.079E-2	2.371E-2	-3.776E-3	2.401E-2	-0.410	5.694E-2	0.414
0.100	3.673E-3	1.008E-2	1.073E-2	1.459E-2	-7.410E-4	1.461E-2	0.223	-7.950E-2	0.237
0.117	4.134E-3	1.013E-2	1.094E-2	3.673E-2	-4.312E-3	3.698E-2	0.671	-0.178	0.694
0.133	4.899E-3	9.939E-3	1.108E-2	3.875E-2	-9.495E-3	3.990E-2	0.224	-0.546	0.590
0.150	5.427E-3	9.813E-3	1.121E-2	3.972E-2	-1.926E-2	4.414E-2	0.635	-0.378	0.739
0.167	6.224E-3	9.296E-3	1.119E-2	6.132E-2	-2.638E-2	6.676E-2	-5.851E-2	-6.424E-3	5.886E-2
0.184	7.473E-3	8.932E-3	1.165E-2	4.477E-2	-1.715E-2	4.794E-2	-0.533	0.276	0.600
0.200	7.718E-3	8.724E-3	1.165E-2	3.073E-2	-1.600E-2	3.465E-2	-0.422	-5.510E-2	0.426
0.217	8.498E-3	8.399E-3	1.195E-2	4.047E-2	-2.050E-2	4.537E-2	2.994E-2	-0.129	0.132
0.234	9.069E-3	8.040E-3	1.212E-2	2.846E-2	-2.026E-2	3.493E-2	-0.154	-5.671E-2	0.164
0.250	9.448E-3	7.723E-3	1.220E-2	3.313E-2	-2.153E-2	3.951E-2	2.038E-2	-0.226	0.227
0.267	1.017E-2	7.321E-3	1.253E-2	3.425E-2	-2.813E-2	4.432E-2	8.331E-2	5.907E-2	0.102
0.284	1.059E-2	6.784E-3	1.258E-2	3.092E-2	-2.185E-2	3.786E-2	0.191	0.358	0.406
0.300	1.121E-2	6.592E-3	1.300E-2	4.279E-2	-1.249E-2	4.457E-2	1.353	0.250	1.376
0.317	1.202E-2	6.367E-3	1.360E-2	7.340E-2	-1.505E-2	7.492E-2	-9.004E-2	-0.120	0.150
0.334	1.365E-2	6.090E-3	1.495E-2	5.251E-2	-1.678E-2	5.512E-2	-1.139	0.137	1.147
0.350	1.377E-2	5.807E-3	1.494E-2	1.736E-2	-1.115E-2	2.063E-2	-0.711	0.352	0.793
0.367	1.423E-2	5.718E-3	1.534E-2	3.696E-2	-3.606E-3	3.714E-2	0.284	0.304	0.416
0.384	1.500E-2	5.687E-3	1.605E-2	3.024E-2	-1.410E-3	3.027E-2	0.303	-0.148	0.337
0.400	1.524E-2	5.671E-3	1.626E-2	3.785E-2	-7.701E-3	3.862E-2	0.188	1.890E-2	0.189
0.417	1.627E-2	5.430E-3	1.715E-2	4.749E-2	-4.231E-3	4.767E-2	0.853	6.555E-2	0.856
0.434	1.683E-2	5.530E-3	1.771E-2	5.583E-2	-6.791E-4	5.583E-2	9.140E-2	-0.237	0.254
0.450	1.813E-2	5.407E-3	1.892E-2	6.126E-2	-1.449E-2	6.296E-2	-0.507	-0.448	0.677
0.467	1.887E-2	5.046E-3	1.953E-2	3.264E-2	-1.733E-2	3.696E-2	-0.672	-0.211	0.704
0.484	1.922E-2	4.829E-3	1.982E-2	3.572E-2	-1.850E-2	4.023E-2	0.857	0.150	0.871
0.500	2.006E-2	4.429E-3	2.055E-2	6.514E-2	-1.569E-2	6.700E-2	9.829E-2	-0.335	0.349
0.517	2.139E-2	4.306E-3	2.182E-2	4.584E-2	-2.415E-2	5.181E-2	-0.289	-0.352	0.456
0.534	2.159E-2	3.623E-3	2.189E-2	3.980E-2	-3.435E-2	5.257E-2	9.737E-2	-0.178	0.203
0.551	2.272E-2	3.160E-3	2.294E-2	6.255E-2	-2.607E-2	6.777E-2	-6.899E-2	0.561	0.565
0.567	2.368E-2	2.753E-3	2.384E-2	3.529E-2	-1.711E-2	3.922E-2	-0.583	2.234E-2	0.584
0.584	2.390E-2	2.589E-3	2.404E-2	3.439E-2	-2.180E-2	4.072E-2	0.502	-0.348	0.611
0.601	2.483E-2	2.026E-3	2.491E-2	6.064E-2	-3.323E-2	6.915E-2	0.917	-0.321	0.971
0.617	2.592E-2	1.480E-3	2.596E-2	6.360E-2	-3.092E-2	7.072E-2	-0.456	0.278	0.534
0.634	2.695E-2	9.943E-4	2.697E-2	4.638E-2	-2.420E-2	5.231E-2	-0.509	-0.131	0.526
0.651	2.747E-2	6.724E-4	2.748E-2	4.108E-2	-3.231E-2	5.226E-2	-2.364E-2	-0.363	0.364
0.667	2.832E-2	-8.372E-5	2.832E-2	5.068E-2	-4.131E-2	6.538E-2	0.814	-5.562E-2	0.816
0.684	2.916E-2	-7.059E-4	2.917E-2	6.466E-2	-3.193E-2	7.211E-2	0.107	0.463	0.476
0.701	3.048E-2	-1.149E-3	3.050E-2	6.100E-2	-2.509E-2	6.596E-2	3.540E-2	0.133	0.138
0.717	3.119E-2	-1.543E-3	3.123E-2	5.668E-2	-2.731E-2	6.291E-2	-0.197	-0.292	0.352
0.734	3.237E-2	-2.060E-3	3.243E-2	6.210E-2	-3.544E-2	7.150E-2	-9.750E-2	2.390E-3	9.753E-2
0.751	3.327E-2	-2.726E-3	3.338E-2	4.969E-2	-2.947E-2	5.777E-2	-0.443	0.205	0.488
0.767	3.403E-2	-3.043E-3	3.416E-2	4.711E-2	-2.423E-2	5.298E-2	0.288	0.137	0.320
0.784	3.484E-2	-3.534E-3	3.502E-2	5.889E-2	-2.805E-2	6.523E-2	0.287	-0.207	0.354
0.801	3.599E-2	-3.979E-3	3.621E-2	6.062E-2	-2.958E-2	6.745E-2	-0.140	0.475	0.495
0.817	3.686E-2	-4.521E-3	3.714E-2	5.054E-2	-1.564E-2	5.291E-2	-8.350E-2	1.065	1.068
0.834	3.768E-2	-4.501E-3	3.795E-2	5.739E-2	9.927E-3	5.824E-2	-0.466	1.265	1.348
0.851	3.878E-2	-4.190E-3	3.900E-2	4.116E-2	2.567E-2	4.850E-2	-0.474	1.234	1.322
0.868	3.905E-2	-3.645E-3	3.922E-2	3.122E-2	4.946E-2	5.849E-2	-0.465	0.579	0.743
0.884	3.982E-2	-2.539E-3	3.990E-2	3.493E-2	5.097E-2	6.179E-2	0.120	-0.926	0.933
0.901	4.022E-2	-1.944E-3	4.026E-2	2.921E-2	1.479E-2	3.274E-2	-0.465	-1.632	1.697
0.918	4.079E-2	-2.046E-3	4.084E-2	2.400E-2	-7.123E-3	2.503E-2	0.350	-0.829	0.900
0.934	4.102E-2	-2.182E-3	4.108E-2	3.418E-2	-9.930E-3	3.559E-2	0.401	0.388	0.558
0.951	4.193E-2	-2.377E-3	4.200E-2	4.605E-2	3.331E-3	4.617E-2	0.271	0.961	0.999
0.968	4.255E-2	-2.071E-3	4.260E-2	3.769E-2	2.565E-2	4.559E-2	-0.242	1.192	1.217
0.984	4.319E-2	-1.521E-3	4.322E-2	3.920E-2	4.178E-2	5.730E-2	0.170	1.060	1.074
1.001	4.386E-2	-6.765E-4	4.387E-2	4.319E-2	6.102E-2	7.476E-2	-4.262E-2	1.092	1.093
1.018	4.463E-2	5.149E-4	4.463E-2	3.942E-2	7.885E-2	8.816E-2	0.398	0.835	0.925
1.034	4.518E-2	1.955E-3	4.522E-2	5.146E-2	8.912E-2	0.103	9.586E-2	2.848E-2	0.100
1.051	4.635E-2	3.488E-3	4.648E-2	5.158E-2	8.110E-2	9.611E-2	0.349	-0.344	0.490
1.068	4.690E-2	4.660E-3	4.713E-2	5.235E-2	7.364E-2	9.036E-2	8.375E-2	-0.410	0.418
1.084	4.810E-2	5.946E-3	4.846E-2	6.372E-2	7.082E-2	9.526E-2	0.642	-2.971E-2	0.642
1.101	4.902E-2	7.023E-3	4.953E-2	6.708E-2	6.967E-2	9.671E-2	-0.524	-0.148	0.545
1.118	5.033E-2	8.270E-3	5.101E-2	5.410E-2	6.902E-2	8.770E-2	-0.179	-0.252	0.309
1.134	5.083E-2	9.326E-3	5.168E-2	4.967E-2	5.947E-2	7.748E-2	-0.175	-0.114	0.209
1.151	5.199E-2	1.025E-2	5.299E-2	5.895E-2	6.378E-2	8.685E-2	-0.126	-0.416	0.434
1.168	5.280E-2	1.145E-2	5.403E-2	4.066E-2	5.141E-2	6.555E-2	-0.484	-0.333	0.588
1.185	5.335E-2	1.197E-2	5.467E-2	4.098E-2	4.381E-2	5.999E-2	0.599	-0.174	0.623
1.201	5.416E-2	1.292E-2	5.568E-2	6.212E-2	5.279E-2	8.152E-2	0.207	-0.181	0.275
1.218	5.542E-2	1.373E-2	5.710E-2	5.361E-2	3.654E-2	6.488E-2	-0.155	-0.659	0.676
1.235	5.595E-2	1.414E-2	5.771E-2	4.676E-2	2.742E-2	5.421E-2	-8.473E-2	-0.166	0.186
1.251	5.698E-2	1.465E-2	5.883E-2	5.856E-2	3.329E-2	6.736E-2	-1.911E-2	0.139	0.140
1.268	5.791E-2	1.525E-2	5.988E-2	4.468E-2	3.282E-2	5.544E-2	-0.443	-0.331	0.553
1.285	5.847E-2	1.574E-2	6.055E-2	4.021E-2	2.204E-2	4.585E-2	0.258	-0.129	0.289
1.301	5.925E-2	1.598E-2	6.137E-2	5.540E-2	2.525E-2	6.088E-2	0.152	-5.231E-2	0.161
1.318	6.032E-2	1.658E-2	6.256E-2	4.906E-2	2.592E-2	5.549E-2	-0.191	-0.151	0.244
1.335	6.089E-2	1.685E-2	6.317E-2	4.223E-2	1.577E-2	4.508E-2	-0.173	-0.316	0.360
1.351	6.173E-2	1.711E-2	6.406E-2	4.817E-2	1.669E-2	5.098E-2	0.152	1.007E-2	0.152
1.368	6.249E-2	1.740E-2	6.487E-2	4.547E-2	1.653E-2	4.838E-2	0.192	-0.252	0.317
1.385	6.325E-2	1.766E-2	6.567E-2	5.361E-2	8.770E-3	5.433E-2	-0.119	1.762E-2	0.120
1.401	6.428E-2	1.770E-2	6.667E-2	4.622E-2	1.371E-2	4.821E-2	-0.443	-1.470E-3	0.443
1.418	6.479E-2	1.812E-2	6.727E-2	3.275E-2	1.453E-2	3.583E-2	-0.161	-8.477E-2	0.182
1.435	6.537E-2	1.818E-2	6.786E-2	4.271E-2	5.842E-3	4.310E-2	0.216	-0.397	0.452
1.451	6.621E-2	1.831E-2	6.870E-2	4.285E-2	3.976E-3	4.303E-2	-0.232	-4.414E-2	0.236
1.468	6.680E-2	1.831E-2	6.927E-2	3.221E-2	2.573E-3	3.232E-2	8.487E-2	-7.050E-3	8.516E-2
1.485	6.729E-2	1.840E-2	6.976E-2	4.374E-2	5.049E-3	4.403E-2	0.420	-1.281E-2	0.420
1.501	6.826E-2	1.848E-2	7.072E-2	5.183E-2	2.158E-3	5.187E-2	-0.484	-0.121	0.499
1.518	6.902E-2	1.847E-2	7.145E-2	2.630E-2	1.202E-4	2.630E-2	-0.605	-0.183	0.632
1.535	6.914E-2	1.849E-2	7.157E-2	2.471E-2	-2.787E-3	2.487E-2	0.150	9.163E-3	0.150
1.552	6.984E-2	1.838E-2	7.222E-2	3.935E-2	-1.451E-3	3.937E-2	0.237	-8.437E-2	0.252
1.568	7.045E-2	1.844E-2	7.283E-2	3.028E-2	-2.743E-3	3.041E-2	-0.309	6.676E-2	0.316
1.585	7.085E-2	1.829E-2	7.317E-2	2.714E-2	-2.655E-3	2.727E-2	0.282	4.906E-2	0.286
1.602	7.136E-2	1.835E-2	7.368E-2	4.012E-2	1.886E-3	4.017E-2	0.157	-6.643E-2	0.171
1.618	7.219E-2	1.835E-2	7.449E-2	3.661E-2	-5.521E-3	3.703E-2	0.269	-0.200	0.335
1.635	7.258E-2	1.817E-2	7.482E-2	4.135E-2	-6.732E-3	4.189E-2	0.100	9.496E-2	0.138
1.652	7.357E-2	1.813E-2	7.577E-2	4.855E-2	-5.769E-4	4.855E-2	-0.234	0.318	0.395
1.668	7.420E-2	1.815E-2	7.639E-2	2.913E-2	3.463E-3	2.933E-2	-0.464	3.293E-2	0.465
1.685	7.454E-2	1.824E-2	7.674E-2	3.069E-2	1.499E-3	3.073E-2	0.385	-1.094E-2	0.386
1.702	7.523E-2	1.820E-2	7.739E-2	4.547E-2	1.047E-3	4.548E-2	0.193	6.670E-2	0.204
1.718	7.606E-2	1.828E-2	7.823E-2	3.863E-2	5.317E-3	3.899E-2	-0.555	-0.157	0.577
1.735	7.651E-2	1.837E-2	7.869E-2	2.354E-2	-3.272E-3	2.376E-2	-0.237	-0.141	0.276
1.752	7.685E-2	1.817E-2	7.896E-2	2.987E-2	-3.346E-3	3.006E-2	0.469	-3.803E-2	0.470
1.768	7.751E-2	1.826E-2	7.963E-2	4.222E-2	1.394E-4	4.222E-2	0.120	0.264	0.290
1.785	7.825E-2	1.817E-2	8.034E-2	3.456E-2	1.595E-3	3.459E-2	-0.216	4.978E-2	0.222
1.802	7.866E-2	1.831E-2	8.077E-2	3.089E-2	5.099E-3	3.131E-2	0.255	2.829E-2	0.257
1.818	7.929E-2	1.834E-2	8.138E-2	4.520E-2	6.666E-4	4.520E-2	0.140	-0.113	0.180
1.835	8.017E-2	1.834E-2	8.224E-2	3.896E-2	1.330E-3	3.898E-2	-0.316	1.513E-2	0.316
1.852	8.059E-2	1.839E-2	8.266E-2	2.889E-2	1.902E-3	2.895E-2	0.109	0.121	0.163
1.869	8.114E-2	1.840E-2	8.320E-2	4.420E-2	4.362E-3	4.441E-2	0.460	9.841E-2	0.470
1.885	8.206E-2	1.853E-2	8.413E-2	4.791E-2	6.513E-3	4.835E-2	-0.583	-0.100	0.591
1.902	8.273E-2	1.862E-2	8.480E-2	2.343E-2	7.704E-4	2.345E-2	-0.414	-4.811E-2	0.417
1.919	8.284E-2	1.856E-2	8.489E-2	2.733E-2	2.899E-3	2.748E-2	0.264	-3.186E-3	0.264
1.935	8.365E-2	1.871E-2	8.571E-2	4.159E-2	3.950E-3	4.178E-2	0.272	2.040E-2	0.273
1.952	8.423E-2	1.869E-2	8.628E-2	3.196E-2	7.474E-4	3.196E-2	-5.441E-2	-0.211	0.218
1.969	8.471E-2	1.874E-2	8.676E-2	3.850E-2	-1.076E-3	3.851E-2	1.721E-2	5.198E-2	5.476E-2
1.985	8.551E-2	1.865E-2	8.752E-2	3.723E-2	2.074E-4	3.723E-2	-0.289	6.604E-2	0.296
2.002	8.595E-2	1.875E-2	8.798E-2	2.466E-2	3.551E-3	2.491E-2	-0.437	5.651E-2	0.441
2.019	8.634E-2	1.877E-2	8.835E-2	2.359E-2	8.299E-4	2.361E-2	-6.025E-2	-0.134	0.147
2.035	8.674E-2	1.877E-2	8.875E-2	2.325E-2	-7.024E-4	2.326E-2	0.552	-2.415E-2	0.552
2.052	8.711E-2	1.875E-2	8.911E-2	3.919E-2	-3.079E-4	3.919E-2	-3.850E-2	-9.254E-2	0.100
2.069	8.805E-2	1.876E-2	9.003E-2	3.062E-2	-2.774E-3	3.074E-2	-0.560	-0.137	0.576
2.085	8.813E-2	1.866E-2	9.009E-2	1.007E-2	-6.174E-3	1.181E-2	-7.664E-2	3.904E-2	8.602E-2
2.102	8.839E-2	1.856E-2	9.031E-2	3.088E-2	-1.471E-3	3.092E-2	0.463	0.108	0.476
2.119	8.916E-2	1.861E-2	9.108E-2	3.150E-2	-8.452E-4	3.151E-2	0.203	1.999E-2	0.204
2.135	8.944E-2	1.853E-2	9.134E-2	2.921E-2	-2.762E-3	2.934E-2	-0.486	2.994E-3	0.486
2.152	9.014E-2	1.851E-2	9.202E-2	2.377E-2	1.588E-4	2.377E-2	0.238	2.242E-2	0.239
2.169	9.023E-2	1.853E-2	9.211E-2	2.698E-2	-1.564E-3	2.703E-2	-6.543E-2	-7.662E-3	6.588E-2
2.186	9.104E-2	1.846E-2	9.289E-2	3.263E-2	-1.470E-3	3.267E-2	0.204	-3.687E-2	0.207
2.202	9.132E-2	1.849E-2	9.317E-2	2.499E-2	-1.188E-3	2.502E-2	-1.058E-3	3.247E-2	3.248E-2
2.219	9.187E-2	1.842E-2	9.370E-2	3.673E-2	-1.834E-3	3.677E-2	0.466	-8.294E-2	0.473
2.236	9.254E-2	1.842E-2	9.436E-2	4.033E-2	-2.621E-3	4.042E-2	-0.183	-0.117	0.217
2.252	9.322E-2	1.833E-2	9.500E-2	3.145E-2	-6.631E-3	3.214E-2	-0.839	-3.912E-2	0.840
2.269	9.359E-2	1.820E-2	9.535E-2	1.134E-2	-4.386E-3	1.216E-2	-0.635	0.348	0.724
2.286	9.360E-2	1.819E-2	9.535E-2	7.360E-3	5.280E-3	9.058E-3	-0.134	0.824	0.835
2.302	9.384E-2	1.838E-2	9.562E-2	1.098E-2	2.277E-2	2.528E-2	-3.921E-2	1.760	1.760
2.319	9.396E-2	1.895E-2	9.586E-2	4.459E-3	6.232E-2	6.248E-2	-0.374	1.777	1.816
2.336	9.399E-2	2.046E-2	9.619E-2	-1.452E-3	8.876E-2	8.877E-2	-9.611E-2	1.108	1.112
2.352	9.392E-2	2.191E-2	9.644E-2	2.016E-4	9.378E-2	9.378E-2	0.105	6.055E-2	0.121
2.369	9.399E-2	2.359E-2	9.691E-2	3.887E-3	9.393E-2	9.401E-2	-0.295	-0.294	0.416
2.386	9.404E-2	2.504E-2	9.732E-2	-8.846E-3	8.188E-2	8.236E-2	2.166E-2	-0.234	0.235
2.402	9.370E-2	2.632E-2	9.733E-2	-1.412E-3	8.439E-2	8.440E-2	0.213	0.123	0.246
2.419	9.400E-2	2.786E-2	9.804E-2	7.022E-3	8.942E-2	8.970E-2	0.283	-0.572	0.638
2.436	9.393E-2	2.930E-2	9.840E-2	1.424E-3	6.626E-2	6.627E-2	-0.504	-0.747	0.901
2.452	9.405E-2	3.007E-2	9.874E-2	-5.064E-3	5.747E-2	5.770E-2	0.225	-0.235	0.326
2.469	9.376E-2	3.122E-2	9.883E-2	2.121E-3	6.514E-2	6.518E-2	0.226	-0.166	0.281
2.486	9.412E-2	3.224E-2	9.949E-2	1.102E-2	5.072E-2	5.191E-2	0.318	-0.500	0.593
2.502	9.413E-2	3.291E-2	9.972E-2	6.389E-3	4.524E-2	4.569E-2	-0.317	-0.272	0.418
2.519	9.433E-2	3.375E-2	0.100	4.454E-3	4.532E-2	4.554E-2	-0.134	-0.303	0.332
2.536	9.428E-2	3.443E-2	0.100	-1.193E-3	3.387E-2	3.389E-2	-0.183	-0.488	0.521
2.553	9.429E-2	3.488E-2	0.101	-3.625E-5	2.787E-2	2.787E-2	0.171	-0.593	0.617
2.569	9.428E-2	3.536E-2	0.101	3.515E-3	1.677E-2	1.713E-2	1.707E-2	-0.382	0.383
2.586	9.441E-2	3.544E-2	0.101	2.509E-3	1.095E-2	1.123E-2	-0.174	-0.107	0.204
2.603	9.436E-2	3.572E-2	0.101	-4.124E-3	1.650E-2	1.701E-2	0.125	0.231	0.263
2.619	9.427E-2	3.599E-2	0.101	5.391E-3	1.762E-2	1.843E-2	0.840	-0.321	0.899
2.636	9.454E-2	3.631E-2	0.101	2.592E-2	7.769E-3	2.706E-2	0.932	-0.707	1.170
2.653	9.513E-2	3.625E-2	0.102	3.735E-2	-8.586E-3	3.833E-2	0.201	-0.362	0.414
2.669	9.579E-2	3.602E-2	0.102	3.275E-2	-5.429E-3	3.320E-2	-0.710	-0.170	0.730
2.686	9.623E-2	3.607E-2	0.103	1.335E-2	-9.363E-3	1.631E-2	-0.479	-0.166	0.508
2.703	9.623E-2	3.571E-2	0.103	1.233E-2	-1.645E-2	2.056E-2	0.262	-0.649	0.700
2.719	9.664E-2	3.552E-2	0.103	2.691E-2	-2.570E-2	3.721E-2	0.244	-0.388	0.458
2.736	9.713E-2	3.485E-2	0.103	2.084E-2	-3.502E-2	4.075E-2	-0.685	-0.506	0.852
2.753	9.733E-2	3.436E-2	0.103	2.499E-3	-3.789E-2	3.797E-2	-2.053E-2	-0.382	0.382
2.769	9.722E-2	3.359E-2	0.103	1.548E-2	-5.018E-2	5.252E-2	0.570	-0.327	0.657
2.786	9.785E-2	3.268E-2	0.103	3.039E-2	-4.957E-2	5.814E-2	0.159	-0.186	0.245
2.803	9.823E-2	3.194E-2	0.103	1.634E-2	-5.317E-2	5.562E-2	-0.309	-0.144	0.341
2.819	9.840E-2	3.091E-2	0.103	1.812E-2	-5.800E-2	6.077E-2	-0.117	-0.357	0.376
2.836	9.883E-2	3.000E-2	0.103	1.704E-2	-6.178E-2	6.408E-2	-0.168	-3.328E-2	0.172
2.853	9.896E-2	2.885E-2	0.103	8.541E-3	-6.268E-2	6.326E-2	-7.003E-2	0.422	0.428
2.870	9.912E-2	2.791E-2	0.103	1.541E-2	-4.619E-2	4.870E-2	0.347	0.958	1.019
2.886	9.948E-2	2.730E-2	0.103	2.168E-2	-2.973E-2	3.679E-2	0.906	0.859	1.249
2.903	9.984E-2	2.692E-2	0.103	4.199E-2	-1.786E-2	4.563E-2	0.469	0.506	0.690
2.920	0.101	2.671E-2	0.104	4.541E-2	-1.228E-2	4.704E-2	-0.806	-0.187	0.827
2.936	0.101	2.651E-2	0.105	1.014E-2	-2.323E-2	2.534E-2	-0.976	-0.338	1.032
2.953	0.101	2.593E-2	0.104	7.616E-3	-2.772E-2	2.874E-2	-0.125	-0.145	0.192
2.970	0.102	2.558E-2	0.105	1.453E-2	-2.413E-2	2.817E-2	0.527	-0.109	0.539
2.986	0.102	2.513E-2	0.105	1.842E-2	-3.244E-2	3.731E-2	1.171E-2	-0.497	0.497
3.003	0.102	2.450E-2	0.105	2.141E-2	-4.126E-2	4.648E-2	0.383	-0.345	0.515
3.020	0.102	2.375E-2	0.105	2.455E-2	-4.431E-2	5.065E-2	0.693	-0.171	0.714
3.036	0.103	2.302E-2	0.106	4.826E-2	-4.597E-2	6.665E-2	0.459	-0.163	0.487
3.053	0.104	2.222E-2	0.106	4.321E-2	-5.016E-2	6.621E-2	-0.785	-5.583E-2	0.787
3.070	0.104	2.135E-2	0.107	1.757E-2	-4.860E-2	5.167E-2	-0.743	-1.870E-2	0.743
3.086	0.105	2.060E-2	0.107	1.647E-2	-4.893E-2	5.162E-2	0.245	0.101	0.265
3.103	0.105	1.971E-2	0.107	2.921E-2	-4.759E-2	5.584E-2	0.305	3.122E-2	0.307
3.120	0.106	1.901E-2	0.107	2.726E-2	-4.540E-2	5.296E-2	0.632	0.203	0.664
3.136	0.106	1.820E-2	0.107	4.480E-2	-4.318E-2	6.222E-2	0.303	0.365	0.474
3.153	0.107	1.757E-2	0.109	4.773E-2	-3.212E-2	5.753E-2	-0.365	0.513	0.629
3.170	0.108	1.713E-2	0.109	2.399E-2	-2.531E-2	3.487E-2	-0.336	0.316	0.462
3.187	0.108	1.672E-2	0.109	3.620E-2	-2.239E-2	4.256E-2	0.307	0.533	0.615
3.203	0.109	1.638E-2	0.110	4.077E-2	-8.780E-3	4.171E-2	0.695	0.824	1.078
3.220	0.109	1.643E-2	0.110	5.096E-2	7.499E-3	5.151E-2	0.461	0.667	0.811
3.237	0.110	1.663E-2	0.112	6.486E-2	1.298E-2	6.615E-2	0.299	0.123	0.323
3.253	0.111	1.686E-2	0.113	5.601E-2	1.154E-2	5.718E-2	0.152	0.222	0.270
3.270	0.112	1.702E-2	0.114	6.857E-2	1.831E-2	7.097E-2	0.667	0.161	0.686
3.287	0.114	1.747E-2	0.115	8.249E-2	2.081E-2	8.507E-2	-0.167	4.979E-3	0.167
3.303	0.115	1.771E-2	0.116	6.364E-2	1.515E-2	6.542E-2	-1.005	0.169	1.019
3.320	0.116	1.798E-2	0.117	4.378E-2	2.623E-2	5.103E-2	1.983E-2	7.356E-2	7.618E-2
3.337	0.117	1.859E-2	0.118	6.365E-2	2.236E-2	6.746E-2	0.956	-0.447	1.056
3.353	0.118	1.873E-2	0.119	8.220E-2	6.175E-3	8.243E-2	-3.886E-2	-0.709	0.710
3.370	0.119	1.879E-2	0.121	6.129E-2	5.530E-4	6.129E-2	-0.210	-0.229	0.311
3.387	0.120	1.874E-2	0.121	6.684E-2	-2.229E-3	6.688E-2	0.376	-0.322	0.495
3.403	0.122	1.872E-2	0.123	8.426E-2	-8.535E-3	8.470E-2	0.347	-0.145	0.376
3.420	0.123	1.846E-2	0.124	7.368E-2	-9.928E-3	7.435E-2	-0.603	-0.109	0.613
3.437	0.124	1.839E-2	0.125	6.467E-2	-8.939E-3	6.528E-2	-0.268	0.131	0.298
3.453	0.125	1.816E-2	0.126	6.334E-2	-8.399E-3	6.390E-2	-0.406	6.008E-2	0.410
3.470	0.126	1.811E-2	0.127	5.468E-2	-4.633E-3	5.487E-2	0.179	-9.192E-2	0.201
3.487	0.127	1.801E-2	0.128	6.239E-2	-1.175E-2	6.349E-2	-3.314E-3	-0.435	0.435
3.503	0.128	1.771E-2	0.129	6.462E-2	-2.021E-2	6.771E-2	0.528	4.208E-2	0.530
3.520	0.129	1.733E-2	0.130	6.889E-2	-1.186E-2	6.990E-2	0.629	0.235	0.672
3.537	0.130	1.732E-2	0.132	9.405E-2	-7.830E-3	9.437E-2	0.547	-9.178E-2	0.555
3.554	0.132	1.707E-2	0.133	8.638E-2	-1.804E-2	8.824E-2	-0.682	-0.284	0.739
3.570	0.133	1.672E-2	0.134	6.877E-2	-1.772E-2	7.101E-2	-0.757	-3.747E-2	0.757
3.587	0.134	1.648E-2	0.135	6.084E-2	-1.736E-2	6.327E-2	1.599E-2	-0.170	0.171
3.604	0.135	1.614E-2	0.136	6.872E-2	-2.428E-2	7.288E-2	0.476	-0.339	0.584
3.620	0.137	1.567E-2	0.138	7.919E-2	-2.912E-2	8.438E-2	-0.260	-0.538	0.597
3.637	0.138	1.517E-2	0.139	6.192E-2	-4.053E-2	7.401E-2	-2.083E-2	-0.815	0.815
3.654	0.139	1.432E-2	0.139	6.917E-2	-5.806E-2	9.031E-2	0.171	-0.702	0.723
3.670	0.140	1.323E-2	0.141	7.995E-2	-6.465E-2	0.103	0.242	-5.304E-2	0.248
3.687	0.141	1.216E-2	0.142	6.859E-2	-5.929E-2	9.067E-2	9.554E-2	5.399E-2	0.110
3.704	0.143	1.125E-2	0.143	8.471E-2	-6.071E-2	0.104	-1.874E-2	0.112	0.114
3.720	0.144	1.013E-2	0.145	7.414E-2	-5.909E-2	9.480E-2	-0.702	7.273E-2	0.706
3.737	0.145	9.278E-3	0.145	5.283E-2	-5.470E-2	7.605E-2	-0.403	-8.970E-2	0.413
3.754	0.146	8.309E-3	0.146	6.311E-2	-6.340E-2	8.945E-2	1.187	2.811E-2	1.187
3.770	0.147	7.163E-3	0.147	9.189E-2	-5.654E-2	0.108	0.456	9.875E-2	0.466
3.787	0.149	6.423E-3	0.149	8.639E-2	-5.443E-2	0.102	-0.564	-0.444	0.718
3.804	0.150	5.347E-3	0.150	6.270E-2	-7.454E-2	9.741E-2	-0.931	-0.440	1.030
3.820	0.151	3.935E-3	0.151	6.008E-2	-7.230E-2	9.400E-2	2.562E-2	0.158	0.160
3.837	0.152	2.934E-3	0.152	6.126E-2	-6.379E-2	8.845E-2	0.177	1.427E-2	0.178
3.854	0.153	1.807E-3	0.153	6.803E-2	-7.378E-2	0.100	2.315E-2	-0.243	0.244
3.871	0.154	4.727E-4	0.154	6.254E-2	-7.397E-2	9.687E-2	-0.268	0.213	0.343
3.887	0.155	-6.614E-4	0.155	5.684E-2	-6.456E-2	8.602E-2	0.236	1.263	1.285
3.904	0.156	-1.681E-3	0.156	6.995E-2	-3.539E-2	7.839E-2	0.341	2.163	2.190
3.921	0.158	-1.842E-3	0.158	7.285E-2	1.148E-2	7.375E-2	-7.441E-2	2.546	2.547
3.937	0.159	-1.298E-3	0.159	6.318E-2	4.951E-2	8.026E-2	-0.658	1.365	1.515
3.954	0.160	-1.904E-4	0.160	5.341E-2	5.977E-2	8.016E-2	-0.514	2.222E-2	0.514
3.971	0.160	6.958E-4	0.160	4.354E-2	4.684E-2	6.394E-2	-0.471	-0.461	0.659
3.987	0.161	1.372E-3	0.161	3.937E-2	4.317E-2	5.843E-2	3.813E-2	-8.713E-2	9.511E-2
4.004	0.162	2.136E-3	0.162	4.287E-2	4.560E-2	6.259E-2	0.174	0.403	0.439
4.021	0.163	2.894E-3	0.163	4.797E-2	5.484E-2	7.286E-2	0.222	-0.155	0.271
4.037	0.163	3.966E-3	0.163	4.836E-2	4.578E-2	6.659E-2	-0.391	-0.649	0.758
4.054	0.164	4.422E-3	0.164	3.772E-2	2.665E-2	4.618E-2	4.049E-2	-1.133	1.134
4.071	0.165	4.856E-3	0.165	4.304E-2	1.239E-2	4.479E-2	0.249	-0.534	0.589
4.087	0.166	4.835E-3	0.166	5.414E-2	4.236E-3	5.430E-2	-0.206	-0.652	0.684
4.104	0.166	4.997E-3	0.167	3.340E-2	-3.917E-3	3.363E-2	-0.346	-0.318	0.470
4.121	0.167	4.704E-3	0.167	3.729E-2	-1.186E-2	3.913E-2	0.618	-0.548	0.825
4.137	0.168	4.601E-3	0.168	6.013E-2	-1.706E-2	6.251E-2	0.557	-0.127	0.572
4.154	0.169	4.135E-3	0.169	5.629E-2	-2.100E-2	6.008E-2	-0.368	-4.452E-2	0.371
4.171	0.170	3.901E-3	0.170	4.474E-2	-1.488E-2	4.715E-2	-0.130	-5.919E-2	0.143
4.188	0.170	3.638E-3	0.170	5.138E-2	-2.315E-2	5.635E-2	0.187	-0.505	0.538
4.204	0.171	3.128E-3	0.171	5.465E-2	-3.333E-2	6.401E-2	-0.311	0.189	0.364
4.221	0.172	2.526E-3	0.172	3.950E-2	-1.899E-2	4.383E-2	-0.346	0.204	0.402
4.238	0.173	2.495E-3	0.173	3.978E-2	-1.881E-2	4.401E-2	-0.274	-0.170	0.322
4.254	0.173	1.899E-3	0.173	3.641E-2	-3.240E-2	4.874E-2	0.545	-0.217	0.587
4.271	0.174	1.414E-3	0.174	4.910E-2	-2.349E-2	5.443E-2	0.226	0.429	0.485
4.288	0.175	1.115E-3	0.175	5.596E-2	-1.710E-2	5.851E-2	0.149	0.416	0.442
4.304	0.176	8.431E-4	0.176	4.394E-2	-1.094E-2	4.529E-2	-0.875	0.399	0.961
4.321	0.177	7.498E-4	0.177	3.392E-2	-2.775E-3	3.404E-2	-0.328	0.112	0.346
4.338	0.177	7.505E-4	0.177	2.587E-2	-6.267E-3	2.661E-2	-0.206	0.138	0.248
4.354	0.177	5.407E-4	0.177	3.240E-2	-1.911E-3	3.245E-2	5.309E-2	0.102	0.115
4.371	0.178	6.867E-4	0.178	2.619E-2	2.045E-3	2.627E-2	0.101	1.397E-2	0.102
4.388	0.178	6.089E-4	0.178	3.346E-2	-4.857E-3	3.381E-2	0.454	-6.815E-2	0.460
4.404	0.179	5.247E-4	0.179	4.497E-2	-4.162E-5	4.497E-2	5.981E-2	0.217	0.225
4.421	0.180	6.075E-4	0.180	3.545E-2	3.981E-3	3.567E-2	-0.157	-8.277E-2	0.178
4.438	0.180	6.575E-4	0.180	3.538E-2	-2.952E-3	3.550E-2	-2.212E-2	-0.158	0.160
4.454	0.181	5.091E-4	0.181	3.978E-2	-3.605E-3	3.994E-2	-0.122	-0.149	0.192
4.471	0.182	5.372E-4	0.182	2.903E-2	-4.643E-3	2.940E-2	-0.678	8.530E-2	0.684
4.488	0.182	3.541E-4	0.182	1.737E-2	-4.279E-3	1.789E-2	1.200E-2	-0.182	0.183
4.504	0.182	3.944E-4	0.182	2.615E-2	-6.619E-3	2.698E-2	0.460	-0.220	0.510
4.521	0.183	1.333E-4	0.183	3.842E-2	-1.523E-2	4.133E-2	0.433	-0.324	0.541
4.538	0.183	-1.138E-4	0.183	3.731E-2	-1.586E-2	4.054E-2	-0.513	0.193	0.548
4.555	0.184	-3.958E-4	0.184	2.438E-2	-1.011E-2	2.639E-2	-3.250E-2	0.253	0.255
4.571	0.184	-4.511E-4	0.184	2.896E-2	-5.082E-3	2.940E-2	2.539E-2	5.964E-2	6.481E-2
4.588	0.185	-5.654E-4	0.185	3.481E-2	-9.253E-3	3.602E-2	0.364	-0.216	0.423
4.605	0.185	-7.599E-4	0.185	3.281E-2	-1.260E-2	3.515E-2	-0.344	-0.329	0.475
4.621	0.186	-9.858E-4	0.186	3.054E-2	-1.932E-2	3.614E-2	7.105E-2	-3.282E-2	7.827E-2
4.638	0.186	-1.404E-3	0.186	2.798E-2	-1.644E-2	3.246E-2	-6.420E-2	-3.934E-2	7.530E-2
4.655	0.187	-1.535E-3	0.187	3.429E-2	-1.614E-2	3.790E-2	0.377	-0.271	0.464
4.671	0.188	-1.943E-3	0.188	3.651E-2	-2.852E-2	4.633E-2	-0.217	-0.503	0.548
4.688	0.188	-2.486E-3	0.188	3.153E-2	-3.285E-2	4.554E-2	0.355	-0.243	0.431
4.705	0.189	-3.039E-3	0.189	4.081E-2	-3.578E-2	5.428E-2	7.617E-2	-0.235	0.247
4.721	0.190	-3.680E-3	0.190	4.447E-2	-4.102E-2	6.050E-2	-0.383	-0.112	0.399
4.738	0.190	-4.408E-3	0.190	2.074E-2	-4.035E-2	4.537E-2	-0.788	-2.834E-2	0.789
4.755	0.190	-5.026E-3	0.190	1.847E-2	-4.020E-2	4.425E-2	0.762	-4.669E-2	0.764
4.771	0.191	-5.749E-3	0.191	4.484E-2	-4.328E-2	6.232E-2	0.467	3.190E-2	0.468
4.788	0.192	-6.471E-3	0.192	4.344E-2	-3.924E-2	5.854E-2	-0.265	0.487	0.554
4.805	0.192	-7.059E-3	0.192	2.509E-2	-2.708E-2	3.691E-2	-0.133	-2.960E-2	0.137
4.821	0.193	-7.374E-3	0.193	4.240E-2	-3.601E-2	5.563E-2	0.122	-0.396	0.414
4.838	0.194	-8.260E-3	0.194	3.445E-2	-4.720E-2	5.844E-2	-7.551E-2	-1.822E-2	7.768E-2
4.855	0.194	-8.949E-3	0.194	3.041E-2	-3.358E-2	4.530E-2	-8.941E-2	0.452	0.461
4.872	0.195	-9.381E-3	0.195	3.960E-2	-3.015E-2	4.977E-2	0.102	0.105	0.146
4.888	0.195	-9.955E-3	0.195	3.022E-2	-3.264E-2	4.448E-2	-0.458	4.480E-2	0.460
4.905	0.196	-1.047E-2	0.196	2.471E-2	-2.795E-2	3.731E-2	-0.312	0.316	0.445
4.922	0.196	-1.089E-2	0.196	1.987E-2	-2.195E-2	2.960E-2	-0.438	0.618	0.757
4.938	0.196	-1.120E-2	0.197	1.073E-2	-8.368E-3	1.361E-2	-0.625	1.048	1.220
4.955	0.196	-1.117E-2	0.197	-1.757E-3	1.388E-2	1.399E-2	-0.246	1.532	1.552
4.972	0.196	-1.074E-2	0.196	6.659E-4	4.226E-2	4.226E-2	0.434	1.846	1.897
4.988	0.196	-9.757E-3	0.197	1.501E-2	7.609E-2	7.755E-2	1.210E-2	1.421	1.421
5.005	0.197	-8.200E-3	0.197	4.106E-3	9.235E-2	9.244E-2	-0.642	0.515	0.823
5.022	0.196	-6.675E-3	0.197	-1.227E-2	9.065E-2	9.148E-2	-0.252	-0.540	0.596
5.038	0.196	-5.175E-3	0.196	-2.892E-3	7.621E-2	7.626E-2	0.580	-4.004E-2	0.581
5.055	0.196	-4.133E-3	0.196	8.990E-3	8.263E-2	8.312E-2	0.236	0.250	0.344
5.072	0.197	-2.418E-3	0.197	5.607E-3	9.358E-2	9.374E-2	-0.197	-3.686E-2	0.201
5.088	0.197	-1.010E-3	0.197	-6.184E-5	7.696E-2	7.696E-2	-0.267	-0.639	0.692
5.105	0.197	1.496E-4	0.197	-1.721E-3	7.120E-2	7.122E-2	0.156	-0.406	0.435
5.122	0.196	1.365E-3	0.196	3.210E-3	6.594E-2	6.601E-2	0.119	-0.127	0.174
5.138	0.197	2.350E-3	0.197	5.505E-3	6.402E-2	6.426E-2	0.146	-0.546	0.565
5.155	0.197	3.502E-3	0.197	4.863E-3	5.251E-2	5.274E-2	0.425	-0.652	0.778
5.172	0.197	4.102E-3	0.197	2.021E-2	3.673E-2	4.192E-2	0.384	-0.175	0.422
5.189	0.197	4.727E-3	0.197	2.145E-2	4.777E-2	5.237E-2	-0.143	0.378	0.404
5.205	0.198	5.696E-3	0.198	1.126E-2	5.291E-2	5.410E-2	-0.517	-0.181	0.547
5.222	0.198	6.493E-3	0.198	6.041E-3	3.992E-2	4.038E-2	0.392	-0.439	0.589
5.239	0.198	7.028E-3	0.198	2.043E-2	3.618E-2	4.155E-2	0.752	-0.145	0.766
5.255	0.198	7.700E-3	0.199	3.746E-2	3.772E-2	5.316E-2	-8.003E-2	-0.469	0.476
5.272	0.199	8.287E-3	0.199	1.713E-2	2.120E-2	2.726E-2	-0.885	-1.026	1.355
5.289	0.199	8.407E-3	0.199	2.429E-3	7.826E-4	2.552E-3	-0.395	-0.706	0.809
5.305	0.199	8.313E-3	0.199	7.464E-3	-2.627E-3	7.912E-3	0.142	-0.260	0.296
5.322	0.199	8.320E-3	0.199	7.241E-3	-5.276E-3	8.959E-3	8.026E-2	-0.344	0.353
5.339	0.199	8.137E-3	0.199	9.029E-3	-1.550E-2	1.794E-2	0.804	-0.992	1.277
5.355	0.200	7.802E-3	0.200	3.238E-2	-3.652E-2	4.881E-2	0.419	-1.336	1.400
5.372	0.200	6.918E-3	0.200	3.126E-2	-6.275E-2	7.011E-2	-6.063E-2	-1.053	1.055
5.389	0.201	5.709E-3	0.201	2.004E-2	-7.214E-2	7.487E-2	-0.302	0.284	0.415
5.405	0.201	4.511E-3	0.201	2.740E-2	-5.427E-2	6.080E-2	0.274	1.340	1.367
5.422	0.201	3.898E-3	0.202	2.676E-2	-2.428E-2	3.613E-2	2.183E-2	1.779	1.779
5.439	0.202	3.701E-3	0.202	2.900E-2	3.911E-3	2.926E-2	-0.138	1.133	1.141
5.455	0.202	4.028E-3	0.202	2.290E-2	1.665E-2	2.831E-2	-0.277	0.500	0.572
5.472	0.203	4.257E-3	0.203	1.769E-2	1.703E-2	2.456E-2	0.270	0.379	0.465
5.489	0.203	4.596E-3	0.203	3.140E-2	2.938E-2	4.300E-2	0.868	0.539	1.022
5.505	0.204	5.237E-3	0.204	4.928E-2	3.726E-2	6.178E-2	0.254	0.484	0.547
5.522	0.205	5.840E-3	0.205	4.152E-2	4.294E-2	5.973E-2	-0.186	-4.897E-2	0.192
5.539	0.205	6.670E-3	0.205	3.727E-2	3.924E-2	5.412E-2	-0.125	-1.274E-2	0.126
5.556	0.206	7.149E-3	0.206	4.232E-2	3.731E-2	5.642E-2	0.280	0.239	0.368
5.572	0.207	7.915E-3	0.207	4.352E-2	5.051E-2	6.667E-2	0.132	0.594	0.609
5.589	0.207	8.834E-3	0.208	4.870E-2	5.697E-2	7.495E-2	0.567	0.106	0.577
5.606	0.208	9.816E-3	0.208	6.013E-2	5.453E-2	8.117E-2	-0.533	-0.308	0.616
5.622	0.209	1.065E-2	0.210	3.878E-2	4.583E-2	6.004E-2	-0.484	-0.601	0.772
5.639	0.209	1.134E-2	0.210	2.968E-2	3.478E-2	4.572E-2	-1.676E-2	-0.160	0.161
5.656	0.210	1.181E-2	0.211	5.006E-2	3.783E-2	6.275E-2	0.770	-0.180	0.791
5.672	0.211	1.261E-2	0.212	5.059E-2	3.438E-2	6.117E-2	0.127	-0.287	0.314
5.689	0.212	1.296E-2	0.212	5.561E-2	2.287E-2	6.013E-2	-0.250	-0.327	0.412
5.706	0.213	1.337E-2	0.213	4.396E-2	2.565E-2	5.090E-2	-0.452	0.144	0.474
5.722	0.214	1.382E-2	0.214	3.592E-2	2.764E-2	4.532E-2	-0.359	-0.261	0.444
5.739	0.214	1.429E-2	0.215	3.595E-2	1.845E-2	4.041E-2	0.231	-0.664	0.703
5.756	0.215	1.443E-2	0.215	4.020E-2	3.253E-3	4.033E-2	-0.191	-0.512	0.547
5.772	0.216	1.440E-2	0.216	3.496E-2	9.150E-4	3.498E-2	-0.530	-2.805E-2	0.531
5.789	0.216	1.446E-2	0.216	1.752E-2	3.851E-3	1.794E-2	-0.502	-9.356E-2	0.510
5.806	0.216	1.453E-2	0.217	1.880E-2	-1.765E-3	1.889E-2	0.364	-2.521E-2	0.365
5.822	0.217	1.440E-2	0.217	3.029E-2	2.556E-4	3.030E-2	0.747	0.111	0.756
5.839	0.217	1.454E-2	0.218	4.422E-2	5.331E-3	4.454E-2	0.293	2.226E-3	0.293
5.856	0.218	1.458E-2	0.218	4.223E-2	-1.011E-3	4.224E-2	6.845E-3	-0.244	0.244
5.873	0.219	1.450E-2	0.219	4.006E-2	-3.626E-3	4.022E-2	0.200	-0.307	0.366
5.889	0.219	1.446E-2	0.220	5.136E-2	-9.431E-3	5.221E-2	-4.155E-2	-7.912E-2	8.937E-2
5.906	0.220	1.419E-2	0.221	4.121E-2	-9.371E-3	4.227E-2	-0.211	2.894E-2	0.213
5.923	0.221	1.415E-2	0.221	3.775E-2	-5.121E-3	3.810E-2	-0.220	-1.720E-2	0.221
5.939	0.222	1.402E-2	0.222	4.050E-2	-1.121E-2	4.202E-2	0.445	-0.124	0.462
5.956	0.222	1.377E-2	0.222	4.641E-2	-1.044E-2	4.757E-2	-2.851E-2	-0.263	0.264
5.973	0.223	1.367E-2	0.223	4.696E-2	-1.679E-2	4.987E-2	-0.218	-0.116	0.247
5.989	0.224	1.321E-2	0.224	3.302E-2	-1.909E-2	3.814E-2	-8.564E-2	0.238	0.253
6.006	0.224	1.303E-2	0.225	4.451E-2	-5.735E-3	4.487E-2	0.305	0.608	0.680
6.023	0.225	1.302E-2	0.225	4.762E-2	1.216E-3	4.763E-2	-1.800E-2	0.213	0.214
6.039	0.226	1.307E-2	0.226	3.984E-2	1.395E-3	3.987E-2	-0.301	1.713E-2	0.301
6.056	0.226	1.307E-2	0.227	3.909E-2	8.877E-4	3.910E-2	0.326	0.208	0.387
6.073	0.227	1.310E-2	0.227	4.873E-2	8.045E-3	4.939E-2	0.201	0.140	0.245
6.089	0.228	1.334E-2	0.228	5.042E-2	7.984E-3	5.105E-2	-5.804E-2	-0.152	0.163
6.106	0.229	1.337E-2	0.229	4.243E-2	5.615E-4	4.244E-2	-0.536	-0.221	0.580
6.123	0.229	1.336E-2	0.230	3.538E-2	8.421E-4	3.539E-2	0.141	-9.692E-2	0.171
6.139	0.230	1.340E-2	0.230	4.242E-2	-1.452E-3	4.244E-2	0.244	-3.159E-2	0.246
6.156	0.231	1.331E-2	0.231	5.016E-2	-2.043E-3	5.020E-2	0.180	-8.474E-2	0.199
6.173	0.232	1.333E-2	0.232	4.387E-2	-2.258E-3	4.393E-2	-0.125	2.546E-2	0.127
6.190	0.232	1.323E-2	0.233	4.716E-2	-3.075E-3	4.726E-2	-0.318	4.155E-3	0.318
6.206	0.233	1.323E-2	0.234	3.560E-2	-7.705E-4	3.561E-2	-3.961E-2	-4.991E-2	6.372E-2
6.223	0.234	1.321E-2	0.234	3.922E-2	-4.746E-3	3.951E-2	9.841E-2	-5.470E-2	0.113
6.240	0.234	1.307E-2	0.235	4.707E-2	-4.141E-3	4.725E-2	0.433	-0.174	0.467
6.256	0.235	1.307E-2	0.235	4.720E-2	-7.756E-3	4.784E-2	0.227	-0.388	0.449
6.273	0.236	1.281E-2	0.236	5.842E-2	-1.935E-2	6.155E-2	-0.261	-0.377	0.459
6.290	0.237	1.242E-2	0.237	4.046E-2	-2.069E-2	4.544E-2	-0.570	2.120E-2	0.570
6.306	0.237	1.212E-2	0.238	3.194E-2	-1.749E-2	3.642E-2	1.977E-2	7.272E-2	7.536E-2
6.323	0.238	1.184E-2	0.238	4.663E-2	-1.821E-2	5.006E-2	0.212	-0.158	0.264
6.340	0.239	1.151E-2	0.239	3.988E-2	-2.281E-2	4.594E-2	0.241	-0.213	0.322
6.356	0.239	1.108E-2	0.240	4.853E-2	-2.602E-2	5.507E-2	0.520	-6.989E-2	0.525
6.373	0.241	1.064E-2	0.241	6.451E-2	-2.487E-2	6.914E-2	0.318	-4.838E-2	0.322
6.390	0.242	1.025E-2	0.242	5.637E-2	-2.683E-2	6.243E-2	-0.683	4.219E-2	0.684
6.406	0.242	9.749E-3	0.243	4.198E-2	-2.522E-2	4.897E-2	-0.167	5.551E-2	0.176
6.423	0.243	9.408E-3	0.243	4.691E-2	-2.282E-2	5.217E-2	8.709E-2	0.231	0.247
6.440	0.244	8.987E-3	0.244	5.158E-2	-1.967E-2	5.520E-2	0.223	0.204	0.302
6.456	0.245	8.752E-3	0.245	4.869E-2	-1.409E-2	5.068E-2	-0.249	-0.155	0.293
6.473	0.246	8.517E-3	0.246	4.760E-2	-2.417E-2	5.339E-2	8.486E-2	-0.310	0.321
6.490	0.246	7.945E-3	0.246	4.734E-2	-2.820E-2	5.510E-2	0.248	0.115	0.273
6.506	0.247	7.576E-3	0.247	5.852E-2	-1.776E-2	6.116E-2	0.336	9.553E-2	0.350
6.523	0.248	7.353E-3	0.248	5.906E-2	-2.323E-2	6.347E-2	-0.370	-0.214	0.428
6.540	0.249	6.801E-3	0.249	4.608E-2	-2.892E-2	5.440E-2	-0.457	-5.829E-2	0.461
6.557	0.250	6.388E-3	0.250	4.085E-2	-2.286E-2	4.682E-2	0.192	-0.112	0.222
6.573	0.251	6.038E-3	0.251	5.393E-2	-3.123E-2	6.232E-2	0.665	-0.215	0.699
6.590	0.252	5.345E-3	0.252	6.454E-2	-3.430E-2	7.309E-2	0.201	-0.425	0.470
6.607	0.253	4.894E-3	0.253	6.082E-2	-4.002E-2	7.281E-2	-0.479	-0.491	0.686
6.623	0.254	4.010E-3	0.254	4.767E-2	-5.512E-2	7.287E-2	-0.750	-0.156	0.766
6.640	0.254	3.055E-3	0.254	3.524E-2	-4.564E-2	5.766E-2	-0.461	0.543	0.713
6.657	0.255	2.487E-3	0.255	3.168E-2	-3.344E-2	4.606E-2	0.464	-4.223E-2	0.466
6.673	0.255	1.939E-3	0.255	4.954E-2	-4.658E-2	6.800E-2	0.837	-0.406	0.930
6.690	0.256	9.328E-4	0.256	6.431E-2	-5.215E-2	8.280E-2	0.381	-0.489	0.620
6.707	0.258	1.988E-4	0.258	5.986E-2	-5.679E-2	8.251E-2	-0.367	-0.599	0.702
6.723	0.258	-9.620E-4	0.258	5.216E-2	-7.603E-2	9.221E-2	-0.141	-0.233	0.272
6.740	0.259	-2.338E-3	0.259	5.333E-2	-6.680E-2	8.548E-2	-0.436	0.795	0.907
6.757	0.260	-3.191E-3	0.260	4.244E-2	-4.497E-2	6.184E-2	-0.348	1.644	1.681
6.773	0.261	-3.839E-3	0.261	3.473E-2	-1.572E-2	3.812E-2	-0.121	1.901	1.905
6.790	0.261	-3.716E-3	0.261	4.351E-2	2.207E-2	4.879E-2	0.189	1.141	1.156
6.807	0.262	-3.102E-3	0.262	4.004E-2	2.493E-2	4.717E-2	-2.063E-2	0.120	0.121
6.823	0.263	-2.884E-3	0.263	4.138E-2	1.964E-2	4.580E-2	0.439	0.224	0.493
6.840	0.263	-2.447E-3	0.264	5.505E-2	3.475E-2	6.511E-2	0.524	0.925	1.063
6.857	0.265	-1.724E-3	0.265	6.130E-2	5.094E-2	7.970E-2	-0.331	0.875	0.936
6.874	0.266	-7.472E-4	0.266	4.386E-2	6.411E-2	7.768E-2	1.492E-2	0.369	0.370
6.890	0.266	4.149E-4	0.266	5.453E-2	6.450E-2	8.446E-2	0.552	-0.484	0.735
6.907	0.267	1.405E-3	0.267	7.252E-2	4.739E-2	8.663E-2	0.316	-0.949	1.001
6.924	0.268	1.996E-3	0.268	6.020E-2	3.080E-2	6.763E-2	-0.689	-0.184	0.713
6.940	0.269	2.433E-3	0.269	4.980E-2	3.970E-2	6.368E-2	2.429E-2	0.314	0.315
6.957	0.270	3.321E-3	0.270	5.832E-2	4.673E-2	7.474E-2	0.228	0.172	0.286
6.974	0.271	3.992E-3	0.271	6.331E-2	4.147E-2	7.569E-2	0.104	-0.333	0.349
6.990	0.272	4.704E-3	0.272	5.700E-2	3.762E-2	6.830E-2	-0.431	-5.699E-2	0.435
7.007	0.273	5.247E-3	0.273	5.193E-2	3.726E-2	6.392E-2	1.698E-2	-0.297	0.297
7.024	0.274	5.948E-3	0.274	5.376E-2	3.133E-2	6.222E-2	0.449	-0.161	0.477
7.040	0.275	6.292E-3	0.275	6.970E-2	2.723E-2	7.483E-2	-0.106	-0.214	0.239
7.057	0.276	6.856E-3	0.276	5.399E-2	2.836E-2	6.098E-2	-0.510	-0.343	0.615
7.074	0.277	7.238E-3	0.277	4.363E-2	1.449E-2	4.598E-2	-0.439	-0.613	0.755
7.090	0.278	7.340E-3	0.278	4.715E-2	6.241E-3	4.757E-2	0.453	2.995E-2	0.454
7.107	0.278	7.447E-3	0.278	5.262E-2	1.545E-2	5.484E-2	-0.185	0.301	0.354
7.124	0.279	7.855E-3	0.280	4.872E-2	1.956E-2	5.250E-2	1.875E-2	-0.118	0.120
7.140	0.280	8.099E-3	0.280	4.425E-2	9.532E-3	4.526E-2	0.129	-0.118	0.175
7.157	0.281	8.173E-3	0.281	5.916E-2	1.356E-2	6.069E-2	0.206	-8.549E-2	0.223
7.174	0.282	8.552E-3	0.282	5.105E-2	1.160E-2	5.235E-2	-0.196	-0.199	0.279
7.191	0.283	8.560E-3	0.283	4.862E-2	2.211E-3	4.867E-2	-6.380E-2	-0.175	0.186
7.207	0.284	8.626E-3	0.284	5.280E-2	7.341E-3	5.331E-2	9.554E-2	0.129	0.161
7.224	0.284	8.805E-3	0.285	4.989E-2	7.705E-3	5.048E-2	-0.454	3.411E-2	0.455
7.241	0.285	8.883E-3	0.285	3.961E-2	6.803E-3	4.019E-2	-0.105	-0.432	0.444
7.257	0.286	9.032E-3	0.286	4.161E-2	-3.811E-3	4.179E-2	0.347	-0.221	0.411
7.274	0.287	8.756E-3	0.287	5.595E-2	-6.028E-3	5.627E-2	0.141	7.552E-2	0.160
7.291	0.288	8.831E-3	0.288	4.670E-2	3.676E-3	4.685E-2	-0.293	0.199	0.354
7.307	0.288	8.878E-3	0.288	4.182E-2	-6.608E-4	4.183E-2	0.370	-0.362	0.517
7.324	0.289	8.809E-3	0.289	6.064E-2	-8.631E-3	6.125E-2	0.456	-0.208	0.501
7.341	0.290	8.590E-3	0.290	6.140E-2	-8.990E-3	6.205E-2	-0.229	-0.210	0.311
7.357	0.291	8.509E-3	0.291	4.807E-2	-1.270E-2	4.972E-2	-0.478	-0.233	0.532
7.374	0.292	8.166E-3	0.292	4.668E-2	-1.972E-2	5.067E-2	-0.187	0.114	0.219
7.391	0.293	7.851E-3	0.293	4.269E-2	-8.958E-3	4.362E-2	0.143	0.261	0.298
7.407	0.293	7.867E-3	0.293	4.879E-2	-7.132E-3	4.931E-2	5.989E-2	-5.391E-2	8.058E-2
7.424	0.294	7.613E-3	0.294	4.956E-2	-1.458E-2	5.166E-2	-0.487	-0.242	0.544
7.441	0.295	7.381E-3	0.295	2.983E-2	-1.387E-2	3.290E-2	-0.237	-0.176	0.295
7.457	0.295	7.150E-3	0.295	3.750E-2	-1.968E-2	4.235E-2	0.539	-0.276	0.605
7.474	0.296	6.724E-3	0.296	5.454E-2	-2.485E-2	5.993E-2	0.375	-0.196	0.423
7.491	0.297	6.321E-3	0.297	4.801E-2	-2.506E-2	5.415E-2	-0.592	0.309	0.668
7.507	0.298	5.888E-3	0.298	3.443E-2	-1.628E-2	3.808E-2	-0.173	0.207	0.270
7.524	0.298	5.778E-3	0.298	3.900E-2	-1.417E-2	4.149E-2	0.653	-4.428E-2	0.655
7.541	0.299	5.415E-3	0.299	5.975E-2	-2.136E-2	6.345E-2	0.148	-0.146	0.208
7.558	0.300	5.065E-3	0.300	4.745E-2	-1.823E-2	5.083E-2	-0.661	0.307	0.728
7.574	0.301	4.807E-3	0.301	3.020E-2	-1.102E-2	3.214E-2	-0.218	5.462E-2	0.225
7.591	0.301	4.698E-3	0.301	4.273E-2	-1.441E-2	4.509E-2	9.626E-2	-0.231	0.250
7.608	0.302	4.326E-3	0.302	3.763E-2	-2.169E-2	4.344E-2	-0.292	-0.130	0.319
7.624	0.302	3.974E-3	0.303	2.704E-2	-1.791E-2	3.243E-2	-0.254	0.198	0.322
7.641	0.303	3.729E-3	0.303	3.209E-2	-1.430E-2	3.513E-2	0.338	9.287E-2	0.351
7.658	0.304	3.497E-3	0.304	3.757E-2	-1.500E-2	4.045E-2	0.430	-0.267	0.506
7.674	0.304	3.228E-3	0.304	4.673E-2	-2.265E-2	5.193E-2	-0.119	2.400E-2	0.121
7.691	0.305	2.741E-3	0.305	3.659E-2	-1.757E-2	4.059E-2	-0.452	0.237	0.510
7.708	0.305	2.642E-3	0.305	2.598E-2	-9.907E-3	2.781E-2	-1.211E-2	0.332	0.332
7.724	0.306	2.410E-3	0.306	3.850E-2	-9.873E-3	3.974E-2	0.466	2.240E-2	0.466
7.741	0.307	2.312E-3	0.307	4.358E-2	-7.256E-3	4.418E-2	0.150	-0.180	0.234
7.758	0.307	2.168E-3	0.307	4.141E-2	-1.582E-2	4.432E-2	-0.359	-0.411	0.546
7.774	0.308	1.784E-3	0.308	3.348E-2	-2.285E-2	4.053E-2	-0.141	0.183	0.231
7.791	0.309	1.406E-3	0.309	3.296E-2	-1.039E-2	3.456E-2	-0.226	0.386	0.447
7.808	0.309	1.438E-3	0.309	3.095E-2	-5.434E-3	3.142E-2	6.206E-3	-0.129	0.129
7.824	0.310	1.224E-3	0.310	2.806E-2	-1.782E-2	3.324E-2	-0.138	-0.285	0.317
7.841	0.310	8.431E-4	0.310	3.054E-2	-1.626E-2	3.460E-2	-0.215	0.428	0.479
7.858	0.311	6.817E-4	0.311	1.938E-2	-2.028E-3	1.949E-2	-0.668	0.898	1.119
7.875	0.311	7.754E-4	0.311	7.867E-3	1.378E-2	1.586E-2	-6.081E-2	1.299	1.300
7.891	0.311	1.141E-3	0.311	1.503E-2	3.996E-2	4.270E-2	0.258	2.238	2.253
7.908	0.311	2.109E-3	0.311	2.155E-2	8.814E-2	9.074E-2	-0.423	1.950	1.996
7.925	0.312	4.082E-3	0.312	-2.219E-4	0.112	0.112	-0.812	0.644	1.036
7.941	0.311	5.845E-3	0.311	-1.013E-2	0.104	0.104	-0.288	-1.173	1.208
7.958	0.311	7.546E-3	0.311	-5.615E-3	7.680E-2	7.700E-2	0.483	-1.446	1.524
7.975	0.311	8.408E-3	0.311	3.212E-3	4.903E-2	4.913E-2	0.162	-0.966	0.980
7.991	0.311	9.182E-3	0.311	4.291E-3	4.727E-2	4.746E-2	0.365	8.139E-2	0.374
8.008	0.311	9.985E-3	0.311	9.232E-3	5.185E-2	5.266E-2	-5.651E-2	0.490	0.493
8.025	0.312	1.091E-2	0.312	9.755E-3	6.342E-2	6.417E-2	0.409	0.290	0.501
8.041	0.312	1.210E-2	0.312	1.431E-2	6.426E-2	6.583E-2	-0.256	-0.432	0.503
8.058	0.312	1.306E-2	0.312	1.140E-2	4.728E-2	4.864E-2	-0.247	-1.136	1.163
8.075	0.312	1.368E-2	0.312	-3.471E-3	2.612E-2	2.635E-2	-0.474	-0.608	0.771
8.091	0.312	1.393E-2	0.312	7.057E-4	2.393E-2	2.394E-2	0.449	1.955E-2	0.450
8.108	0.312	1.448E-2	0.312	8.591E-3	3.121E-2	3.237E-2	8.884E-2	0.184	0.204
8.125	0.312	1.497E-2	0.313	8.297E-3	2.842E-2	2.960E-2	0.414	-0.104	0.427
8.141	0.312	1.543E-2	0.313	1.554E-2	2.764E-2	3.171E-2	0.326	-0.212	0.389
8.158	0.313	1.589E-2	0.313	2.659E-2	2.235E-2	3.474E-2	-0.124	-0.324	0.347
8.175	0.313	1.617E-2	0.314	8.668E-3	1.540E-2	1.767E-2	-0.574	-0.243	0.623
8.192	0.313	1.640E-2	0.314	4.120E-3	1.455E-2	1.513E-2	-0.276	-0.354	0.449
8.208	0.313	1.666E-2	0.314	4.049E-3	5.346E-3	6.706E-3	0.697	-0.384	0.795
8.225	0.313	1.658E-2	0.314	2.097E-2	-1.524E-3	2.103E-2	0.505	-0.242	0.560
8.242	0.314	1.661E-2	0.314	3.073E-2	-2.781E-4	3.073E-2	9.172E-2	-0.215	0.233
8.258	0.314	1.657E-2	0.315	1.658E-2	-8.611E-3	1.868E-2	-2.853E-3	-0.272	0.272
8.275	0.315	1.632E-2	0.315	3.064E-2	-1.155E-2	3.275E-2	-5.591E-2	1.430E-2	5.771E-2
8.292	0.315	1.619E-2	0.316	2.198E-2	-6.319E-3	2.287E-2	-0.619	0.212	0.654
8.308	0.315	1.611E-2	0.316	1.219E-3	-4.608E-3	4.767E-3	-0.617	-0.272	0.674
8.325	0.315	1.603E-2	0.316	4.940E-3	-1.413E-2	1.497E-2	0.144	-0.619	0.635
8.342	0.315	1.564E-2	0.316	6.317E-3	-2.755E-2	2.826E-2	5.875E-2	-0.267	0.273
8.358	0.316	1.512E-2	0.316	6.464E-3	-2.376E-2	2.462E-2	0.292	-8.762E-3	0.292
8.375	0.316	1.484E-2	0.316	1.510E-2	-2.408E-2	2.842E-2	0.141	-0.481	0.502
8.392	0.316	1.431E-2	0.316	1.465E-2	-4.170E-2	4.420E-2	-0.233	-0.752	0.788
8.408	0.316	1.345E-2	0.316	4.010E-3	-5.097E-2	5.113E-2	4.839E-2	-0.515	0.517
8.425	0.316	1.261E-2	0.316	1.502E-2	-5.643E-2	5.840E-2	0.663	0.137	0.677
8.442	0.317	1.157E-2	0.317	2.990E-2	-5.000E-2	5.825E-2	0.336	0.819	0.885
8.458	0.317	1.094E-2	0.317	2.573E-2	-2.630E-2	3.679E-2	-0.627	0.907	1.103
8.475	0.318	1.069E-2	0.318	8.598E-3	-1.791E-2	1.987E-2	-0.457	0.132	0.476
8.492	0.317	1.035E-2	0.318	6.807E-3	-2.385E-2	2.480E-2	0.399	2.397E-2	0.400
8.508	0.318	9.896E-3	0.318	2.494E-2	-1.876E-2	3.121E-2	0.894	-5.548E-2	0.895
8.525	0.318	9.719E-3	0.318	3.728E-2	-2.137E-2	4.297E-2	-6.310E-2	-0.106	0.123
8.542	0.319	9.182E-3	0.319	2.488E-2	-2.726E-2	3.691E-2	-0.509	-0.134	0.527
8.559	0.319	8.810E-3	0.319	1.442E-2	-2.283E-2	2.700E-2	0.101	-0.342	0.357
8.575	0.319	8.421E-3	0.320	3.058E-2	-3.749E-2	4.838E-2	0.412	-0.455	0.614
8.592	0.320	7.559E-3	0.320	3.179E-2	-4.321E-2	5.364E-2	-0.158	-0.282	0.323
8.609	0.321	6.979E-3	0.321	2.124E-2	-4.150E-2	4.662E-2	-4.997E-2	0.317	0.321
8.625	0.321	6.174E-3	0.321	2.978E-2	-3.733E-2	4.775E-2	0.133	0.587	0.601
8.642	0.322	5.733E-3	0.322	2.994E-2	-1.891E-2	3.542E-2	1.423E-2	0.654	0.654
8.659	0.322	5.543E-3	0.322	2.545E-2	-1.448E-2	2.929E-2	-4.337E-2	6.218E-2	7.581E-2
8.675	0.322	5.250E-3	0.322	3.117E-2	-1.862E-2	3.631E-2	0.246	0.296	0.385
8.692	0.323	4.921E-3	0.323	3.300E-2	-6.400E-3	3.362E-2	0.277	0.248	0.372
8.709	0.323	5.037E-3	0.324	3.980E-2	-4.733E-3	4.008E-2	0.243	0.174	0.299
8.725	0.324	4.763E-3	0.324	4.294E-2	-7.134E-3	4.353E-2	-0.258	0.105	0.279
8.742	0.325	4.799E-3	0.325	3.098E-2	2.966E-3	3.113E-2	0.179	0.265	0.320
8.759	0.325	4.862E-3	0.325	4.346E-2	1.029E-3	4.347E-2	0.583	3.177E-3	0.583
8.775	0.326	4.833E-3	0.326	5.894E-2	1.662E-3	5.897E-2	0.277	5.276E-2	0.282
8.792	0.327	4.918E-3	0.327	4.834E-2	4.282E-3	4.853E-2	-0.999	0.107	1.004
8.809	0.328	4.976E-3	0.328	2.768E-2	4.374E-3	2.802E-2	-6.922E-2	-8.003E-2	0.106
8.825	0.328	5.064E-3	0.328	3.810E-2	2.394E-3	3.817E-2	0.370	-0.273	0.459
8.842	0.329	5.056E-3	0.329	5.190E-2	-5.028E-3	5.214E-2	0.433	-8.167E-2	0.441
8.859	0.330	4.896E-3	0.330	4.420E-2	-2.263E-3	4.426E-2	-0.393	-5.027E-2	0.397
8.876	0.331	4.980E-3	0.331	4.310E-2	-2.840E-3	4.319E-2	-0.129	-0.239	0.271
8.892	0.331	4.801E-3	0.331	3.721E-2	-1.318E-2	3.947E-2	-0.209	-0.278	0.348
8.909	0.332	4.540E-3	0.332	3.730E-2	-1.218E-2	3.924E-2	0.139	5.033E-2	0.148
8.926	0.333	4.395E-3	0.333	4.101E-2	-9.987E-3	4.221E-2	-0.102	-0.224	0.247
8.942	0.333	4.207E-3	0.333	3.641E-2	-1.936E-2	4.124E-2	4.800E-2	-0.143	0.151
8.959	0.334	3.749E-3	0.334	3.801E-2	-1.824E-2	4.216E-2	0.167	7.700E-2	0.184
8.976	0.335	3.599E-3	0.335	4.648E-2	-1.249E-2	4.813E-2	0.258	1.835E-2	0.259
8.992	0.335	3.332E-3	0.335	4.459E-2	-1.945E-2	4.865E-2	9.219E-2	-5.685E-2	0.108
9.009	0.336	2.950E-3	0.336	4.919E-2	-1.588E-2	5.169E-2	0.302	0.207	0.366
9.026	0.337	2.802E-3	0.337	5.570E-2	-9.896E-3	5.657E-2	0.344	0.255	0.428
9.042	0.338	2.619E-3	0.338	6.021E-2	-8.961E-3	6.087E-2	-0.396	-2.547E-2	0.397
9.059	0.339	2.503E-3	0.339	4.542E-2	-9.647E-3	4.643E-2	-0.787	0.124	0.797
9.076	0.339	2.298E-3	0.339	2.855E-2	-6.669E-3	2.932E-2	-7.390E-2	-0.137	0.156
9.092	0.340	2.280E-3	0.340	4.351E-2	-1.082E-2	4.483E-2	0.331	-0.255	0.418
9.109	0.341	1.936E-3	0.341	4.545E-2	-1.902E-2	4.927E-2	-0.158	-3.132E-2	0.161
9.126	0.341	1.646E-3	0.341	3.263E-2	-1.094E-2	3.441E-2	-0.144	0.107	0.180
9.142	0.342	1.572E-3	0.342	4.109E-2	-1.265E-2	4.299E-2	0.152	-0.327	0.360
9.159	0.343	1.224E-3	0.343	4.143E-2	-2.457E-2	4.817E-2	5.077E-2	-0.246	0.251
9.176	0.343	7.518E-4	0.343	3.836E-2	-2.169E-2	4.407E-2	3.761E-2	6.294E-2	7.332E-2
9.193	0.344	4.998E-4	0.344	4.520E-2	-1.944E-2	4.921E-2	-0.184	2.141E-2	0.185
9.209	0.345	1.032E-4	0.345	3.375E-2	-2.323E-2	4.098E-2	0.219	-0.254	0.335
9.226	0.345	-2.755E-4	0.345	4.513E-2	-2.658E-2	5.237E-2	0.280	-2.405E-2	0.281
9.243	0.346	-7.836E-4	0.346	5.410E-2	-2.588E-2	5.997E-2	0.491	-0.466	0.677
9.259	0.347	-1.139E-3	0.347	5.179E-2	-3.788E-2	6.416E-2	-0.279	-0.194	0.340
9.276	0.348	-2.048E-3	0.348	5.246E-2	-3.982E-2	6.586E-2	-0.328	0.146	0.359
9.293	0.349	-2.468E-3	0.349	3.605E-2	-2.630E-2	4.462E-2	-0.322	0.258	0.412
9.309	0.349	-2.925E-3	0.349	4.103E-2	-3.286E-2	5.257E-2	0.584	-0.101	0.593
9.326	0.350	-3.564E-3	0.350	5.762E-2	-3.197E-2	6.590E-2	0.345	0.189	0.393
9.343	0.351	-3.992E-3	0.351	5.486E-2	-2.419E-2	5.996E-2	-0.464	0.255	0.530
9.359	0.352	-4.371E-3	0.352	3.892E-2	-2.379E-2	4.561E-2	-0.371	3.373E-2	0.373
9.376	0.353	-4.786E-3	0.353	4.120E-2	-2.374E-2	4.755E-2	0.351	-0.114	0.369
9.393	0.353	-5.163E-3	0.353	5.311E-2	-2.656E-2	5.938E-2	0.317	-6.345E-2	0.323
9.409	0.354	-5.672E-3	0.354	5.244E-2	-2.756E-2	5.924E-2	-4.007E-3	0.159	0.159
9.426	0.355	-6.083E-3	0.355	5.066E-2	-2.045E-2	5.463E-2	-0.142	0.507	0.527
9.443	0.356	-6.354E-3	0.356	4.973E-2	-1.066E-2	5.086E-2	-0.450	1.056	1.148
9.459	0.357	-6.439E-3	0.357	3.561E-2	1.319E-2	3.797E-2	-0.866	1.189	1.471
9.476	0.357	-5.914E-3	0.357	1.930E-2	3.317E-2	3.838E-2	-0.158	0.512	0.535
9.493	0.357	-5.332E-3	0.357	2.800E-2	2.900E-2	4.031E-2	0.302	8.749E-2	0.315
9.509	0.358	-4.947E-3	0.358	3.548E-2	3.277E-2	4.830E-2	-1.422E-2	-0.369	0.369
9.526	0.359	-4.238E-3	0.359	2.397E-2	2.307E-2	3.327E-2	4.914E-2	-1.016	1.018
9.543	0.359	-4.177E-3	0.359	3.477E-2	-6.600E-3	3.540E-2	0.160	-0.991	1.004
9.560	0.360	-4.459E-3	0.360	3.617E-2	-1.100E-2	3.781E-2	-0.423	9.691E-2	0.434
9.576	0.360	-4.544E-3	0.360	1.558E-2	-8.305E-4	1.560E-2	-0.108	0.646	0.655
9.593	0.360	-4.486E-3	0.360	2.956E-2	1.001E-2	3.121E-2	0.830	0.971	1.278
9.610	0.361	-4.210E-3	0.361	5.027E-2	3.079E-2	5.895E-2	0.390	0.876	0.959
9.626	0.362	-3.459E-3	0.362	4.087E-2	4.270E-2	5.911E-2	-0.609	0.782	0.991
9.643	0.362	-2.785E-3	0.362	2.788E-2	5.247E-2	5.942E-2	-0.239	-5.972E-2	0.247
9.660	0.363	-1.708E-3	0.363	3.200E-2	4.700E-2	5.686E-2	0.546	-0.255	0.603
9.676	0.364	-1.217E-3	0.364	4.777E-2	3.626E-2	5.997E-2	-0.257	9.090E-2	0.273
9.693	0.364	-4.984E-4	0.364	2.843E-2	5.306E-2	6.020E-2	0.230	0.663	0.702
9.710	0.364	5.536E-4	0.364	4.089E-2	6.060E-2	7.311E-2	0.294	-0.367	0.470
9.726	0.366	1.524E-3	0.366	5.684E-2	4.112E-2	7.016E-2	0.539	-0.514	0.745
9.743	0.366	1.926E-3	0.366	4.477E-2	3.708E-2	5.813E-2	-0.611	-0.108	0.620
9.760	0.367	2.761E-3	0.367	4.482E-2	4.446E-2	6.313E-2	6.089E-2	0.156	0.167
9.776	0.368	3.409E-3	0.368	4.075E-2	3.883E-2	5.629E-2	-0.263	-0.223	0.344
9.793	0.369	4.056E-3	0.369	4.091E-2	3.794E-2	5.580E-2	0.357	-0.206	0.412
9.810	0.369	4.675E-3	0.369	4.748E-2	3.240E-2	5.748E-2	-0.267	-0.611	0.667
9.826	0.370	5.138E-3	0.370	4.008E-2	1.775E-2	4.384E-2	-0.128	-0.635	0.648
9.843	0.371	5.267E-3	0.371	3.307E-2	8.877E-3	3.424E-2	0.151	0.241	0.285
9.860	0.371	5.434E-3	0.371	5.165E-2	2.534E-2	5.754E-2	0.349	4.317E-2	0.351
9.877	0.372	6.113E-3	0.372	4.538E-2	1.782E-2	4.875E-2	-0.700	-0.169	0.720
9.893	0.373	6.028E-3	0.373	2.596E-2	8.972E-3	2.747E-2	-0.140	-0.600	0.616
9.910	0.373	6.412E-3	0.373	3.685E-2	7.326E-3	3.757E-2	0.122	-0.159	0.200
9.927	0.374	6.273E-3	0.374	3.941E-2	-3.510E-3	3.957E-2	0.375	-0.250	0.451
9.943	0.374	6.295E-3	0.375	3.920E-2	2.463E-3	3.928E-2	0.153	0.438	0.464
9.960	0.375	6.355E-3	0.375	5.237E-2	9.834E-3	5.328E-2	6.688E-2	0.339	0.346
9.977	0.376	6.623E-3	0.376	3.924E-2	1.549E-2	4.218E-2	-0.503	-8.863E-2	0.511
9.993	0.377	6.872E-3	0.377	3.304E-2	6.950E-3	3.376E-2	-7.385E-2	-0.379	0.386
10.010	0.377	6.855E-3	0.377	3.863E-2	4.528E-4	3.863E-2	0.319	-0.222	0.389
10.027	0.378	6.887E-3	0.378	4.361E-2	1.186E-3	4.362E-2	-4.748E-2	0.190	0.196
10.043	0.379	6.895E-3	0.379	3.849E-2	5.638E-3	3.890E-2	6.485E-2	-1.844E-3	6.487E-2
10.060	0.379	7.075E-3	0.379	4.170E-2	3.716E-3	4.186E-2	-0.123	-6.727E-2	0.141
10.077	0.380	7.019E-3	0.380	4.029E-2	1.292E-4	4.029E-2	0.139	-0.257	0.292
10.093	0.381	7.079E-3	0.381	3.964E-2	-2.047E-3	3.969E-2	-0.222	-0.169	0.279
10.110	0.382	6.950E-3	0.382	3.960E-2	-7.644E-3	4.033E-2	8.181E-2	-5.783E-2	0.100
10.127	0.382	6.824E-3	0.382	3.622E-2	-3.694E-3	3.641E-2	-0.210	2.344E-3	0.210
10.143	0.383	6.827E-3	0.383	3.757E-2	-5.642E-3	3.799E-2	-0.346	0.125	0.368
10.160	0.383	6.636E-3	0.383	2.268E-2	-2.960E-3	2.287E-2	-0.270	0.180	0.324
10.177	0.383	6.728E-3	0.384	2.570E-2	3.874E-3	2.599E-2	0.205	2.845E-2	0.207
10.194	0.384	6.765E-3	0.384	3.417E-2	-2.961E-3	3.430E-2	0.388	-0.147	0.415
10.210	0.385	6.630E-3	0.385	3.576E-2	-3.015E-3	3.588E-2	0.227	9.022E-2	0.245
10.227	0.385	6.665E-3	0.385	4.288E-2	2.232E-3	4.293E-2	0.102	0.235	0.256
10.244	0.386	6.704E-3	0.386	4.022E-2	3.899E-3	4.040E-2	-0.288	-4.369E-2	0.291
10.260	0.387	6.795E-3	0.387	3.164E-2	1.725E-3	3.169E-2	-0.131	-0.352	0.376
10.277	0.387	6.762E-3	0.387	3.493E-2	-8.242E-3	3.589E-2	-0.114	-0.223	0.250
10.294	0.388	6.520E-3	0.388	3.143E-2	-7.909E-3	3.241E-2	-0.107	0.297	0.316
10.310	0.388	6.498E-3	0.388	2.694E-2	3.721E-3	2.720E-2	-0.104	0.260	0.280
10.327	0.389	6.644E-3	0.389	3.100E-2	2.202E-3	3.108E-2	4.433E-2	4.250E-2	6.141E-2
10.344	0.389	6.571E-3	0.389	2.765E-2	1.682E-3	2.770E-2	0.261	-2.548E-2	0.262
10.360	0.390	6.700E-3	0.390	3.753E-2	4.478E-3	3.780E-2	6.039E-2	4.639E-2	7.615E-2
10.377	0.390	6.721E-3	0.391	3.545E-2	1.414E-3	3.548E-2	-3.568E-2	-0.296	0.298
10.394	0.391	6.747E-3	0.391	2.942E-2	-4.070E-3	2.970E-2	-0.182	-0.128	0.222
10.410	0.391	6.585E-3	0.391	3.419E-2	-5.140E-3	3.458E-2	-2.884E-2	7.857E-2	8.370E-2
10.427	0.392	6.576E-3	0.392	2.690E-2	5.209E-4	2.691E-2	-0.296	8.201E-2	0.307
10.444	0.392	6.602E-3	0.392	2.358E-2	-2.212E-3	2.369E-2	-4.352E-2	-0.287	0.291
10.460	0.393	6.502E-3	0.393	2.595E-2	-9.767E-3	2.772E-2	-4.241E-2	-0.254	0.258
10.477	0.393	6.276E-3	0.393	2.321E-2	-1.151E-2	2.591E-2	6.722E-2	4.713E-2	8.210E-2
10.494	0.394	6.118E-3	0.394	2.567E-2	-7.384E-3	2.671E-2	0.346	0.237	0.419
10.510	0.394	6.030E-3	0.394	3.677E-2	-3.522E-3	3.694E-2	0.420	1.709E-2	0.420
10.527	0.395	6.001E-3	0.395	4.001E-2	-6.008E-3	4.046E-2	-0.333	2.497E-2	0.334
10.544	0.395	5.830E-3	0.395	2.657E-2	-4.912E-3	2.702E-2	-0.635	3.388E-2	0.636
10.561	0.396	5.837E-3	0.396	1.521E-2	-2.352E-3	1.539E-2	-6.205E-2	-0.208	0.217
10.577	0.396	5.751E-3	0.396	2.533E-2	-1.237E-2	2.819E-2	0.362	-0.191	0.409
10.594	0.396	5.424E-3	0.396	3.026E-2	-1.154E-2	3.238E-2	-0.204	4.927E-2	0.210
10.611	0.397	5.366E-3	0.397	1.734E-2	-6.892E-3	1.866E-2	-2.885E-2	-1.113E-2	3.092E-2
10.627	0.397	5.194E-3	0.397	2.498E-2	-1.358E-2	2.843E-2	0.275	-0.168	0.322
10.644	0.398	4.913E-3	0.398	3.363E-2	-1.341E-2	3.620E-2	4.746E-2	0.113	0.122
10.661	0.398	4.746E-3	0.398	2.243E-2	-8.581E-3	2.402E-2	-0.243	0.133	0.277
10.677	0.398	4.627E-3	0.399	2.487E-2	-8.829E-3	2.639E-2	-0.203	6.158E-2	0.212
10.694	0.399	4.452E-3	0.399	1.938E-2	-7.615E-3	2.083E-2	-1.540E-2	-9.463E-2	9.588E-2
10.711	0.399	4.373E-3	0.399	1.879E-2	-1.015E-2	2.136E-2	-0.141	0.156	0.211
10.727	0.400	4.113E-3	0.400	2.058E-2	-5.768E-3	2.138E-2	-0.270	0.724	0.773
10.744	0.400	4.180E-3	0.400	6.471E-3	1.589E-2	1.715E-2	-0.525	1.720	1.798
10.761	0.400	4.643E-3	0.400	2.634E-3	5.036E-2	5.043E-2	0.159	1.846	1.853
10.777	0.400	5.861E-3	0.400	1.181E-2	8.109E-2	8.195E-2	0.229	0.828	0.859
10.794	0.400	7.349E-3	0.400	1.322E-2	7.858E-2	7.968E-2	-2.223E-2	0.370	0.370
10.811	0.400	8.483E-3	0.400	7.981E-3	8.657E-2	8.694E-2	-0.360	0.139	0.386
10.827	0.400	1.024E-2	0.401	3.256E-3	9.195E-2	9.201E-2	-3.248E-2	-0.214	0.216
10.844	0.400	1.155E-2	0.401	4.108E-3	7.372E-2	7.383E-2	4.041E-2	-0.829	0.830
10.861	0.401	1.270E-2	0.401	7.786E-3	6.526E-2	6.572E-2	0.193	-0.660	0.688
10.878	0.401	1.373E-2	0.401	8.225E-3	5.271E-2	5.335E-2	-0.358	-0.463	0.585
10.894	0.401	1.446E-2	0.401	-9.353E-4	4.721E-2	4.721E-2	0.464	5.609E-2	0.468
10.911	0.401	1.530E-2	0.401	1.547E-2	5.614E-2	5.823E-2	0.594	0.354	0.691
10.928	0.401	1.633E-2	0.402	3.091E-2	6.021E-2	6.768E-2	0.249	-0.128	0.280
10.944	0.402	1.731E-2	0.402	1.595E-2	5.176E-2	5.417E-2	-0.968	-0.670	1.177
10.961	0.402	1.806E-2	0.402	1.959E-3	3.707E-2	3.712E-2	-0.731	-0.350	0.811
10.978	0.402	1.855E-2	0.402	-1.171E-2	3.777E-2	3.954E-2	-0.227	-0.212	0.311
10.994	0.402	1.932E-2	0.402	-5.190E-3	3.499E-2	3.537E-2	0.493	-0.234	0.545
11.011	0.402	1.972E-2	0.402	6.465E-3	2.543E-2	2.624E-2	0.753	-0.132	0.764
11.028	0.402	2.017E-2	0.402	1.884E-2	3.186E-2	3.701E-2	0.354	-0.241	0.428
11.044	0.402	2.078E-2	0.403	2.094E-2	2.087E-2	2.957E-2	0.166	-0.798	0.815
11.061	0.402	2.086E-2	0.403	2.059E-2	6.039E-4	2.060E-2	-0.278	-0.576	0.639
11.078	0.403	2.080E-2	0.403	1.572E-2	1.905E-3	1.584E-2	0.713	6.951E-2	0.717
11.094	0.403	2.093E-2	0.404	3.607E-2	5.444E-3	3.648E-2	-0.338	4.888E-2	0.341
11.111	0.404	2.098E-2	0.405	2.138E-2	2.291E-3	2.150E-2	-0.640	-0.152	0.658
11.128	0.404	2.100E-2	0.404	-5.464E-3	4.563E-4	5.483E-3	-0.621	-0.202	0.653
11.144	0.404	2.100E-2	0.404	1.268E-2	-3.998E-3	1.330E-2	0.487	-0.265	0.554
11.161	0.404	2.087E-2	0.405	8.380E-3	-9.119E-3	1.238E-2	0.395	-0.270	0.479
11.178	0.404	2.069E-2	0.405	2.244E-2	-1.261E-2	2.574E-2	0.208	1.321E-2	0.208
11.195	0.405	2.045E-2	0.405	2.327E-2	-9.762E-3	2.524E-2	0.349	-0.154	0.381
11.211	0.405	2.037E-2	0.406	2.422E-2	-1.464E-2	2.830E-2	0.202	-0.467	0.509
11.228	0.406	1.996E-2	0.406	3.803E-2	-2.829E-2	4.740E-2	0.374	-0.432	0.571
11.245	0.406	1.942E-2	0.407	3.316E-2	-2.919E-2	4.418E-2	-0.591	-5.107E-2	0.593
11.261	0.407	1.899E-2	0.407	2.030E-2	-2.829E-2	3.483E-2	-0.839	-6.618E-2	0.841
11.278	0.407	1.848E-2	0.407	2.719E-3	-3.216E-2	3.228E-2	1.695E-2	-0.240	0.241
11.295	0.407	1.791E-2	0.407	1.797E-2	-3.621E-2	4.042E-2	0.363	-0.108	0.379
11.311	0.408	1.727E-2	0.408	2.377E-2	-3.645E-2	4.352E-2	0.276	-3.910E-2	0.278
11.328	0.408	1.670E-2	0.408	1.847E-2	-3.634E-2	4.076E-2	-0.384	0.112	0.400
11.345	0.408	1.606E-2	0.408	1.745E-2	-3.414E-2	3.834E-2	-0.228	-0.225	0.321
11.361	0.408	1.556E-2	0.409	6.395E-3	-4.086E-2	4.136E-2	0.223	-0.810	0.840
11.378	0.408	1.469E-2	0.409	2.383E-2	-6.322E-2	6.756E-2	-0.275	-0.432	0.512
11.395	0.409	1.345E-2	0.409	7.206E-3	-5.924E-2	5.968E-2	9.901E-2	0.467	0.477
11.411	0.409	1.272E-2	0.409	9.567E-3	-4.184E-2	4.292E-2	-0.272	1.039	1.074
11.428	0.409	1.205E-2	0.410	1.759E-2	-2.796E-2	3.304E-2	0.276	0.660	0.716
11.445	0.409	1.178E-2	0.409	3.301E-3	-1.657E-2	1.690E-2	-0.198	0.304	0.363
11.461	0.409	1.150E-2	0.410	1.898E-2	-1.939E-2	2.713E-2	0.554	-2.521E-2	0.554
11.478	0.410	1.114E-2	0.410	2.013E-2	-1.842E-2	2.728E-2	0.432	-2.647E-2	0.433
11.495	0.410	1.088E-2	0.410	3.150E-2	-1.856E-2	3.656E-2	0.190	-0.214	0.287
11.511	0.411	1.052E-2	0.411	3.146E-2	-2.635E-2	4.103E-2	-0.149	-0.342	0.373
11.528	0.411	1.000E-2	0.411	2.135E-2	-3.078E-2	3.746E-2	-0.337	-9.997E-2	0.352
11.545	0.412	9.491E-3	0.412	2.235E-2	-2.926E-2	3.682E-2	0.148	-8.987E-2	0.174
11.562	0.412	9.028E-3	0.412	2.544E-2	-3.265E-2	4.139E-2	-0.304	-0.587	0.661
11.578	0.412	8.402E-3	0.413	1.525E-2	-4.885E-2	5.118E-2	-0.776	-0.101	0.783
11.595	0.412	7.398E-3	0.413	-4.103E-3	-4.125E-2	4.145E-2	-2.334E-2	0.451	0.451
11.612	0.412	7.026E-3	0.412	1.177E-2	-2.624E-2	2.876E-2	1.214	0.469	1.301
11.628	0.413	6.523E-3	0.413	4.207E-2	-2.951E-2	5.139E-2	0.558	-0.322	0.645
11.645	0.414	6.041E-3	0.414	3.248E-2	-3.533E-2	4.799E-2	-0.359	-0.721	0.805
11.662	0.414	5.344E-3	0.414	2.237E-2	-5.378E-2	5.825E-2	-0.126	-0.314	0.338
11.678	0.414	4.246E-3	0.414	3.295E-2	-5.049E-2	6.029E-2	4.742E-2	6.970E-2	8.430E-2
11.695	0.415	3.659E-3	0.415	2.490E-2	-4.410E-2	5.064E-2	-0.489	0.606	0.779
11.712	0.415	2.775E-3	0.415	1.350E-2	-3.724E-2	3.961E-2	0.100	0.283	0.301
11.728	0.415	2.417E-3	0.416	2.729E-2	-2.795E-2	3.906E-2	0.424	0.671	0.794
11.745	0.416	1.842E-3	0.416	3.330E-2	-2.088E-2	3.930E-2	0.336	0.126	0.359
11.762	0.417	1.720E-3	0.417	3.268E-2	-1.750E-2	3.707E-2	0.284	0.367	0.464
11.778	0.417	1.259E-3	0.417	4.572E-2	-1.525E-2	4.820E-2	4.047E-2	3.821E-2	5.566E-2
11.795	0.418	1.211E-3	0.418	3.626E-2	-1.018E-2	3.766E-2	-0.210	0.396	0.448
11.812	0.418	9.191E-4	0.418	3.247E-2	-7.368E-3	3.330E-2	-0.141	0.255	0.291
11.828	0.419	9.654E-4	0.419	3.739E-2	2.336E-3	3.746E-2	9.082E-2	0.250	0.266
11.845	0.420	9.970E-4	0.420	3.235E-2	-3.014E-4	3.235E-2	-0.229	-9.645E-2	0.248
11.862	0.420	9.554E-4	0.420	3.097E-2	-1.578E-3	3.101E-2	4.522E-2	-0.125	0.133
11.879	0.421	9.444E-4	0.421	3.272E-2	-3.499E-3	3.291E-2	0.130	-7.198E-2	0.148
11.895	0.421	8.386E-4	0.421	3.658E-2	-5.100E-3	3.693E-2	-1.760E-2	9.572E-2	9.732E-2
11.912	0.422	7.742E-4	0.422	3.232E-2	-8.449E-5	3.232E-2	0.248	0.196	0.316
11.929	0.422	8.358E-4	0.422	4.159E-2	2.499E-3	4.166E-2	8.130E-2	-4.659E-3	8.143E-2
11.945	0.423	8.576E-4	0.423	4.156E-2	-8.170E-4	4.157E-2	-0.541	-0.208	0.579
11.962	0.424	8.085E-4	0.424	1.892E-2	-4.631E-3	1.948E-2	0.163	-0.532	0.556
11.979	0.424	7.030E-4	0.424	4.188E-2	-1.719E-2	4.527E-2	0.676	-0.153	0.693
11.995	0.425	2.348E-4	0.425	5.457E-2	-1.452E-2	5.647E-2	-7.931E-2	6.730E-2	0.104
12.012	0.426	2.184E-4	0.426	2.999E-2	-8.459E-3	3.116E-2	-0.492	4.703E-2	0.494
12.029	0.426	-4.742E-5	0.426	3.748E-2	-1.689E-2	4.111E-2	-0.172	-0.181	0.249
12.045	0.427	-3.451E-4	0.427	3.145E-2	-1.421E-2	3.451E-2	0.329	8.046E-3	0.329
12.062	0.427	-5.215E-4	0.427	3.762E-2	-1.484E-2	4.044E-2	9.865E-3	-0.210	0.210
12.079	0.428	-8.402E-4	0.428	4.430E-2	-2.247E-2	4.967E-2	0.342	-0.304	0.458
12.095	0.429	-1.271E-3	0.429	3.839E-2	-2.539E-2	4.603E-2	-0.162	0.284	0.327
12.112	0.430	-1.687E-3	0.430	4.585E-2	-1.395E-2	4.792E-2	-6.483E-3	0.147	0.147
12.129	0.430	-1.737E-3	0.430	3.566E-2	-1.560E-2	3.892E-2	-0.190	3.864E-2	0.193
12.145	0.431	-2.208E-3	0.431	3.776E-2	-1.915E-2	4.233E-2	0.113	-3.582E-2	0.119
12.162	0.432	-2.375E-3	0.432	4.256E-2	-1.209E-2	4.425E-2	0.185	0.187	0.262
12.179	0.432	-2.611E-3	0.432	4.194E-2	-1.473E-2	4.445E-2	-0.259	-0.310	0.404
12.196	0.433	-2.867E-3	0.433	3.590E-2	-2.142E-2	4.181E-2	-0.264	-0.396	0.476
12.212	0.433	-3.326E-3	0.433	3.032E-2	-2.933E-2	4.219E-2	-7.571E-2	-0.113	0.136
12.229	0.434	-3.846E-3	0.434	3.481E-2	-2.563E-2	4.323E-2	0.306	-1.709E-2	0.307
12.246	0.435	-4.182E-3	0.435	4.038E-2	-2.708E-2	4.862E-2	0.148	-0.144	0.207
12.262	0.435	-4.749E-3	0.435	4.081E-2	-3.332E-2	5.268E-2	-0.226	-0.225	0.318
12.279	0.436	-5.293E-3	0.436	3.234E-2	-3.329E-2	4.641E-2	-0.288	0.334	0.441
12.296	0.436	-5.860E-3	0.436	2.961E-2	-2.392E-2	3.806E-2	0.137	0.591	0.606
12.312	0.437	-6.091E-3	0.437	3.775E-2	-1.102E-2	3.933E-2	0.174	1.013	1.027
12.329	0.438	-6.228E-3	0.438	3.733E-2	7.077E-3	3.799E-2	0.160	1.385	1.394
12.346	0.438	-5.855E-3	0.438	3.956E-2	3.704E-2	5.419E-2	-0.207	1.151	1.170
12.362	0.439	-4.992E-3	0.439	3.525E-2	4.805E-2	5.959E-2	-0.485	-0.179	0.518
12.379	0.439	-4.252E-3	0.439	1.926E-2	2.995E-2	3.560E-2	-0.262	-0.567	0.625
12.396	0.440	-3.993E-3	0.440	2.574E-2	2.429E-2	3.539E-2	4.752E-2	-0.379	0.382
12.412	0.440	-3.442E-3	0.440	2.576E-2	2.326E-2	3.470E-2	-4.380E-2	-0.455	0.457
12.429	0.440	-3.216E-3	0.440	1.936E-2	6.114E-3	2.030E-2	-9.190E-2	-0.842	0.847
12.446	0.441	-3.238E-3	0.441	2.498E-2	-5.029E-3	2.548E-2	0.361	-0.523	0.635
12.462	0.441	-3.384E-3	0.441	3.080E-2	-1.102E-2	3.272E-2	-2.954E-2	-0.147	0.150
12.479	0.442	-3.605E-3	0.442	2.612E-2	-1.045E-2	2.814E-2	-0.103	0.281	0.299
12.496	0.442	-3.733E-3	0.442	2.346E-2	-1.420E-3	2.350E-2	-0.304	0.562	0.639
12.512	0.443	-3.653E-3	0.443	2.026E-2	9.072E-3	2.220E-2	6.538E-2	0.892	0.894
12.529	0.443	-3.430E-3	0.443	2.076E-2	2.675E-2	3.386E-2	5.953E-2	0.756	0.758
12.546	0.443	-2.760E-3	0.443	2.686E-2	3.785E-2	4.641E-2	0.553	0.288	0.624
12.563	0.444	-2.167E-3	0.444	3.510E-2	3.400E-2	4.887E-2	0.440	0.131	0.459
12.579	0.445	-1.626E-3	0.445	4.563E-2	4.091E-2	6.129E-2	1.276E-2	0.189	0.190
12.596	0.445	-8.023E-4	0.445	3.481E-2	4.375E-2	5.591E-2	5.075E-2	8.092E-2	9.552E-2
12.613	0.446	-1.660E-4	0.446	4.236E-2	4.047E-2	5.859E-2	0.199	3.684E-2	0.202
12.629	0.447	5.480E-4	0.447	4.914E-2	4.599E-2	6.731E-2	7.147E-2	-0.240	0.251
12.646	0.447	1.369E-3	0.447	3.931E-2	3.505E-2	5.267E-2	-0.704	-0.482	0.853
12.663	0.448	1.717E-3	0.448	2.882E-2	2.486E-2	3.806E-2	-0.183	-0.612	0.638
12.679	0.448	2.198E-3	0.448	2.850E-2	1.916E-2	3.435E-2	0.164	0.113	0.199
12.696	0.449	2.357E-3	0.449	3.892E-2	2.334E-2	4.538E-2	0.469	0.410	0.623
12.713	0.450	2.977E-3	0.450	4.209E-2	3.804E-2	5.673E-2	-0.160	0.128	0.205
12.729	0.450	3.626E-3	0.450	3.594E-2	2.751E-2	4.526E-2	-5.944E-2	-0.747	0.749
12.746	0.451	3.895E-3	0.451	3.559E-2	1.053E-2	3.711E-2	-0.321	-0.821	0.882
12.763	0.452	3.977E-3	0.452	3.115E-2	7.434E-4	3.116E-2	2.281E-2	0.103	0.105
12.779	0.452	3.919E-3	0.452	2.944E-2	1.142E-2	3.158E-2	-0.113	9.395E-2	0.147
12.796	0.453	4.358E-3	0.453	3.380E-2	1.093E-2	3.552E-2	0.853	-8.263E-2	0.857
12.813	0.453	4.284E-3	0.453	5.056E-2	1.320E-3	5.058E-2	5.099E-3	-5.420E-2	5.444E-2
12.829	0.454	4.402E-3	0.454	4.611E-2	1.223E-2	4.770E-2	-0.384	0.348	0.518
12.846	0.455	4.692E-3	0.455	2.497E-2	1.405E-2	2.865E-2	-0.458	-8.974E-2	0.467
12.863	0.455	4.871E-3	0.455	3.656E-2	7.950E-3	3.741E-2	0.369	-0.534	0.649
12.880	0.456	4.958E-3	0.456	3.773E-2	-2.914E-3	3.784E-2	1.301E-2	-0.344	0.344
12.896	0.456	4.774E-3	0.456	3.555E-2	-6.131E-3	3.607E-2	-0.180	-1.461E-2	0.180
12.913	0.457	4.753E-3	0.457	3.278E-2	-9.062E-4	3.279E-2	-0.140	0.233	0.272
12.930	0.457	4.744E-3	0.457	2.977E-2	8.594E-4	2.978E-2	0.268	-0.141	0.303
12.946	0.458	4.782E-3	0.458	4.078E-2	-4.310E-3	4.101E-2	0.290	-0.140	0.322
12.963	0.459	4.600E-3	0.459	4.358E-2	-6.506E-3	4.406E-2	9.375E-2	6.488E-2	0.114
12.980	0.459	4.565E-3	0.459	3.959E-2	-2.240E-4	3.959E-2	-0.727	7.670E-2	0.731
12.996	0.460	4.592E-3	0.460	2.429E-2	-3.317E-3	2.451E-2	-0.113	9.279E-3	0.114
13.013	0.460	4.454E-3	0.460	2.669E-2	-2.449E-3	2.681E-2	0.202	-0.466	0.508
13.030	0.461	4.511E-3	0.461	4.098E-2	-1.400E-2	4.331E-2	0.500	-0.490	0.700
13.046	0.462	3.987E-3	0.462	3.765E-2	-2.546E-2	4.545E-2	-0.205	6.897E-2	0.216
13.063	0.462	3.661E-3	0.462	3.697E-2	-9.012E-3	3.805E-2	0.206	0.426	0.473
13.080	0.463	3.686E-3	0.463	4.135E-2	-7.782E-3	4.208E-2	-0.166	0.186	0.249
13.096	0.464	3.402E-3	0.464	3.663E-2	-8.210E-3	3.754E-2	-0.219	-0.381	0.439
13.113	0.464	3.412E-3	0.464	2.811E-2	-1.448E-2	3.162E-2	-0.263	-0.288	0.390
13.130	0.465	2.918E-3	0.465	3.155E-2	-2.417E-2	3.974E-2	0.161	-0.265	0.310
13.146	0.465	2.606E-3	0.465	3.192E-2	-1.951E-2	3.741E-2	-0.324	0.116	0.344
13.163	0.466	2.268E-3	0.466	2.316E-2	-2.116E-2	3.137E-2	2.647E-2	-0.128	0.131
13.180	0.466	1.900E-3	0.466	2.725E-2	-2.370E-2	3.611E-2	0.413	0.138	0.435
13.197	0.467	1.477E-3	0.467	4.271E-2	-1.794E-2	4.632E-2	0.254	-1.462E-2	0.255
13.213	0.467	1.301E-3	0.467	3.490E-2	-2.043E-2	4.044E-2	-0.638	0.135	0.653
13.230	0.468	7.952E-4	0.468	1.993E-2	-1.894E-2	2.749E-2	-0.442	0.115	0.456
13.247	0.468	6.689E-4	0.468	1.867E-2	-1.140E-2	2.187E-2	0.180	0.445	0.480
13.263	0.468	4.148E-4	0.468	2.791E-2	-7.861E-3	2.899E-2	0.587	-0.144	0.604
13.280	0.469	4.066E-4	0.469	3.770E-2	-1.193E-2	3.954E-2	3.489E-2	-0.241	0.244
13.297	0.470	1.666E-5	0.470	3.192E-2	-2.063E-2	3.800E-2	-0.332	-0.147	0.363
13.313	0.470	-2.818E-4	0.470	2.212E-2	-1.485E-2	2.665E-2	-0.237	0.218	0.322
13.330	0.470	-4.788E-4	0.470	2.597E-2	-1.275E-2	2.893E-2	9.925E-2	0.255	0.274
13.347	0.471	-7.073E-4	0.471	2.596E-2	-7.877E-3	2.713E-2	0.153	-0.131	0.201
13.363	0.471	-7.417E-4	0.471	2.949E-2	-1.367E-2	3.251E-2	-9.007E-2	-0.404	0.413
13.380	0.472	-1.163E-3	0.472	2.604E-2	-2.546E-2	3.642E-2	-3.476E-2	-0.150	0.154
13.397	0.472	-1.591E-3	0.472	2.404E-2	-1.815E-2	3.013E-2	0.506	0.565	0.759
13.413	0.473	-1.769E-3	0.473	4.424E-2	-5.213E-3	4.455E-2	-6.339E-2	0.123	0.138
13.430	0.474	-1.765E-3	0.474	2.886E-2	-1.184E-2	3.119E-2	-0.348	-0.133	0.373
13.447	0.474	-2.164E-3	0.474	1.972E-2	-1.515E-2	2.487E-2	9.174E-2	-8.340E-2	0.124
13.463	0.474	-2.271E-3	0.474	4.133E-2	-9.890E-3	4.249E-2	0.336	-4.733E-2	0.340
13.480	0.475	-2.494E-3	0.475	3.055E-2	-1.829E-2	3.561E-2	-0.667	0.138	0.681
13.497	0.475	-2.881E-3	0.475	1.547E-2	-8.300E-3	1.755E-2	-0.332	0.372	0.499
13.513	0.475	-2.771E-3	0.475	1.972E-2	1.653E-5	1.972E-2	-0.278	0.469	0.545
13.530	0.476	-2.880E-3	0.476	1.062E-2	2.108E-3	1.082E-2	-0.244	0.556	0.607
13.547	0.476	-2.701E-3	0.476	4.761E-3	2.057E-2	2.111E-2	-0.365	1.157	1.213
13.564	0.476	-2.194E-3	0.476	4.860E-3	4.080E-2	4.109E-2	-3.584E-2	1.060	1.061
13.580	0.476	-1.340E-3	0.476	-1.133E-3	5.673E-2	5.674E-2	-4.286E-3	0.752	0.752
13.597	0.476	-3.010E-4	0.476	6.585E-3	6.552E-2	6.585E-2	0.804	0.673	1.049
13.614	0.476	8.465E-4	0.476	2.436E-2	7.800E-2	8.172E-2	0.105	0.511	0.522
13.630	0.477	2.302E-3	0.477	1.652E-2	8.505E-2	8.664E-2	-0.344	-0.119	0.364
13.647	0.477	3.684E-3	0.477	3.515E-3	7.345E-2	7.353E-2	-0.144	-0.769	0.783
13.664	0.477	4.752E-3	0.477	1.662E-2	5.788E-2	6.022E-2	0.375	-0.203	0.426
13.680	0.477	5.615E-3	0.477	1.673E-2	6.446E-2	6.660E-2	-0.259	0.499	0.562
13.697	0.477	6.903E-3	0.478	6.870E-3	7.881E-2	7.911E-2	-0.103	0.148	0.180
13.714	0.477	8.245E-3	0.478	1.100E-2	6.959E-2	7.045E-2	0.263	-0.766	0.810
13.730	0.478	9.225E-3	0.478	1.933E-2	5.103E-2	5.457E-2	0.156	-0.190	0.246
13.747	0.478	9.948E-3	0.478	1.493E-2	6.018E-2	6.201E-2	-0.219	0.229	0.317
13.764	0.478	1.123E-2	0.478	1.136E-2	6.616E-2	6.713E-2	-0.317	-0.349	0.471
13.780	0.479	1.216E-2	0.479	5.463E-3	4.456E-2	4.489E-2	-2.325E-2	-1.121	1.121
13.797	0.479	1.272E-2	0.479	7.938E-3	2.809E-2	2.919E-2	0.292	-0.349	0.455
13.814	0.479	1.309E-2	0.479	1.798E-2	3.151E-2	3.627E-2	2.199E-2	0.123	0.125
13.830	0.479	1.377E-2	0.479	9.620E-3	3.626E-2	3.752E-2	-0.601	-0.159	0.621
13.847	0.479	1.430E-2	0.479	-4.779E-3	2.467E-2	2.513E-2	0.437	-0.178	0.472
13.864	0.479	1.459E-2	0.479	2.041E-2	2.749E-2	3.424E-2	0.724	-0.149	0.739
13.881	0.480	1.522E-2	0.480	3.094E-2	2.532E-2	3.998E-2	0.161	-0.413	0.443
13.897	0.480	1.544E-2	0.480	1.581E-2	9.347E-3	1.837E-2	-0.829	-0.729	1.104
13.914	0.480	1.553E-2	0.481	8.486E-3	2.139E-3	8.751E-3	-8.345E-2	-0.169	0.188
13.931	0.480	1.551E-2	0.481	7.963E-3	2.707E-3	8.410E-3	0.464	-6.016E-2	0.468
13.947	0.481	1.562E-2	0.481	2.718E-2	2.373E-3	2.728E-2	0.272	-0.239	0.362
13.964	0.481	1.559E-2	0.481	2.036E-2	-6.423E-3	2.135E-2	-0.223	-0.279	0.358
13.981	0.481	1.541E-2	0.482	1.279E-2	-8.018E-3	1.509E-2	5.230E-2	3.231E-2	6.148E-2
13.997	0.482	1.532E-2	0.482	2.597E-2	-4.037E-3	2.628E-2	0.342	0.101	0.357
14.014	0.482	1.527E-2	0.482	2.529E-2	-4.512E-3	2.569E-2	0.184	-6.590E-2	0.195
14.031	0.482	1.517E-2	0.483	2.848E-2	-6.746E-3	2.927E-2	-0.320	-0.207	0.381
14.047	0.483	1.505E-2	0.483	2.039E-2	-1.087E-2	2.310E-2	-0.443	-0.552	0.708
14.064	0.483	1.481E-2	0.483	7.050E-3	-2.460E-2	2.559E-2	-0.583	-0.322	0.666
14.081	0.483	1.423E-2	0.484	5.194E-3	-2.541E-2	2.593E-2	0.421	-0.111	0.435
14.097	0.483	1.396E-2	0.484	1.659E-2	-2.312E-2	2.845E-2	0.408	-0.358	0.543
14.114	0.484	1.346E-2	0.484	2.555E-2	-3.945E-2	4.700E-2	8.114E-2	-0.739	0.743
14.131	0.484	1.264E-2	0.484	1.499E-2	-4.926E-2	5.149E-2	-0.519	8.094E-2	0.525
14.147	0.484	1.181E-2	0.485	9.095E-3	-3.741E-2	3.850E-2	0.462	0.192	0.500
14.164	0.484	1.140E-2	0.485	2.683E-2	-3.740E-2	4.603E-2	5.266E-2	-0.480	0.483
14.181	0.485	1.056E-2	0.485	2.113E-2	-5.768E-2	6.143E-2	4.112E-2	-0.440	0.442
14.198	0.485	9.472E-3	0.485	1.468E-2	-5.414E-2	5.609E-2	-0.440	0.242	0.502
14.214	0.486	8.758E-3	0.486	1.840E-2	-4.495E-2	4.857E-2	0.386	0.356	0.525
14.231	0.486	7.972E-3	0.486	1.770E-2	-4.483E-2	4.820E-2	-0.277	-0.297	0.406
14.248	0.486	7.262E-3	0.486	1.824E-2	-5.248E-2	5.556E-2	-5.323E-2	-0.114	0.126
14.264	0.486	6.221E-3	0.486	8.498E-3	-5.313E-2	5.380E-2	0.156	-3.349E-2	0.160
14.281	0.487	5.489E-3	0.487	2.557E-2	-4.882E-2	5.511E-2	0.644	0.243	0.688
14.298	0.487	4.592E-3	0.487	3.306E-2	-4.853E-2	5.872E-2	-0.601	0.223	0.641
14.314	0.488	3.870E-3	0.488	6.014E-3	-3.968E-2	4.014E-2	-0.395	0.300	0.496
14.331	0.487	3.268E-3	0.487	1.001E-2	-3.797E-2	3.927E-2	0.454	0.171	0.485
14.348	0.488	2.603E-3	0.488	3.277E-2	-3.562E-2	4.840E-2	0.661	0.435	0.791
14.364	0.489	2.079E-3	0.489	2.718E-2	-2.317E-2	3.571E-2	-0.117	0.426	0.442
14.381	0.489	1.830E-3	0.489	2.868E-2	-1.906E-2	3.444E-2	0.200	0.371	0.421
14.398	0.489	1.443E-3	0.489	3.444E-2	-1.440E-2	3.733E-2	0.164	0.366	0.401
14.414	0.490	1.349E-3	0.490	3.494E-2	-3.992E-3	3.517E-2	-0.153	7.209E-2	0.169
14.431	0.491	1.310E-3	0.491	2.877E-2	-1.148E-2	3.097E-2	-5.640E-3	-0.236	0.236
14.448	0.491	9.664E-4	0.491	3.290E-2	-1.545E-2	3.635E-2	0.266	0.216	0.343
14.464	0.492	7.945E-4	0.492	4.048E-2	-2.599E-3	4.056E-2	0.521	0.486	0.712
14.481	0.492	8.797E-4	0.492	4.797E-2	2.576E-3	4.804E-2	-0.123	-3.614E-2	0.128
14.498	0.493	8.805E-4	0.493	4.078E-2	-4.917E-3	4.108E-2	-0.545	-0.171	0.571
14.514	0.494	7.156E-4	0.494	2.458E-2	-4.903E-3	2.506E-2	-0.377	5.184E-2	0.380
14.531	0.494	7.169E-4	0.494	2.917E-2	-9.134E-4	2.919E-2	2.575E-2	7.525E-2	7.954E-2
14.548	0.495	6.851E-4	0.495	2.824E-2	-3.202E-3	2.842E-2	0.399	-0.104	0.412
14.565	0.495	6.101E-4	0.495	3.743E-2	-4.602E-3	3.772E-2	0.254	0.114	0.278
14.581	0.496	5.316E-4	0.496	4.363E-2	7.206E-5	4.363E-2	0.617	9.817E-2	0.625
14.598	0.497	6.125E-4	0.497	5.058E-2	6.534E-4	5.058E-2	6.706E-2	0.114	0.132
14.615	0.498	5.534E-4	0.498	5.394E-2	1.298E-3	5.396E-2	-0.322	4.372E-2	0.325
14.631	0.498	6.558E-4	0.498	3.450E-2	4.351E-3	3.477E-2	-0.416	0.153	0.443
14.648	0.499	6.985E-4	0.499	3.876E-2	4.877E-3	3.906E-2	8.028E-2	-0.268	0.280
14.665	0.500	8.186E-4	0.500	4.202E-2	-2.329E-3	4.209E-2	-0.219	-0.199	0.296
14.681	0.500	6.208E-4	0.500	2.881E-2	-5.691E-3	2.937E-2	9.506E-2	3.817E-2	0.102
14.698	0.501	6.287E-4	0.501	4.174E-2	1.866E-3	4.178E-2	0.509	0.149	0.531
14.715	0.502	6.831E-4	0.502	5.320E-2	-6.398E-4	5.321E-2	0.367	-0.243	0.440
14.731	0.502	6.073E-4	0.502	4.866E-2	-7.190E-3	4.918E-2	-0.510	-0.196	0.546
14.748	0.503	4.432E-4	0.503	3.984E-2	-7.683E-3	4.058E-2	1.211E-2	-0.158	0.159
14.765	0.504	3.510E-4	0.504	4.309E-2	-1.073E-2	4.440E-2	0.283	-0.111	0.304
14.781	0.505	8.519E-5	0.505	5.565E-2	-1.352E-2	5.727E-2	0.343	6.523E-3	0.343
14.798	0.506	-1.000E-4	0.506	5.184E-2	-9.331E-3	5.268E-2	-0.695	0.158	0.713
14.815	0.506	-2.261E-4	0.506	3.472E-2	-8.023E-3	3.563E-2	-0.337	0.181	0.382
14.831	0.507	-3.677E-4	0.507	3.409E-2	-4.290E-3	3.435E-2	-0.148	0.221	0.266
14.848	0.508	-3.693E-4	0.508	3.800E-2	5.146E-4	3.801E-2	0.325	-1.742E-2	0.326
14.865	0.508	-3.506E-4	0.508	3.793E-2	-4.494E-3	3.820E-2	-0.176	-0.148	0.230
14.882	0.509	-5.193E-4	0.509	3.848E-2	-6.617E-3	3.905E-2	-0.167	-0.224	0.280
14.898	0.509	-5.714E-4	0.509	2.771E-2	-9.300E-3	2.923E-2	0.331	-0.153	0.364
14.915	0.510	-8.296E-4	0.510	4.809E-2	-1.416E-2	5.014E-2	1.151	-0.279	1.184
14.932	0.511	-1.044E-3	0.511	7.155E-2	-1.679E-2	7.349E-2	0.314	2.573E-2	0.315
14.948	0.512	-1.390E-3	0.512	5.875E-2	-1.538E-2	6.073E-2	-0.797	-0.130	0.807
14.965	0.513	-1.557E-3	0.513	4.040E-2	-1.791E-2	4.419E-2	-0.685	-0.232	0.723
14.982	0.513	-1.988E-3	0.513	3.747E-2	-2.610E-2	4.567E-2	0.448	-4.926E-2	0.451
14.998	0.514	-2.428E-3	0.514	5.329E-2	-1.950E-2	5.675E-2	-5.293E-2	7.155E-2	8.900E-2
15.015	0.515	-2.638E-3	0.515	4.402E-2	-2.056E-2	4.858E-2	-1.945E-2	-0.106	0.108
15.032	0.516	-3.114E-3	0.516	3.999E-2	-2.659E-2	4.803E-2	-0.128	0.132	0.183
15.048	0.517	-3.526E-3	0.517	5.101E-2	-1.576E-2	5.339E-2	-5.861E-3	0.411	0.411
15.065	0.517	-3.640E-3	0.517	3.461E-2	-1.013E-2	3.607E-2	-0.306	5.238E-2	0.311
15.082	0.518	-3.864E-3	0.518	3.907E-2	-1.587E-2	4.217E-2	0.136	-0.622	0.636
15.098	0.519	-4.169E-3	0.519	4.382E-2	-2.951E-2	5.283E-2	0.286	-0.240	0.373
15.115	0.519	-4.848E-3	0.519	4.456E-2	-2.845E-2	5.287E-2	-0.167	-0.169	0.237
15.132	0.520	-5.119E-3	0.520	4.216E-2	-2.831E-2	5.078E-2	-5.520E-2	0.323	0.328
15.148	0.521	-5.793E-3	0.521	3.853E-2	-2.507E-2	4.596E-2	-0.103	0.467	0.478
15.165	0.521	-5.955E-3	0.521	4.175E-2	-7.020E-3	4.234E-2	0.212	0.785	0.813
15.182	0.522	-6.027E-3	0.522	4.372E-2	-7.903E-4	4.372E-2	0.441	0.531	0.690
15.199	0.523	-5.981E-3	0.523	5.660E-2	1.025E-2	5.752E-2	-0.152	0.674	0.691
15.215	0.524	-5.685E-3	0.524	4.374E-2	2.264E-2	4.925E-2	-0.373	0.380	0.532
15.232	0.524	-5.226E-3	0.524	3.482E-2	2.378E-2	4.217E-2	-0.555	0.126	0.569
15.249	0.525	-4.892E-3	0.525	3.397E-2	2.444E-2	4.185E-2	-5.058E-2	-0.398	0.401
15.265	0.525	-4.410E-3	0.525	2.649E-2	1.436E-2	3.013E-2	0.265	-0.912	0.950
15.282	0.526	-4.412E-3	0.526	4.482E-2	-9.435E-3	4.580E-2	0.467	-0.627	0.781
15.299	0.527	-4.725E-3	0.527	4.617E-2	-8.585E-3	4.696E-2	6.665E-2	0.135	0.151
15.315	0.527	-4.699E-3	0.528	4.139E-2	-4.133E-4	4.139E-2	-0.433	0.526	0.682
15.332	0.528	-4.739E-3	0.528	3.651E-2	5.788E-3	3.696E-2	-4.686E-2	0.907	0.908
15.349	0.529	-4.506E-3	0.529	3.459E-2	3.017E-2	4.590E-2	0.200	0.986	1.006
15.365	0.529	-3.732E-3	0.529	4.683E-2	4.266E-2	6.335E-2	0.139	0.522	0.540
15.382	0.530	-3.082E-3	0.530	4.031E-2	4.356E-2	5.935E-2	0.186	0.197	0.271
15.399	0.531	-2.279E-3	0.531	4.737E-2	5.070E-2	6.938E-2	0.229	0.297	0.375
15.415	0.532	-1.391E-3	0.532	5.544E-2	5.350E-2	7.704E-2	0.261	-0.457	0.526
15.432	0.533	-4.937E-4	0.533	5.057E-2	3.748E-2	6.295E-2	-0.630	-0.533	0.825
15.449	0.534	-1.402E-4	0.534	3.901E-2	2.979E-2	4.908E-2	0.148	0.213	0.260
15.465	0.534	5.003E-4	0.534	4.716E-2	4.799E-2	6.728E-2	5.844E-2	0.132	0.145
15.482	0.535	1.461E-3	0.535	5.254E-2	3.845E-2	6.511E-2	-0.230	-0.530	0.578
15.499	0.536	1.783E-3	0.536	3.130E-2	2.296E-2	3.881E-2	-0.157	-0.298	0.337
15.515	0.536	2.227E-3	0.536	4.646E-2	3.157E-2	5.617E-2	0.485	0.426	0.646
15.532	0.537	2.837E-3	0.537	5.453E-2	3.788E-2	6.640E-2	-0.304	1.478E-2	0.304
15.549	0.538	3.491E-3	0.538	3.256E-2	3.267E-2	4.613E-2	-0.135	-0.168	0.216
15.566	0.538	3.927E-3	0.538	4.463E-2	2.968E-2	5.360E-2	3.525E-2	-0.212	0.215
15.582	0.539	4.481E-3	0.539	4.558E-2	2.827E-2	5.363E-2	-0.112	-0.464	0.477
15.599	0.540	4.870E-3	0.540	2.984E-2	1.366E-2	3.281E-2	-5.537E-2	-0.608	0.610
15.616	0.540	4.937E-3	0.540	4.760E-2	5.704E-3	4.795E-2	0.311	-0.202	0.371
15.632	0.541	5.060E-3	0.541	4.416E-2	8.619E-3	4.500E-2	-0.640	0.124	0.652
15.649	0.542	5.225E-3	0.542	2.197E-2	9.933E-3	2.411E-2	-3.528E-2	-0.124	0.129
15.666	0.542	5.392E-3	0.542	3.900E-2	5.047E-3	3.932E-2	0.550	-0.233	0.598
15.682	0.543	5.393E-3	0.543	5.069E-2	6.539E-4	5.070E-2	7.067E-2	-6.547E-2	9.634E-2
15.699	0.544	5.414E-3	0.544	3.426E-2	3.423E-3	3.443E-2	-0.737	0.280	0.788
15.716	0.544	5.507E-3	0.544	2.776E-2	9.918E-3	2.947E-2	-1.707E-2	0.220	0.221
15.732	0.545	5.745E-3	0.545	3.192E-2	1.200E-2	3.410E-2	0.369	0.117	0.387
15.749	0.545	5.908E-3	0.545	4.245E-2	1.224E-2	4.418E-2	0.489	-0.444	0.661
15.766	0.546	6.153E-3	0.546	4.755E-2	2.708E-4	4.755E-2	9.204E-3	-0.334	0.334
15.782	0.547	5.917E-3	0.547	4.392E-2	-4.712E-3	4.417E-2	-0.258	-0.109	0.281
15.799	0.548	5.996E-3	0.548	3.699E-2	1.800E-3	3.704E-2	2.308E-2	0.126	0.128
15.816	0.548	5.977E-3	0.548	4.414E-2	-2.491E-3	4.422E-2	9.865E-2	-7.007E-2	0.121
15.832	0.549	5.913E-3	0.549	4.390E-2	-9.278E-4	4.391E-2	-0.295	-5.227E-2	0.300
15.849	0.550	5.946E-3	0.550	3.138E-2	-2.553E-3	3.148E-2	-0.271	9.357E-2	0.287
15.866	0.550	5.827E-3	0.550	3.388E-2	-4.726E-4	3.388E-2	-2.483E-2	-8.730E-2	9.076E-2
15.883	0.551	5.930E-3	0.551	3.402E-2	-1.785E-3	3.406E-2	-6.468E-2	5.338E-2	8.386E-2
15.899	0.551	5.768E-3	0.551	2.870E-2	-2.887E-3	2.884E-2	-0.190	-6.007E-2	0.200
15.916	0.552	5.834E-3	0.552	2.910E-2	-1.167E-4	2.910E-2	0.183	-0.224	0.289
15.933	0.552	5.764E-3	0.552	3.359E-2	-1.146E-2	3.549E-2	6.547E-2	-8.493E-2	0.107
15.949	0.553	5.451E-3	0.553	3.369E-2	-6.234E-3	3.426E-2	6.438E-2	0.437	0.442
15.966	0.553	5.556E-3	0.553	3.284E-2	7.553E-3	3.369E-2	0.344	0.283	0.445
15.983	0.554	5.703E-3	0.554	4.593E-2	2.656E-3	4.600E-2	0.245	-0.602	0.649
15.999	0.555	5.645E-3	0.555	4.432E-2	-1.310E-2	4.622E-2	-0.613	-0.520	0.803
16.016	0.556	5.266E-3	0.556	2.290E-2	-1.731E-2	2.870E-2	-0.525	-0.159	0.548
16.033	0.556	5.067E-3	0.556	2.343E-2	-1.507E-2	2.786E-2	0.217	0.554	0.595
16.049	0.556	4.763E-3	0.556	3.507E-2	-2.712E-3	3.517E-2	0.336	0.341	0.479
16.066	0.557	4.977E-3	0.557	3.322E-2	2.640E-3	3.333E-2	0.324	-0.185	0.373
16.083	0.557	4.852E-3	0.557	4.363E-2	-1.320E-2	4.558E-2	0.186	-0.295	0.349
16.099	0.558	4.536E-3	0.558	4.477E-2	-8.826E-3	4.563E-2	-0.128	0.374	0.395
16.116	0.559	4.557E-3	0.559	3.437E-2	2.752E-3	3.448E-2	-0.442	0.221	0.494
16.133	0.559	4.628E-3	0.560	3.220E-2	-1.616E-3	3.224E-2	-0.435	-9.887E-2	0.446
16.149	0.560	4.503E-3	0.560	2.025E-2	-3.075E-3	2.048E-2	0.167	-0.313	0.354
16.166	0.560	4.526E-3	0.560	3.252E-2	-8.531E-3	3.362E-2	0.436	-0.429	0.612
16.183	0.561	4.218E-3	0.561	4.368E-2	-2.053E-2	4.826E-2	0.203	-3.832E-2	0.206
16.200	0.562	3.841E-3	0.562	3.333E-2	-1.071E-2	3.501E-2	-0.324	0.440	0.546
16.216	0.562	3.861E-3	0.562	3.415E-2	-1.724E-3	3.419E-2	-0.132	0.330	0.356
16.233	0.563	3.783E-3	0.563	2.994E-2	-2.539E-3	3.005E-2	5.741E-2	-0.292	0.297
16.250	0.563	3.776E-3	0.563	3.325E-2	-9.178E-3	3.450E-2	-0.152	-1.949E-2	0.153
16.266	0.564	3.477E-3	0.564	2.973E-2	-7.495E-3	3.066E-2	-7.359E-3	-4.550E-3	8.652E-3
16.283	0.564	3.526E-3	0.564	2.705E-2	-4.082E-3	2.736E-2	-0.246	0.412	0.480
16.300	0.565	3.341E-3	0.565	2.720E-2	1.026E-3	2.722E-2	0.142	-0.159	0.214
16.316	0.565	3.561E-3	0.565	2.664E-2	-2.659E-3	2.677E-2	4.009E-2	-0.312	0.315
16.333	0.566	3.252E-3	0.566	3.266E-2	-1.600E-2	3.637E-2	0.179	-0.396	0.435
16.350	0.566	3.027E-3	0.566	3.058E-2	-1.299E-2	3.322E-2	-6.020E-2	0.330	0.335
16.366	0.567	2.819E-3	0.567	3.113E-2	-6.119E-3	3.173E-2	2.609E-2	0.235	0.236
16.383	0.567	2.822E-3	0.567	3.139E-2	-2.955E-3	3.153E-2	0.133	3.121E-2	0.137
16.400	0.568	2.720E-3	0.568	3.511E-2	-6.797E-3	3.576E-2	-0.194	-6.944E-2	0.206
16.416	0.568	2.596E-3	0.568	2.749E-2	-5.315E-3	2.800E-2	-0.386	-0.268	0.470
16.433	0.569	2.543E-3	0.569	1.824E-2	-1.355E-2	2.272E-2	-0.274	-0.215	0.348
16.450	0.569	2.144E-3	0.569	2.046E-2	-1.677E-2	2.646E-2	-5.965E-2	0.326	0.331
16.466	0.569	1.983E-3	0.569	1.664E-2	-4.556E-4	1.665E-2	-0.168	1.190	1.202
16.483	0.570	2.128E-3	0.570	1.352E-2	2.257E-2	2.631E-2	-0.105	1.133	1.138
16.500	0.570	2.736E-3	0.570	1.405E-2	3.956E-2	4.198E-2	-0.245	1.526	1.546
16.516	0.570	3.448E-3	0.570	6.154E-3	6.870E-2	6.898E-2	8.532E-2	1.284	1.287
16.533	0.570	5.028E-3	0.570	1.281E-2	9.006E-2	9.096E-2	-0.153	0.207	0.258
16.550	0.570	6.453E-3	0.570	8.750E-3	7.243E-2	7.296E-2	-7.433E-2	-0.750	0.754
16.567	0.570	7.445E-3	0.570	1.553E-3	6.168E-2	6.170E-2	0.199	0.235	0.308
16.583	0.570	8.511E-3	0.571	2.006E-2	8.040E-2	8.287E-2	0.926	0.983	1.351
16.600	0.571	1.013E-2	0.571	3.235E-2	9.863E-2	0.104	-0.111	-3.508E-2	0.116
16.617	0.572	1.180E-2	0.572	1.922E-2	8.024E-2	8.251E-2	-0.824	-0.717	1.092
16.633	0.572	1.281E-2	0.572	-6.649E-4	6.765E-2	6.766E-2	-0.595	-0.557	0.815
16.650	0.572	1.406E-2	0.572	8.636E-4	6.775E-2	6.775E-2	1.826	0.269	1.846
16.667	0.572	1.507E-2	0.572	5.441E-2	7.178E-2	9.007E-2	0.919	-0.609	1.103
16.683	0.573	1.645E-2	0.574	5.271E-2	5.570E-2	7.669E-2	-0.924	-0.659	1.135
16.700	0.573	1.692E-2	0.574	1.565E-3	3.877E-2	3.880E-2	-1.739	-0.785	1.908
16.717	0.573	1.775E-2	0.574	2.235E-3	3.809E-2	3.815E-2	-8.747E-2	-9.409E-2	0.128
16.733	0.573	1.820E-2	0.574	-9.410E-4	3.037E-2	3.039E-2	0.259	-0.225	0.343
16.750	0.573	1.876E-2	0.574	8.174E-3	3.333E-2	3.431E-2	-1.607E-2	1.034E-3	1.610E-2
16.767	0.574	1.931E-2	0.574	4.783E-3	3.009E-2	3.046E-2	0.494	-0.344	0.602
16.783	0.574	1.977E-2	0.574	1.471E-2	2.199E-2	2.645E-2	0.318	-0.813	0.873
16.800	0.574	2.004E-2	0.575	2.693E-2	3.609E-3	2.717E-2	1.736E-2	-0.632	0.632
16.817	0.574	1.989E-2	0.575	8.474E-3	-2.906E-3	8.958E-3	-0.669	-0.323	0.743
16.833	0.574	1.994E-2	0.575	4.906E-3	-2.630E-3	5.567E-3	0.643	6.196E-2	0.646
16.850	0.575	1.980E-2	0.575	2.796E-2	-4.140E-3	2.827E-2	0.308	8.720E-2	0.320
16.867	0.575	1.981E-2	0.576	2.472E-2	2.204E-3	2.482E-2	-0.287	-9.003E-2	0.301
16.884	0.575	1.987E-2	0.576	7.133E-3	-5.885E-3	9.247E-3	-0.535	-0.497	0.730
16.900	0.576	1.961E-2	0.576	1.276E-2	-1.723E-2	2.144E-2	2.251E-2	-0.310	0.311
16.917	0.576	1.930E-2	0.576	6.953E-3	-1.568E-2	1.715E-2	1.153E-2	0.252	0.253
16.934	0.576	1.909E-2	0.576	1.103E-2	-8.341E-3	1.383E-2	0.869	-0.298	0.919
16.950	0.576	1.902E-2	0.577	3.643E-2	-2.224E-2	4.268E-2	0.508	-0.469	0.692
16.967	0.577	1.834E-2	0.577	3.445E-2	-3.114E-2	4.644E-2	-0.533	-0.446	0.695
16.984	0.577	1.798E-2	0.578	1.130E-2	-3.061E-2	3.263E-2	-0.932	-0.129	0.941
17.000	0.577	1.732E-2	0.578	5.241E-3	-3.930E-2	3.965E-2	0.477	-0.134	0.495
17.017	0.578	1.667E-2	0.578	2.419E-2	-3.448E-2	4.212E-2	0.172	-4.197E-2	0.177
17.034	0.578	1.617E-2	0.579	2.077E-2	-3.815E-2	4.344E-2	-0.617	-2.059E-2	0.617
17.050	0.578	1.540E-2	0.578	-6.025E-3	-3.929E-2	3.975E-2	-0.340	0.257	0.426
17.067	0.578	1.486E-2	0.578	9.660E-3	-2.701E-2	2.868E-2	0.859	0.670	1.090
17.084	0.579	1.449E-2	0.579	2.808E-2	-1.721E-2	3.294E-2	0.774	0.495	0.919
17.100	0.579	1.429E-2	0.579	3.245E-2	-1.015E-2	3.400E-2	-0.202	0.183	0.273
17.117	0.580	1.416E-2	0.580	2.418E-2	-1.073E-2	2.646E-2	-0.437	-3.265E-2	0.438
17.134	0.580	1.393E-2	0.580	1.357E-2	-1.253E-2	1.847E-2	-0.606	-0.315	0.683
17.150	0.580	1.374E-2	0.580	7.309E-3	-1.939E-2	2.072E-2	0.342	-0.384	0.515
17.167	0.580	1.328E-2	0.580	1.960E-2	-2.771E-2	3.394E-2	0.142	0.110	0.180
17.184	0.581	1.281E-2	0.581	2.157E-2	-1.638E-2	2.708E-2	0.122	-3.102E-2	0.126
17.201	0.581	1.274E-2	0.581	1.404E-2	-2.275E-2	2.673E-2	5.682E-2	-0.102	0.117
17.217	0.581	1.205E-2	0.581	2.858E-2	-2.841E-2	4.030E-2	0.740	-0.431	0.856
17.234	0.582	1.179E-2	0.582	3.755E-2	-2.911E-2	4.752E-2	-0.170	-0.223	0.280
17.251	0.582	1.108E-2	0.583	2.620E-2	-4.150E-2	4.908E-2	-0.489	-0.396	0.630
17.267	0.583	1.040E-2	0.583	1.503E-2	-4.031E-2	4.302E-2	5.227E-2	5.274E-2	7.425E-2
17.284	0.583	9.737E-3	0.583	3.039E-2	-3.974E-2	5.003E-2	0.384	0.119	0.402
17.301	0.584	9.076E-3	0.584	3.125E-2	-3.676E-2	4.825E-2	-0.204	-5.257E-2	0.211
17.317	0.584	8.511E-3	0.584	1.983E-2	-3.985E-2	4.451E-2	-0.639	0.756	0.991
17.334	0.584	7.747E-3	0.584	1.146E-2	-1.764E-2	2.104E-2	-8.520E-2	1.069	1.072
17.351	0.584	7.922E-3	0.584	1.428E-2	5.424E-3	1.527E-2	0.489	0.603	0.777
17.367	0.585	7.928E-3	0.585	3.021E-2	-2.564E-3	3.032E-2	0.586	-0.196	0.618
17.384	0.585	7.836E-3	0.585	3.489E-2	-1.749E-3	3.493E-2	0.284	0.218	0.358
17.401	0.586	7.869E-3	0.586	3.735E-2	5.664E-3	3.778E-2	8.932E-2	0.289	0.302
17.417	0.587	8.025E-3	0.587	3.988E-2	8.532E-3	4.078E-2	0.157	-2.465E-2	0.159
17.434	0.587	8.154E-3	0.587	4.083E-2	4.534E-3	4.108E-2	0.348	-2.598E-2	0.349
17.451	0.588	8.177E-3	0.588	5.165E-2	6.185E-3	5.202E-2	-0.164	-4.851E-2	0.171
17.467	0.589	8.360E-3	0.589	3.985E-2	5.532E-3	4.023E-2	-0.205	-0.159	0.259
17.484	0.589	8.361E-3	0.589	3.596E-2	-1.184E-3	3.598E-2	0.368	0.147	0.397
17.501	0.590	8.321E-3	0.590	5.836E-2	9.221E-3	5.909E-2	0.838	0.540	0.997
17.517	0.591	8.669E-3	0.591	6.385E-2	2.041E-2	6.704E-2	-0.599	0.122	0.611
17.534	0.592	9.002E-3	0.592	4.020E-2	1.255E-2	4.212E-2	-0.852	-0.581	1.031
17.551	0.593	9.088E-3	0.593	2.784E-2	-2.659E-4	2.784E-2	0.242	-0.465	0.524
17.568	0.593	8.993E-3	0.593	5.222E-2	-3.712E-3	5.235E-2	0.274	-0.185	0.330
17.584	0.594	8.964E-3	0.594	4.306E-2	-4.704E-3	4.331E-2	-0.318	-8.881E-2	0.330
17.601	0.595	8.836E-3	0.595	3.114E-2	-7.778E-3	3.209E-2	-0.146	0.160	0.216
17.618	0.595	8.704E-3	0.595	4.466E-2	-9.704E-5	4.466E-2	1.204	9.641E-2	1.208
17.634	0.596	8.833E-3	0.596	6.721E-2	-1.059E-3	6.722E-2	-3.477E-2	0.175	0.178
17.651	0.598	8.669E-3	0.598	5.401E-2	6.230E-4	5.401E-2	-0.270	-6.299E-2	0.278
17.668	0.598	8.854E-3	0.598	4.235E-2	2.328E-3	4.241E-2	-0.951	-0.153	0.963
17.684	0.599	8.747E-3	0.599	3.738E-2	-8.227E-3	3.828E-2	9.681E-2	-0.560	0.568
17.701	0.599	8.579E-3	0.599	3.156E-2	-1.493E-2	3.492E-2	-0.237	-0.153	0.282
17.718	0.600	8.248E-3	0.600	4.116E-2	-1.514E-2	4.386E-2	1.124	0.199	1.141
17.734	0.601	8.074E-3	0.601	5.846E-2	-6.774E-3	5.885E-2	0.365	0.283	0.462
17.751	0.602	8.022E-3	0.602	6.639E-2	-5.040E-3	6.658E-2	-0.600	0.250	0.650
17.768	0.603	7.906E-3	0.603	3.035E-2	-4.506E-4	3.035E-2	-0.353	-0.240	0.427
17.784	0.603	8.007E-3	0.603	4.865E-2	-8.772E-3	4.943E-2	0.439	-0.300	0.532
17.801	0.604	7.613E-3	0.605	5.974E-2	-1.664E-2	6.202E-2	0.261	-0.306	0.402
17.818	0.605	7.452E-3	0.605	4.522E-2	-1.421E-2	4.740E-2	-0.763	0.106	0.770
17.834	0.606	7.139E-3	0.606	4.125E-2	-1.582E-2	4.418E-2	0.411	-0.308	0.514
17.851	0.606	6.924E-3	0.606	5.148E-2	-2.174E-2	5.588E-2	0.211	-0.305	0.371
17.868	0.608	6.414E-3	0.608	5.829E-2	-2.916E-2	6.518E-2	-5.483E-2	-6.846E-2	8.771E-2
17.885	0.608	5.951E-3	0.608	4.241E-2	-2.302E-2	4.825E-2	-0.236	-0.224	0.326
17.901	0.609	5.645E-3	0.609	5.093E-2	-3.336E-2	6.088E-2	0.269	-0.265	0.378
17.918	0.610	4.838E-3	0.610	5.500E-2	-3.829E-2	6.702E-2	-0.209	0.176	0.273
17.935	0.611	4.368E-3	0.611	4.213E-2	-2.317E-2	4.808E-2	1.183E-2	0.741	0.741
17.951	0.612	4.065E-3	0.612	5.161E-2	-1.415E-2	5.351E-2	0.290	0.209	0.357
17.968	0.613	3.896E-3	0.613	5.907E-2	-1.507E-2	6.096E-2	-0.258	-1.072E-3	0.258
17.985	0.613	3.562E-3	0.613	3.932E-2	-1.665E-2	4.270E-2	-0.285	-0.640	0.701
18.001	0.614	3.340E-3	0.614	4.563E-2	-3.208E-2	5.578E-2	-0.190	-0.219	0.289
18.018	0.615	2.491E-3	0.615	4.206E-2	-3.242E-2	5.311E-2	0.212	-0.221	0.306
18.035	0.615	2.258E-3	0.615	4.176E-2	-2.931E-2	5.102E-2	0.164	0.137	0.214
18.051	0.616	1.513E-3	0.616	5.677E-2	-3.609E-2	6.727E-2	-0.251	-0.348	0.429
18.068	0.617	1.054E-3	0.617	3.202E-2	-3.518E-2	4.757E-2	-5.675E-2	0.480	0.484
18.085	0.617	3.394E-4	0.617	4.514E-2	-2.590E-2	5.204E-2	0.688	-6.917E-2	0.692
18.101	0.619	1.900E-4	0.619	6.864E-2	-2.873E-2	7.441E-2	-0.140	-0.488	0.508
18.118	0.620	-6.193E-4	0.620	3.627E-2	-5.004E-2	6.180E-2	-0.560	-0.719	0.911
18.135	0.620	-1.480E-3	0.620	4.090E-2	-5.050E-2	6.498E-2	0.415	-1.405E-2	0.416
18.151	0.621	-2.304E-3	0.621	6.211E-2	-4.992E-2	7.969E-2	0.455	-0.156	0.481
18.168	0.622	-3.145E-3	0.622	5.107E-2	-5.530E-2	7.528E-2	-0.218	-1.371	1.388
18.185	0.623	-4.149E-3	0.623	5.334E-2	-9.240E-2	0.107	-0.530	-3.164E-2	0.531
18.202	0.624	-6.228E-3	0.624	3.913E-2	-7.232E-2	8.223E-2	-0.593	1.745	1.843
18.218	0.624	-6.563E-3	0.624	2.539E-2	-1.532E-2	2.965E-2	-2.868E-2	2.361	2.361
18.235	0.625	-6.739E-3	0.625	4.207E-2	-1.029E-3	4.208E-2	0.411	0.844	0.939
18.252	0.626	-6.597E-3	0.626	4.196E-2	1.412E-2	4.427E-2	9.330E-2	0.447	0.456
18.268	0.626	-6.268E-3	0.626	4.017E-2	1.480E-2	4.281E-2			
18.285	0.627	-6.103E-3	0.627						
