	mass A									
t	x	y	r	vx	vy	v	ax	ay	a	
0.000	-2.717E-3	1.216E-3	2.977E-3						
0.017	-1.498E-3	1.589E-3	2.184E-3	1.952E-2	5.484E-2	5.821E-2			
0.033	-2.066E-3	3.046E-3	3.681E-3	-2.497E-2	8.708E-2	9.058E-2	-1.616	0.295	1.643
0.050	-2.331E-3	4.495E-3	5.063E-3	-2.313E-2	6.333E-2	6.742E-2	0.517	-1.478	1.566
0.067	-2.838E-3	5.159E-3	5.888E-3	-1.349E-2	3.216E-2	3.488E-2	-2.574	5.993E-2	2.575
0.083	-2.781E-3	5.568E-3	6.224E-3	-8.983E-2	6.125E-2	0.109	-1.159	0.256	1.187
0.100	-5.835E-3	7.203E-3	9.270E-3	-9.395E-2	5.802E-2	0.110	1.912	-0.786	2.067
0.117	-5.916E-3	7.504E-3	9.555E-3	1.054E-2	1.831E-2	2.113E-2	2.758	-1.223	3.017
0.133	-5.483E-3	7.814E-3	9.546E-3	-5.740E-3	2.245E-2	2.317E-2	2.159E-2	0.486	0.486
0.150	-6.107E-3	8.253E-3	1.027E-2	-4.663E-3	3.442E-2	3.474E-2	-0.259	0.247	0.358
0.167	-5.639E-3	8.963E-3	1.059E-2	3.070E-3	3.372E-2	3.386E-2	0.432	-0.208	0.479
0.184	-6.005E-3	9.378E-3	1.114E-2	-4.559E-3	2.395E-2	2.438E-2	-3.325	1.864	3.812
0.200	-5.791E-3	9.762E-3	1.135E-2	-8.531E-2	8.767E-2	0.122	-1.478	1.010	1.790
0.217	-8.852E-3	1.230E-2	1.516E-2	-9.677E-2	8.577E-2	0.129	1.240	-1.362	1.842
0.234	-9.020E-3	1.262E-2	1.551E-2	-5.774E-3	1.462E-2	1.572E-2	2.995	-1.861	3.526
0.250	-9.044E-3	1.279E-2	1.567E-2	-7.164E-3	2.914E-2	3.000E-2	0.198	0.121	0.232
0.267	-9.259E-3	1.360E-2	1.645E-2	-2.855E-3	2.770E-2	2.785E-2	0.111	-0.351	0.368
0.284	-9.140E-3	1.372E-2	1.648E-2	1.075E-3	8.637E-3	8.703E-3	0.367	-0.574	0.681
0.300	-9.223E-3	1.388E-2	1.667E-2	4.804E-3	1.168E-2	1.263E-2	-1.971	1.806	2.673
0.317	-8.979E-3	1.411E-2	1.672E-2	-5.157E-2	6.214E-2	8.075E-2	-3.341	0.415	3.367
0.334	-1.094E-2	1.596E-2	1.935E-2	-0.126	4.824E-2	0.135	-0.406	-1.274	1.337
0.350	-1.318E-2	1.571E-2	2.051E-2	-6.746E-2	-6.441E-3	6.776E-2	3.044	-1.649	3.462
0.367	-1.319E-2	1.574E-2	2.054E-2	-3.725E-3	4.149E-3	5.576E-3	2.257	0.304	2.277
0.384	-1.330E-2	1.585E-2	2.069E-2	-2.925E-3	3.665E-3	4.689E-3	8.021E-2	-1.145E-2	8.103E-2
0.400	-1.329E-2	1.586E-2	2.070E-2	3.811E-4	2.336E-3	2.367E-3	0.153	3.038E-2	0.156
0.417	-1.329E-2	1.593E-2	2.075E-2	1.428E-3	5.366E-3	5.552E-3	3.525E-2	-2.672E-3	3.535E-2
0.434	-1.324E-2	1.604E-2	2.080E-2	2.045E-3	2.959E-3	3.597E-3	-7.752E-2	-0.192	0.207
0.450	-1.322E-2	1.603E-2	2.078E-2	-1.162E-3	-2.144E-3	2.438E-3	-0.150	-0.137	0.203
0.467	-1.328E-2	1.597E-2	2.077E-2	-3.603E-3	-1.677E-3	3.974E-3	-0.286	0.502	0.577
0.484	-1.334E-2	1.597E-2	2.081E-2	-9.453E-3	1.338E-2	1.639E-2	6.044E-2	0.518	0.521
0.501	-1.360E-2	1.642E-2	2.132E-2	-4.820E-3	2.008E-2	2.065E-2	4.548E-2	-0.216	0.221
0.517	-1.350E-2	1.664E-2	2.143E-2	-2.827E-3	3.772E-3	4.714E-3	-7.391	4.653	8.733
0.534	-1.369E-2	1.654E-2	2.148E-2	-0.225	0.151	0.271	-3.855	2.304	4.491
0.551	-2.101E-2	2.168E-2	3.019E-2	-0.222	0.150	0.268	2.893	-2.593	3.885
0.567	-2.110E-2	2.153E-2	3.015E-2	-3.230E-2	-3.894E-3	3.253E-2	6.371	-5.227	8.241
0.584	-2.208E-2	2.155E-2	3.086E-2	-4.931E-2	-5.166E-4	4.932E-2	0.262	-0.632	0.684
0.601	-2.275E-2	2.152E-2	3.131E-2	-1.992E-2	-2.321E-2	3.059E-2	0.290	-1.331	1.362
0.617	-2.275E-2	2.078E-2	3.081E-2	-3.087E-2	-4.986E-2	5.864E-2	0.887	-1.596	1.826
0.634	-2.378E-2	1.985E-2	3.098E-2	-9.473E-3	-7.265E-2	7.326E-2	-0.208	-0.321	0.383
0.651	-2.307E-2	1.836E-2	2.948E-2	-1.081E-2	-6.778E-2	6.864E-2	0.310	0.497	0.586
0.667	-2.414E-2	1.759E-2	2.987E-2	-2.721E-2	-4.716E-2	5.445E-2	-0.603	0.250	0.653
0.684	-2.397E-2	1.678E-2	2.926E-2	-9.824E-3	-6.115E-2	6.193E-2	1.040	-0.405	1.116
0.701	-2.447E-2	1.555E-2	2.899E-2	-6.764E-3	-6.529E-2	6.564E-2	0.410	0.146	0.435
0.717	-2.420E-2	1.460E-2	2.826E-2	1.358E-2	-5.265E-2	5.437E-2	-0.653	-0.297	0.718
0.734	-2.401E-2	1.380E-2	2.769E-2	-2.709E-2	-7.190E-2	7.683E-2	-2.207	-0.185	2.214
0.751	-2.510E-2	1.220E-2	2.791E-2	-6.992E-2	-6.974E-2	9.876E-2	-9.960E-2	0.483	0.493
0.767	-2.635E-2	1.147E-2	2.874E-2	-3.234E-2	-4.503E-2	5.544E-2	-0.299	0.759	0.816
0.784	-2.618E-2	1.070E-2	2.829E-2	-5.753E-2	-4.800E-2	7.493E-2	-0.124	-1.171E-2	0.125
0.801	-2.827E-2	9.866E-3	2.994E-2	-6.969E-2	-4.643E-2	8.374E-2	0.832	9.037E-2	0.837
0.817	-2.851E-2	9.153E-3	2.994E-2	-5.585E-3	-4.352E-2	4.387E-2	2.629	-0.150	2.634
0.834	-2.845E-2	8.414E-3	2.967E-2	1.148E-2	-5.119E-2	5.246E-2	4.474E-2	-0.488	0.490
0.851	-2.812E-2	7.445E-3	2.909E-2	-1.546E-4	-6.122E-2	6.122E-2	-0.843	9.670E-2	0.848
0.868	-2.846E-2	6.371E-3	2.916E-2	-2.307E-2	-4.994E-2	5.501E-2	-0.707	0.741	1.024
0.884	-2.889E-2	5.779E-3	2.947E-2	-2.231E-2	-3.237E-2	3.932E-2	0.376	0.894	0.970
0.901	-2.920E-2	5.291E-3	2.968E-2	-1.021E-2	-2.225E-2	2.448E-2	0.375	0.421	0.564
0.918	-2.923E-2	5.037E-3	2.967E-2	-7.202E-3	-1.658E-2	1.807E-2	-0.297	0.421	0.515
0.934	-2.944E-2	4.738E-3	2.982E-2	-2.153E-2	-1.062E-2	2.401E-2	-1.256	-0.200	1.272
0.951	-2.995E-2	4.682E-3	3.032E-2	-4.839E-2	-1.877E-2	5.191E-2	-0.495	-0.311	0.585
0.968	-3.106E-2	4.112E-3	3.133E-2	-4.490E-2	-2.742E-2	5.261E-2	1.014	-0.170	1.028
0.984	-3.145E-2	3.767E-3	3.168E-2	-8.122E-3	-2.035E-2	2.191E-2	1.243	0.116	1.249
1.001	-3.133E-2	3.433E-3	3.152E-2	-8.863E-4	-2.389E-2	2.390E-2	0.112	0.308	0.328
1.018	-3.148E-2	2.970E-3	3.162E-2	-8.959E-3	-1.328E-2	1.602E-2	-0.289	0.477	0.558
1.034	-3.163E-2	2.990E-3	3.177E-2	-9.262E-3	-2.733E-3	9.657E-3	-7.012E-2	0.387	0.393
1.051	-3.179E-2	2.879E-3	3.192E-2	-1.122E-2	-3.927E-3	1.189E-2	-0.662	-6.622E-2	0.666
1.068	-3.200E-2	2.859E-3	3.213E-2	-2.936E-2	-3.316E-3	2.955E-2	0.273	0.286	0.395
1.084	-3.277E-2	2.768E-3	3.289E-2	-1.157E-2	3.372E-3	1.205E-2	0.988	0.259	1.021
1.101	-3.239E-2	2.971E-3	3.252E-2	1.669E-2	8.621E-3	1.878E-2	0.774	0.377	0.861
1.118	-3.221E-2	3.056E-3	3.236E-2	7.948E-3	1.263E-2	1.492E-2	-2.770	-0.969	2.934
1.134	-3.212E-2	3.392E-3	3.230E-2	-6.548E-2	-1.590E-2	6.738E-2	-1.368	-0.110	1.373
1.151	-3.440E-2	2.525E-3	3.449E-2	-6.742E-2	-8.625E-3	6.797E-2	0.958	1.390	1.689
1.168	-3.437E-2	3.105E-3	3.451E-2	-3.050E-3	4.636E-2	4.646E-2	1.943	1.659	2.555
1.185	-3.450E-2	4.072E-3	3.474E-2	-1.295E-2	4.562E-2	4.743E-2	-0.871	1.138	1.433
1.201	-3.481E-2	4.627E-3	3.511E-2	-3.117E-2	7.339E-2	7.974E-2	-0.152	0.526	0.548
1.218	-3.554E-2	6.521E-3	3.613E-2	-2.380E-2	8.107E-2	8.449E-2	-0.301	5.805E-2	0.307
1.235	-3.560E-2	7.332E-3	3.635E-2	-2.987E-2	5.885E-2	6.600E-2	0.748	-1.138	1.362
1.251	-3.654E-2	8.485E-3	3.751E-2	-1.510E-2	5.297E-2	5.508E-2	0.305	-0.277	0.412
1.268	-3.610E-2	9.100E-3	3.723E-2	-4.539E-4	4.271E-2	4.271E-2	0.403	-0.392	0.562
1.285	-3.655E-2	9.910E-3	3.787E-2	-1.654E-2	4.445E-2	4.743E-2	-0.601	8.707E-2	0.607
1.301	-3.665E-2	1.058E-2	3.815E-2	-1.284E-2	4.319E-2	4.506E-2	-0.106	0.805	0.812
1.318	-3.698E-2	1.135E-2	3.868E-2	-2.294E-2	6.938E-2	7.308E-2	-4.609E-2	0.251	0.256
1.335	-3.742E-2	1.290E-2	3.958E-2	-1.593E-2	6.220E-2	6.420E-2	0.604	-0.704	0.928
1.351	-3.751E-2	1.343E-2	3.984E-2	-6.179E-5	3.357E-2	3.357E-2	-0.157	-1.298	1.308
1.368	-3.742E-2	1.402E-2	3.996E-2	-1.783E-2	2.523E-2	3.089E-2	-0.301	-0.365	0.473
1.385	-3.811E-2	1.427E-2	4.069E-2	-2.041E-2	1.779E-2	2.707E-2	0.329	-0.150	0.362
1.401	-3.810E-2	1.461E-2	4.081E-2	2.057E-3	2.225E-2	2.235E-2	0.876	-0.172	0.893
1.418	-3.804E-2	1.501E-2	4.089E-2	6.123E-3	1.360E-2	1.492E-2	-0.210	-6.547E-2	0.220
1.435	-3.790E-2	1.507E-2	4.078E-2	-3.007E-3	1.518E-2	1.547E-2	-3.434	2.958	4.532
1.451	-3.814E-2	1.552E-2	4.117E-2	-9.977E-2	0.106	0.145	-1.544	1.666	2.272
1.468	-4.123E-2	1.860E-2	4.523E-2	-9.084E-2	0.103	0.138	1.891	-1.230	2.256
1.485	-4.117E-2	1.896E-2	4.533E-2	2.648E-3	2.926E-2	2.938E-2	3.373	-2.706	4.324
1.502	-4.114E-2	1.958E-2	4.556E-2	7.172E-3	2.798E-2	2.889E-2	-0.170	-0.734	0.753
1.518	-4.093E-2	1.990E-2	4.551E-2	4.058E-4	3.437E-3	3.461E-3	-0.201	-1.101	1.120
1.535	-4.113E-2	1.969E-2	4.560E-2	-4.818E-3	-1.204E-2	1.297E-2	-0.474	-0.392	0.615
1.552	-4.109E-2	1.949E-2	4.548E-2	-9.935E-3	-7.872E-3	1.268E-2	-0.174	3.483E-2	0.177
1.568	-4.146E-2	1.943E-2	4.578E-2	-1.595E-2	-9.074E-3	1.835E-2	-0.131	0.133	0.187
1.585	-4.162E-2	1.919E-2	4.583E-2	-1.072E-2	-6.531E-3	1.255E-2	-1.771	0.312	1.798
1.602	-4.182E-2	1.921E-2	4.602E-2	-6.809E-2	3.871E-3	6.820E-2	-1.645	0.205	1.658
1.618	-4.389E-2	1.932E-2	4.796E-2	-8.700E-2	8.251E-4	8.700E-2	0.750	-0.298	0.807
1.635	-4.472E-2	1.924E-2	4.868E-2	-2.740E-2	-7.735E-3	2.848E-2	2.482	-0.571	2.547
1.652	-4.481E-2	1.906E-2	4.869E-2	-3.531E-3	-1.723E-2	1.759E-2	0.121	-0.371	0.390
1.668	-4.484E-2	1.866E-2	4.856E-2	-2.293E-2	-2.193E-2	3.173E-2	-0.423	-0.397	0.580
1.685	-4.557E-2	1.833E-2	4.912E-2	-2.652E-2	-2.780E-2	3.842E-2	-0.754	-0.387	0.847
1.702	-4.572E-2	1.773E-2	4.904E-2	-3.608E-2	-3.717E-2	5.180E-2	-0.584	0.181	0.611
1.718	-4.678E-2	1.709E-2	4.980E-2	-5.719E-2	-2.325E-2	6.174E-2	0.135	0.310	0.338
1.735	-4.763E-2	1.696E-2	5.056E-2	-2.907E-2	-2.044E-2	3.553E-2	1.363	-0.610	1.493
1.752	-4.775E-2	1.641E-2	5.049E-2	-6.410E-3	-4.734E-2	4.777E-2	0.704	-0.221	0.738
1.768	-4.784E-2	1.538E-2	5.025E-2	-8.171E-3	-3.405E-2	3.502E-2	-1.162	-0.224	1.183
1.785	-4.802E-2	1.527E-2	5.039E-2	-4.154E-2	-4.007E-2	5.772E-2	-1.010	-1.461	1.776
1.802	-4.923E-2	1.404E-2	5.119E-2	-5.312E-2	-9.354E-2	0.108	0.611	-2.139	2.224
1.818	-4.979E-2	1.215E-2	5.125E-2	-1.402E-2	-0.112	0.113	1.175	0.271	1.206
1.835	-4.970E-2	1.029E-2	5.075E-2	-8.942E-3	-8.515E-2	8.562E-2	-0.132	1.072	1.080
1.852	-5.009E-2	9.310E-3	5.095E-2	-2.521E-2	-6.796E-2	7.248E-2	-0.686	1.607	1.748
1.869	-5.054E-2	8.023E-3	5.117E-2	-2.978E-2	-4.279E-2	5.213E-2	7.167E-2	1.118	1.121
1.885	-5.108E-2	7.882E-3	5.169E-2	-2.460E-2	-1.816E-2	3.058E-2	-0.360	-0.848	0.921
1.902	-5.136E-2	7.418E-3	5.189E-2	-3.621E-2	-7.237E-2	8.092E-2	0.573	-1.353	1.470
1.919	-5.229E-2	5.467E-3	5.258E-2	-1.775E-2	-7.993E-2	8.188E-2	0.351	0.424	0.550
1.935	-5.195E-2	4.750E-3	5.217E-2	-6.868E-3	-4.150E-2	4.206E-2	0.725	1.455	1.625
1.952	-5.252E-2	4.082E-3	5.268E-2	-1.025E-2	-3.673E-2	3.813E-2	5.941E-2	1.157	1.159
1.969	-5.229E-2	3.525E-3	5.241E-2	6.842E-3	-6.061E-3	9.141E-3	1.315	1.908	2.317
1.985	-5.229E-2	3.880E-3	5.244E-2	2.470E-2	3.264E-2	4.093E-2	-3.436	3.147	4.659
2.002	-5.147E-2	4.614E-3	5.168E-2	-8.111E-2	9.149E-2	0.122	-2.757	1.355	3.072
2.019	-5.500E-2	6.933E-3	5.544E-2	-0.121	9.594E-2	0.154	0.835	-0.754	1.125
2.035	-5.551E-2	7.815E-3	5.606E-2	-1.144E-2	4.796E-2	4.931E-2	4.289	-1.816	4.658
2.052	-5.538E-2	8.533E-3	5.604E-2	1.369E-2	4.045E-2	4.270E-2	0.303	-0.260	0.399
2.069	-5.505E-2	9.165E-3	5.581E-2	4.604E-4	3.909E-2	3.909E-2	-0.448	-0.469	0.649
2.085	-5.537E-2	9.837E-3	5.623E-2	-9.061E-3	2.736E-2	2.883E-2	-1.114	-0.175	1.128
2.102	-5.535E-2	1.008E-2	5.626E-2	-2.717E-2	2.751E-2	3.866E-2	-0.608	-0.227	0.649
2.119	-5.627E-2	1.076E-2	5.729E-2	-4.076E-2	2.727E-2	4.904E-2	0.450	-7.465E-2	0.456
2.135	-5.671E-2	1.099E-2	5.777E-2	-6.869E-3	1.867E-2	1.989E-2	0.912	-0.125	0.921
2.152	-5.650E-2	1.138E-2	5.764E-2	-4.337E-3	2.597E-2	2.633E-2	-0.299	0.212	0.366
2.169	-5.686E-2	1.185E-2	5.808E-2	-2.411E-2	2.615E-2	3.557E-2	-1.099	-0.302	1.140
2.186	-5.731E-2	1.225E-2	5.860E-2	-3.780E-2	1.596E-2	4.103E-2	9.194E-4	-0.571	0.571
2.202	-5.812E-2	1.239E-2	5.943E-2	-2.956E-2	5.568E-3	3.008E-2	0.859	-0.474	0.982
2.219	-5.829E-2	1.244E-2	5.961E-2	-3.113E-3	8.079E-4	3.216E-3	0.587	8.211E-2	0.593
2.236	-5.822E-2	1.241E-2	5.953E-2	-8.803E-3	6.883E-3	1.117E-2	-3.577E-2	0.538	0.540
2.252	-5.859E-2	1.267E-2	5.994E-2	-1.063E-2	2.065E-2	2.322E-2	-1.337	1.207	1.801
2.269	-5.858E-2	1.310E-2	6.003E-2	-4.227E-2	4.489E-2	6.166E-2	-0.511	0.378	0.636
2.286	-6.000E-2	1.416E-2	6.165E-2	-4.694E-2	4.103E-2	6.235E-2	8.149E-3	-0.636	0.636
2.302	-6.015E-2	1.447E-2	6.186E-2	-2.299E-2	1.503E-2	2.746E-2	1.346	-0.689	1.512
2.319	-6.076E-2	1.467E-2	6.251E-2	-1.472E-2	1.920E-2	2.419E-2	0.236	-9.307E-2	0.253
2.336	-6.064E-2	1.511E-2	6.249E-2	-4.907E-3	1.612E-2	1.685E-2	0.602	-0.321	0.682
2.352	-6.093E-2	1.520E-2	6.280E-2	-3.448E-3	4.479E-3	5.652E-3	0.232	-0.283	0.365
2.369	-6.075E-2	1.526E-2	6.264E-2	8.880E-3	7.394E-3	1.156E-2	0.405	4.751E-2	0.408
2.386	-6.063E-2	1.545E-2	6.257E-2	7.513E-3	7.793E-3	1.083E-2	-1.929	0.285	1.950
2.402	-6.050E-2	1.552E-2	6.246E-2	-4.727E-2	1.399E-2	4.930E-2	-1.091	9.553E-2	1.095
2.419	-6.221E-2	1.592E-2	6.421E-2	-5.190E-2	1.541E-2	5.414E-2	0.778	-0.168	0.796
2.436	-6.223E-2	1.604E-2	6.427E-2	6.939E-4	4.954E-3	5.003E-3	1.757	-0.421	1.806
2.452	-6.219E-2	1.608E-2	6.423E-2	4.233E-4	1.992E-3	2.037E-3	0.155	-6.835E-3	0.155
2.469	-6.222E-2	1.610E-2	6.427E-2	4.037E-3	4.385E-3	5.961E-3	-1.375	0.459	1.449
2.486	-6.205E-2	1.623E-2	6.414E-2	-3.673E-2	1.695E-2	4.046E-2	-0.889	0.397	0.974
2.503	-6.344E-2	1.667E-2	6.560E-2	-4.530E-2	2.069E-2	4.980E-2	0.381	-0.315	0.494
2.519	-6.356E-2	1.692E-2	6.578E-2	-6.529E-3	4.892E-3	8.159E-3	1.142	-0.325	1.187
2.536	-6.366E-2	1.683E-2	6.585E-2	-1.167E-2	6.144E-3	1.319E-2	-0.277	9.947E-2	0.294
2.553	-6.395E-2	1.712E-2	6.621E-2	-1.749E-2	1.347E-2	2.208E-2	1.274E-2	-0.288	0.289
2.569	-6.425E-2	1.728E-2	6.653E-2	-1.134E-2	-4.289E-3	1.212E-2	0.245	-0.657	0.701
2.586	-6.433E-2	1.698E-2	6.653E-2	-7.228E-3	-1.257E-2	1.450E-2	0.102	-0.110	0.150
2.603	-6.449E-2	1.686E-2	6.665E-2	-9.430E-3	-4.772E-3	1.057E-2	-0.988	0.278	1.026
2.619	-6.465E-2	1.682E-2	6.680E-2	-3.611E-2	-3.271E-3	3.625E-2	-0.962	-1.947E-2	0.962
2.636	-6.569E-2	1.675E-2	6.779E-2	-5.081E-2	-5.765E-3	5.113E-2	0.568	-0.410	0.700
2.653	-6.634E-2	1.663E-2	6.839E-2	-1.358E-2	-1.605E-2	2.102E-2	1.218	-1.326	1.801
2.669	-6.614E-2	1.622E-2	6.810E-2	-2.579E-3	-4.881E-2	4.888E-2	-1.383	-0.191	1.396
2.686	-6.643E-2	1.500E-2	6.810E-2	-6.112E-2	-3.370E-2	6.979E-2	-2.023	0.194	2.033
2.703	-6.818E-2	1.509E-2	6.983E-2	-8.375E-2	-2.353E-2	8.699E-2	0.285	0.206	0.352
2.719	-6.922E-2	1.421E-2	7.067E-2	-4.201E-2	-4.222E-2	5.956E-2	1.344	-0.894	1.614
2.736	-6.959E-2	1.368E-2	7.092E-2	-3.443E-2	-4.444E-2	5.621E-2	1.253	4.485E-2	1.254
2.753	-7.037E-2	1.273E-2	7.151E-2	-1.173E-2	-4.720E-2	4.864E-2	1.336	-1.554	2.049
2.769	-6.998E-2	1.211E-2	7.102E-2	2.223E-2	-8.490E-2	8.776E-2	0.300	-0.969	1.014
2.786	-6.963E-2	9.900E-3	7.033E-2	-3.640E-3	-9.924E-2	9.931E-2	-1.266	0.503	1.362
2.803	-7.010E-2	8.797E-3	7.065E-2	-2.701E-2	-5.363E-2	6.004E-2	-0.433	1.042	1.129
2.819	-7.053E-2	8.110E-3	7.099E-2	-1.569E-2	-6.259E-2	6.452E-2	-0.693	6.066E-2	0.696
2.836	-7.062E-2	6.709E-3	7.094E-2	-4.218E-2	-6.256E-2	7.545E-2	-0.402	-6.910E-2	0.408
2.853	-7.194E-2	6.023E-3	7.219E-2	-4.575E-2	-5.389E-2	7.069E-2	-0.885	0.668	1.109
2.870	-7.215E-2	4.911E-3	7.232E-2	-5.148E-2	-4.943E-2	7.136E-2	1.005	0.643	1.193
2.886	-7.365E-2	4.374E-3	7.378E-2	-3.582E-2	-2.650E-2	4.456E-2	1.200	-0.357	1.252
2.903	-7.334E-2	4.027E-3	7.345E-2	1.079E-2	-5.699E-2	5.800E-2	1.280	-0.632	1.427
2.920	-7.329E-2	2.472E-3	7.334E-2	-2.384E-3	-6.303E-2	6.308E-2	-0.776	0.415	0.880
2.936	-7.342E-2	1.923E-3	7.345E-2	-1.453E-2	-2.981E-2	3.316E-2	-0.822	1.159	1.421
2.953	-7.378E-2	1.478E-3	7.379E-2	-2.981E-2	-2.764E-2	4.065E-2	-1.017	-6.777E-2	1.019
2.970	-7.442E-2	1.001E-3	7.442E-2	-4.845E-2	-3.225E-2	5.820E-2	0.121	-7.950E-2	0.144
2.986	-7.540E-2	4.017E-4	7.540E-2	-3.138E-2	-3.180E-2	4.468E-2	0.431	0.276	0.512
3.003	-7.546E-2	-6.011E-5	7.546E-2	-2.223E-2	-2.214E-2	3.137E-2	0.548	1.033	1.169
3.020	-7.614E-2	-3.371E-4	7.614E-2	-2.444E-2	1.119E-3	2.447E-2	0.324	1.578	1.611
3.036	-7.628E-2	-2.278E-5	7.628E-2	-4.831E-3	3.278E-2	3.314E-2	0.526	1.552	1.639
3.053	-7.630E-2	7.568E-4	7.630E-2	-7.236E-3	5.340E-2	5.389E-2	-0.619	0.961	1.143
3.070	-7.652E-2	1.759E-3	7.654E-2	-2.597E-2	6.419E-2	6.924E-2	-0.278	0.392	0.480
3.086	-7.717E-2	2.899E-3	7.722E-2	-2.165E-2	6.690E-2	7.032E-2	0.297	-0.394	0.494
3.103	-7.724E-2	3.991E-3	7.735E-2	-8.828E-3	5.198E-2	5.272E-2	0.905	0.153	0.918
3.120	-7.746E-2	4.633E-3	7.760E-2	2.719E-3	6.462E-2	6.468E-2	0.283	9.735E-2	0.299
3.136	-7.715E-2	6.148E-3	7.740E-2	7.264E-3	6.791E-2	6.829E-2	-0.343	-7.810E-2	0.351
3.153	-7.722E-2	6.899E-3	7.752E-2	-1.284E-2	5.090E-2	5.249E-2	-1.240	6.585E-2	1.242
3.170	-7.758E-2	7.846E-3	7.798E-2	-3.344E-2	7.277E-2	8.008E-2	0.704	0.478	0.851
3.187	-7.833E-2	9.327E-3	7.889E-2	1.902E-3	7.285E-2	7.287E-2	0.923	-0.586	1.093
3.203	-7.752E-2	1.028E-2	7.820E-2	1.698E-2	4.770E-2	5.063E-2	0.402	-0.461	0.612
3.220	-7.777E-2	1.092E-2	7.853E-2	-2.280E-3	5.479E-2	5.484E-2	-0.762	0.354	0.840
3.237	-7.759E-2	1.210E-2	7.853E-2	1.033E-3	6.618E-2	6.619E-2	0.111	0.302	0.322
3.253	-7.773E-2	1.313E-2	7.883E-2	-3.696E-3	6.115E-2	6.126E-2	-0.919	-0.128	0.928
3.270	-7.772E-2	1.415E-2	7.899E-2	-2.352E-2	6.238E-2	6.666E-2	-0.132	0.171	0.216
3.287	-7.852E-2	1.521E-2	7.998E-2	-1.974E-2	6.683E-2	6.968E-2	-0.806	0.970	1.261
3.303	-7.838E-2	1.637E-2	8.007E-2	-3.296E-2	9.225E-2	9.796E-2	-0.880	0.257	0.916
3.320	-7.962E-2	1.829E-2	8.169E-2	-6.612E-2	8.548E-2	0.108	0.391	-1.324	1.380
3.337	-8.058E-2	1.923E-2	8.284E-2	-1.743E-2	3.906E-2	4.277E-2	1.701	-1.359	2.178
3.353	-8.020E-2	1.959E-2	8.256E-2	3.781E-3	3.712E-2	3.731E-2	0.517	0.181	0.548
3.370	-8.046E-2	2.047E-2	8.302E-2	-1.196E-2	5.204E-2	5.340E-2	-0.694	0.303	0.758
3.387	-8.060E-2	2.133E-2	8.337E-2	-1.474E-2	4.574E-2	4.806E-2	0.169	-0.666	0.687
3.403	-8.095E-2	2.199E-2	8.388E-2	-1.016E-2	2.967E-2	3.137E-2	0.489	-1.020	1.131
3.420	-8.094E-2	2.232E-2	8.396E-2	4.961E-3	1.084E-2	1.192E-2	0.306	-0.744	0.804
3.437	-8.078E-2	2.235E-2	8.382E-2	8.890E-4	3.660E-3	3.766E-3	0.148	-9.309E-2	0.175
3.453	-8.091E-2	2.244E-2	8.396E-2	5.129E-3	8.830E-3	1.021E-2	-0.159	-0.201	0.257
3.470	-8.061E-2	2.265E-2	8.373E-2	2.535E-3	-3.464E-4	2.559E-3	-0.353	-0.288	0.456
3.487	-8.082E-2	2.243E-2	8.388E-2	-1.277E-2	-6.050E-3	1.413E-2	-5.136E-2	-7.884E-2	9.410E-2
3.504	-8.104E-2	2.245E-2	8.409E-2	9.638E-4	9.620E-4	1.362E-3	0.210	-5.727E-3	0.210
3.520	-8.079E-2	2.246E-2	8.385E-2	3.033E-4	-6.321E-3	6.329E-3	-2.085	0.709	2.202
3.537	-8.103E-2	2.224E-2	8.402E-2	-6.717E-2	1.812E-2	6.957E-2	-1.208	0.477	1.299
3.554	-8.303E-2	2.306E-2	8.617E-2	-6.143E-2	2.336E-2	6.572E-2	1.230	-0.199	1.246
3.570	-8.308E-2	2.301E-2	8.621E-2	-1.915E-3	-8.296E-4	2.087E-3	2.165	-0.878	2.336
3.587	-8.310E-2	2.304E-2	8.623E-2	2.192E-3	-1.226E-3	2.512E-3	-0.412	0.179	0.449
3.604	-8.300E-2	2.297E-2	8.612E-2	-1.231E-2	3.140E-3	1.271E-2	-0.417	9.883E-2	0.429
3.620	-8.351E-2	2.314E-2	8.665E-2	-1.888E-2	5.087E-3	1.955E-2	-0.196	-0.258	0.324
3.637	-8.363E-2	2.314E-2	8.678E-2	-1.243E-2	-6.857E-3	1.420E-2	0.492	-0.161	0.518
3.654	-8.392E-2	2.291E-2	8.699E-2	-6.879E-3	-3.140E-3	7.562E-3	2.971E-2	3.428E-2	4.536E-2
3.670	-8.386E-2	2.304E-2	8.697E-2	-6.412E-3	-4.800E-4	6.430E-3	0.317	-0.180	0.365
3.687	-8.413E-2	2.290E-2	8.719E-2	-2.539E-3	-1.245E-2	1.270E-2	-0.331	-0.492	0.593
3.704	-8.395E-2	2.262E-2	8.694E-2	-9.217E-3	-1.678E-2	1.914E-2	-0.581	-0.107	0.591
3.720	-8.444E-2	2.234E-2	8.735E-2	-2.969E-2	-1.581E-2	3.364E-2	-0.401	9.159E-2	0.411
3.737	-8.494E-2	2.210E-2	8.777E-2	-2.096E-2	-1.339E-2	2.487E-2	-0.315	0.397	0.507
3.754	-8.514E-2	2.189E-2	8.791E-2	-3.448E-2	-3.711E-3	3.467E-2	1.911E-2	-0.471	0.471
3.770	-8.609E-2	2.197E-2	8.885E-2	-3.157E-2	-2.280E-2	3.894E-2	0.789	-0.439	0.903
3.787	-8.619E-2	2.113E-2	8.875E-2	1.176E-3	-3.043E-2	3.045E-2	1.304	-0.198	1.319
3.804	-8.605E-2	2.096E-2	8.857E-2	1.026E-2	-1.850E-2	2.116E-2	-0.115	-0.262	0.287
3.820	-8.585E-2	2.051E-2	8.827E-2	-1.387E-3	-4.220E-2	4.222E-2	-1.293	-0.687	1.464
3.837	-8.610E-2	1.955E-2	8.829E-2	-3.411E-2	-4.629E-2	5.751E-2	-0.243	-8.748E-2	0.258
3.854	-8.699E-2	1.897E-2	8.903E-2	-1.823E-2	-3.906E-2	4.310E-2	0.709	-0.423	0.825
3.871	-8.670E-2	1.825E-2	8.860E-2	4.271E-3	-6.071E-2	6.086E-2	0.757	-0.723	1.047
3.887	-8.685E-2	1.694E-2	8.848E-2	-2.576E-3	-6.892E-2	6.897E-2	-0.420	-0.217	0.472
3.904	-8.679E-2	1.595E-2	8.824E-2	-4.967E-3	-6.240E-2	6.260E-2	0.122	0.207	0.240
3.921	-8.701E-2	1.486E-2	8.827E-2	-3.217E-3	-6.426E-2	6.434E-2	-0.671	-0.541	0.862
3.937	-8.690E-2	1.380E-2	8.799E-2	-1.948E-2	-7.774E-2	8.015E-2	-0.260	-0.669	0.717
3.954	-8.766E-2	1.226E-2	8.852E-2	-2.402E-2	-9.097E-2	9.409E-2	1.192	-0.600	1.334
3.971	-8.770E-2	1.077E-2	8.836E-2	2.626E-2	-9.468E-2	9.825E-2	0.129	0.837	0.847
3.987	-8.679E-2	9.105E-3	8.726E-2	-6.049E-3	-6.895E-2	6.922E-2	-1.295	1.961	2.350
4.004	-8.790E-2	8.465E-3	8.831E-2	-4.190E-2	-2.214E-2	4.739E-2	-0.182	2.492	2.498
4.021	-8.819E-2	8.367E-3	8.858E-2	1.050E-3	1.191E-2	1.196E-2	1.439	1.417	2.019
4.037	-8.787E-2	8.863E-3	8.831E-2	9.158E-3	2.814E-2	2.960E-2	-0.945	1.380	1.672
4.054	-8.788E-2	9.306E-3	8.837E-2	-3.154E-2	5.140E-2	6.030E-2	-0.896	0.896	1.267
4.071	-8.892E-2	1.058E-2	8.955E-2	-3.235E-2	6.672E-2	7.415E-2	0.195	0.554	0.588
4.087	-8.896E-2	1.153E-2	8.970E-2	-1.090E-2	6.283E-2	6.376E-2	1.221	-0.637	1.377
4.104	-8.928E-2	1.267E-2	9.018E-2	-9.388E-4	5.093E-2	5.094E-2	-3.604E-2	-0.837	0.838
4.121	-8.899E-2	1.323E-2	8.997E-2	-2.748E-3	2.963E-2	2.975E-2	0.108	-1.003	1.009
4.137	-8.937E-2	1.366E-2	9.041E-2	-7.902E-3	1.976E-2	2.128E-2	-0.186	-0.594	0.623
4.154	-8.925E-2	1.389E-2	9.033E-2	-6.491E-4	9.244E-3	9.267E-3	0.327	-0.288	0.435
4.171	-8.940E-2	1.397E-2	9.048E-2	-2.273E-3	9.141E-3	9.420E-3	-0.683	0.485	0.837
4.188	-8.933E-2	1.420E-2	9.045E-2	-1.749E-2	2.556E-2	3.097E-2	-0.683	0.537	0.869
4.204	-8.998E-2	1.482E-2	9.119E-2	-3.293E-2	3.087E-2	4.514E-2	0.407	-0.158	0.437
4.221	-9.043E-2	1.523E-2	9.170E-2	-2.614E-3	1.757E-2	1.776E-2	0.840	-0.367	0.916
4.238	-9.007E-2	1.541E-2	9.138E-2	3.762E-3	1.690E-2	1.732E-2	-0.440	0.856	0.963
4.254	-9.030E-2	1.579E-2	9.167E-2	-2.446E-2	4.550E-2	5.166E-2	-0.438	0.635	0.771
4.271	-9.088E-2	1.693E-2	9.245E-2	-1.415E-2	4.681E-2	4.890E-2	0.615	-0.581	0.846
4.288	-9.078E-2	1.735E-2	9.242E-2	3.774E-3	1.784E-2	1.823E-2	0.462	-1.289	1.369
4.304	-9.076E-2	1.752E-2	9.243E-2	-1.971E-3	5.410E-3	5.758E-3	-0.860	-7.130E-2	0.863
4.321	-9.084E-2	1.753E-2	9.252E-2	-2.288E-2	1.331E-2	2.648E-2	-0.403	0.690	0.799
4.338	-9.152E-2	1.797E-2	9.327E-2	-2.264E-2	3.193E-2	3.915E-2	-0.106	-0.192	0.219
4.354	-9.160E-2	1.860E-2	9.347E-2	-1.697E-2	1.064E-2	2.003E-2	0.841	-0.846	1.193
4.371	-9.209E-2	1.832E-2	9.389E-2	-4.283E-3	-6.345E-3	7.655E-3	0.180	-0.578	0.605
4.388	-9.174E-2	1.839E-2	9.356E-2	8.066E-4	-1.165E-3	1.417E-3	0.169	0.360	0.397
4.404	-9.206E-2	1.828E-2	9.386E-2	-9.333E-3	1.677E-3	9.483E-3	1.703E-3	0.120	0.120
4.421	-9.205E-2	1.844E-2	9.388E-2	5.763E-3	6.231E-3	8.488E-3	0.319	9.835E-2	0.334
4.438	-9.187E-2	1.849E-2	9.371E-2	2.634E-3	2.921E-3	3.933E-3	-0.202	-0.309	0.370
4.454	-9.196E-2	1.854E-2	9.381E-2	-4.355E-3	-2.827E-3	5.192E-3	-0.196	-0.125	0.232
4.471	-9.201E-2	1.840E-2	9.383E-2	-2.367E-3	-3.565E-3	4.279E-3	-0.868	1.158	1.448
4.488	-9.204E-2	1.842E-2	9.387E-2	-2.942E-2	3.347E-2	4.456E-2	-0.838	0.429	0.941
4.505	-9.299E-2	1.951E-2	9.502E-2	-4.064E-2	2.499E-2	4.771E-2	0.582	-0.639	0.864
4.521	-9.340E-2	1.925E-2	9.536E-2	-4.232E-3	-5.469E-3	6.915E-3	1.400	-1.013	1.728
4.538	-9.314E-2	1.933E-2	9.512E-2	1.023E-2	4.630E-4	1.024E-2	0.141	0.281	0.315
4.555	-9.306E-2	1.927E-2	9.503E-2	-2.905E-3	6.648E-4	2.980E-3	-0.576	-0.150	0.595
4.571	-9.323E-2	1.935E-2	9.522E-2	-1.036E-2	-1.719E-3	1.050E-2	-0.327	0.170	0.369
4.588	-9.340E-2	1.921E-2	9.536E-2	-1.240E-2	2.244E-3	1.260E-2	-0.601	-0.232	0.644
4.605	-9.365E-2	1.943E-2	9.564E-2	-2.898E-2	-3.135E-3	2.915E-2	0.177	-1.008	1.023
4.621	-9.437E-2	1.911E-2	9.628E-2	-1.444E-2	-3.523E-2	3.808E-2	0.367	-1.011	1.075
4.638	-9.413E-2	1.825E-2	9.588E-2	-3.802E-3	-4.065E-2	4.082E-2	0.275	-0.108	0.295
4.655	-9.450E-2	1.775E-2	9.615E-2	-1.557E-2	-3.309E-2	3.657E-2	-1.763	0.511	1.835
4.671	-9.465E-2	1.715E-2	9.619E-2	-5.199E-2	-2.724E-2	5.869E-2	-0.145	0.429	0.453
4.688	-9.623E-2	1.684E-2	9.769E-2	-4.129E-2	-1.612E-2	4.433E-2	0.752	-0.594	0.958
4.705	-9.602E-2	1.661E-2	9.745E-2	-3.188E-3	-4.346E-2	4.357E-2	1.388	-1.046	1.738
4.721	-9.634E-2	1.539E-2	9.756E-2	-8.537E-3	-6.144E-2	6.203E-2	-0.777	-0.287	0.828
4.738	-9.631E-2	1.456E-2	9.740E-2	-2.077E-2	-4.604E-2	5.051E-2	-0.327	0.858	0.918
4.755	-9.703E-2	1.386E-2	9.802E-2	-2.930E-2	-3.448E-2	4.525E-2	-2.059	1.232	2.400
4.771	-9.729E-2	1.341E-2	9.821E-2	-7.393E-2	-6.188E-3	7.419E-2	-0.602	0.629	0.871
4.788	-9.950E-2	1.365E-2	0.100	-7.615E-2	-5.828E-3	7.637E-2	0.798	-0.632	1.018
4.805	-9.983E-2	1.322E-2	0.101	-2.247E-2	-3.475E-2	4.138E-2	1.317	-1.216	1.792
4.821	-0.100	1.249E-2	0.101	-3.903E-2	-4.568E-2	6.008E-2	-0.117	-2.056E-2	0.119
4.838	-0.101	1.169E-2	0.102	-3.285E-2	-3.645E-2	4.907E-2	0.194	0.263	0.327
4.855	-0.101	1.127E-2	0.102	-2.332E-2	-3.227E-2	3.981E-2	0.837	-1.269E-2	0.837
4.872	-0.102	1.062E-2	0.102	-1.368E-2	-4.045E-2	4.270E-2	0.455	-0.759	0.885
4.888	-0.102	9.925E-3	0.102	5.667E-5	-5.489E-2	5.489E-2	0.378	-2.489E-2	0.379
4.905	-0.102	8.784E-3	0.102	-5.877E-3	-4.794E-2	4.830E-2	-0.902	0.594	1.080
4.922	-0.102	8.325E-3	0.102	-2.601E-2	-2.730E-2	3.771E-2	-0.485	0.838	0.968
4.938	-0.103	7.873E-3	0.103	-3.035E-2	-2.339E-2	3.832E-2	0.136	0.263	0.296
4.955	-0.103	7.545E-3	0.103	-1.388E-2	-1.776E-2	2.254E-2	-0.509	0.341	0.612
4.972	-0.103	7.280E-3	0.103	-4.512E-2	-1.249E-2	4.681E-2	-0.115	0.121	0.167
4.988	-0.105	7.128E-3	0.105	-3.294E-2	-1.252E-2	3.524E-2	-0.151	-0.270	0.310
5.005	-0.104	6.862E-3	0.105	-2.774E-2	-2.209E-2	3.546E-2	0.171	-0.157	0.232
5.022	-0.105	6.391E-3	0.106	-4.714E-2	-2.018E-2	5.128E-2	0.393	0.475	0.617
5.038	-0.106	6.189E-3	0.106	-6.771E-3	-4.194E-3	7.965E-3	0.895	0.390	0.976
5.055	-0.106	6.251E-3	0.106	-1.033E-2	-4.842E-3	1.141E-2	-0.529	0.262	0.590
5.072	-0.106	6.027E-3	0.106	-3.469E-2	-8.263E-4	3.470E-2	-0.606	0.928	1.108
5.088	-0.107	6.223E-3	0.107	-2.772E-2	2.853E-2	3.978E-2	0.861	1.231	1.502
5.105	-0.107	6.979E-3	0.107	-6.364E-3	4.349E-2	4.395E-2	0.300	0.722	0.782
5.122	-0.107	7.674E-3	0.107	-1.147E-2	4.871E-2	5.004E-2	-1.243	0.165	1.254
5.138	-0.108	8.604E-3	0.108	-5.269E-2	5.183E-2	7.391E-2	-0.561	0.262	0.619
5.155	-0.109	9.404E-3	0.109	-3.844E-2	5.440E-2	6.661E-2	0.333	0.270	0.429
5.172	-0.109	1.042E-2	0.109	-2.526E-2	6.296E-2	6.783E-2	0.725	0.155	0.741
5.189	-0.110	1.150E-2	0.110	-2.840E-2	5.997E-2	6.635E-2	0.219	-0.713	0.745
5.205	-0.110	1.242E-2	0.110	-9.309E-3	3.962E-2	4.070E-2	0.740	-0.733	1.041
5.222	-0.110	1.283E-2	0.111	-6.805E-3	3.094E-2	3.168E-2	-0.317	0.161	0.355
5.239	-0.110	1.345E-2	0.111	-1.729E-2	4.762E-2	5.066E-2	-0.791	0.929	1.220
5.255	-0.111	1.442E-2	0.111	-3.639E-2	6.309E-2	7.283E-2	-0.196	0.179	0.266
5.272	-0.111	1.556E-2	0.112	-2.607E-2	5.556E-2	6.137E-2	0.798	-0.651	1.030
5.289	-0.111	1.627E-2	0.113	-4.882E-3	3.761E-2	3.793E-2	0.261	-0.401	0.478
5.305	-0.111	1.681E-2	0.113	-1.607E-2	4.134E-2	4.435E-2	-1.838E-4	1.891E-2	1.891E-2
5.322	-0.112	1.765E-2	0.113	-1.287E-2	4.253E-2	4.444E-2	-7.492E-2	-0.521	0.527
5.339	-0.112	1.823E-2	0.113	-8.674E-3	2.235E-2	2.397E-2	0.704	-0.433	0.826
5.355	-0.112	1.839E-2	0.114	1.973E-4	2.357E-2	2.357E-2	0.121	-0.345	0.366
5.372	-0.112	1.902E-2	0.113	6.767E-3	1.921E-2	2.036E-2	0.148	-0.403	0.430
5.389	-0.112	1.903E-2	0.114	-4.123E-3	2.676E-3	4.915E-3	-0.275	-0.515	0.584
5.405	-0.112	1.911E-2	0.114	1.918E-3	5.028E-3	5.382E-3	0.144	-2.378E-2	0.146
5.422	-0.112	1.920E-2	0.114	-9.199E-5	2.309E-3	2.311E-3	-1.964E-2	5.381E-2	5.728E-2
5.439	-0.112	1.918E-2	0.114	5.099E-4	4.913E-3	4.939E-3	-8.127E-2	0.544	0.550
5.455	-0.112	1.937E-2	0.114	-1.329E-3	2.117E-2	2.121E-2	-2.996	2.888	4.161
5.472	-0.112	1.989E-2	0.114	-8.902E-2	9.437E-2	0.130	-0.624	1.078	1.246
5.489	-0.115	2.252E-2	0.117	-6.133E-2	8.411E-2	0.104	1.755	-1.784	2.502
5.506	-0.114	2.270E-2	0.116	1.784E-2	5.701E-3	1.873E-2	2.649	-2.781	3.840
5.522	-0.114	2.271E-2	0.117	-4.721E-5	3.073E-4	3.109E-4	-1.012	-0.377	1.080
5.539	-0.114	2.271E-2	0.116	-4.584E-3	-5.399E-3	7.083E-3	0.157	-0.112	0.193
5.556	-0.114	2.253E-2	0.117	-4.829E-3	-5.723E-3	7.488E-3	-3.647E-3	0.243	0.243
5.572	-0.114	2.252E-2	0.116	4.564E-3	4.309E-3	6.277E-3	0.185	0.269	0.327
5.589	-0.114	2.267E-2	0.117	-3.992E-3	4.542E-3	6.047E-3	-7.214E-2	-6.476E-2	9.694E-2
5.606	-0.114	2.267E-2	0.117	2.738E-3	1.288E-4	2.741E-3	0.280	-9.129E-2	0.295
5.622	-0.114	2.267E-2	0.116	7.269E-3	1.960E-3	7.528E-3	0.309	0.113	0.329
5.639	-0.114	2.273E-2	0.116	1.095E-2	4.247E-3	1.174E-2	-5.108E-2	-0.102	0.114
5.656	-0.114	2.282E-2	0.116	8.437E-3	-7.058E-4	8.466E-3	-0.530	-0.518	0.741
5.672	-0.114	2.271E-2	0.116	-8.439E-3	-1.365E-2	1.605E-2	-0.284	-0.933	0.975
5.689	-0.114	2.236E-2	0.116	-4.364E-3	-3.163E-2	3.193E-2	-7.983	0.379	7.992
5.706	-0.114	2.166E-2	0.116	-0.235	-7.878E-3	0.235	-4.052	0.923	4.156
5.722	-0.122	2.210E-2	0.124	-0.245	1.250E-2	0.245	3.703	-0.228	3.710
5.739	-0.122	2.207E-2	0.124	-9.787E-3	-2.151E-2	2.363E-2	8.225	-1.652	8.389
5.756	-0.122	2.138E-2	0.124	-4.102E-3	-4.575E-2	4.593E-2	-7.552E-2	-0.705	0.709
5.772	-0.122	2.055E-2	0.124	-9.453E-3	-4.419E-2	4.519E-2	-0.282	-0.413	0.500
5.789	-0.123	1.990E-2	0.124	-1.755E-2	-5.492E-2	5.766E-2	-0.949	-0.509	1.077
5.806	-0.123	1.871E-2	0.124	-3.599E-2	-6.731E-2	7.632E-2	-3.032E-2	-1.997	1.997
5.822	-0.124	1.766E-2	0.125	-2.882E-2	-0.111	0.115	0.384	-0.964	1.038
5.839	-0.124	1.500E-2	0.125	-1.080E-2	-0.119	0.120	1.072	0.282	1.109
5.856	-0.124	1.367E-2	0.125	-2.485E-3	-8.309E-2	8.312E-2	6.008E-2	1.235	1.237
5.873	-0.124	1.223E-2	0.124	7.309E-5	-8.505E-2	8.505E-2	0.367	0.327	0.492
5.889	-0.124	1.084E-2	0.125	3.900E-4	-7.285E-2	7.285E-2	-0.331	-7.077E-3	0.331
5.906	-0.124	9.801E-3	0.124	-1.579E-3	-7.985E-2	7.987E-2	0.153	0.448	0.473
5.923	-0.124	8.172E-3	0.124	-4.130E-3	-6.868E-2	6.881E-2	-5.557E-2	1.472	1.473
5.939	-0.124	7.509E-3	0.124	4.510E-3	-2.238E-2	2.283E-2	0.259	1.848	1.866
5.956	-0.124	7.425E-3	0.124	3.254E-5	-6.075E-3	6.075E-3	-3.296E-3	1.443	1.443
5.973	-0.124	7.306E-3	0.124	5.567E-3	1.925E-2	2.003E-2	-0.126	1.051	1.059
5.989	-0.124	8.067E-3	0.124	-2.027E-3	3.779E-2	3.785E-2	0.193	0.543	0.577
6.006	-0.124	8.567E-3	0.124	5.787E-3	3.121E-2	3.175E-2	0.147	9.046E-2	0.172
6.023	-0.124	9.108E-3	0.124	1.157E-2	4.104E-2	4.264E-2	-1.149	1.988	2.296
6.039	-0.124	9.937E-3	0.124	-3.419E-2	9.356E-2	9.961E-2	-1.015	2.287E-2	1.015
6.056	-0.125	1.223E-2	0.125	-3.452E-2	6.366E-2	7.242E-2	9.686E-3	-1.918	1.918
6.073	-0.125	1.206E-2	0.125	-1.761E-2	6.571E-4	1.762E-2	1.055	-1.593	1.910
6.089	-0.125	1.225E-2	0.126	-1.155E-2	2.256E-2	2.534E-2	0.425	0.440	0.612
6.106	-0.125	1.281E-2	0.126	5.668E-3	1.905E-2	1.987E-2	0.450	-0.354	0.572
6.123	-0.125	1.289E-2	0.126	-6.821E-4	4.912E-3	4.959E-3	-0.844	0.253	0.881
6.139	-0.125	1.298E-2	0.126	-1.989E-2	2.667E-2	3.327E-2	-0.338	0.532	0.631
6.156	-0.126	1.378E-2	0.127	-1.924E-2	3.109E-2	3.656E-2	0.145	-0.485	0.506
6.173	-0.126	1.401E-2	0.127	-6.644E-3	4.093E-3	7.803E-3	0.727	-1.021	1.253
6.190	-0.126	1.391E-2	0.127	-7.289E-4	-3.779E-3	3.849E-3	0.158	-0.113	0.194
6.206	-0.126	1.389E-2	0.127	3.631E-3	1.929E-3	4.112E-3	0.125	0.185	0.224
6.223	-0.126	1.398E-2	0.127	-5.566E-4	3.340E-3	3.386E-3	-0.193	0.184	0.267
6.240	-0.126	1.400E-2	0.127	-6.090E-4	6.292E-3	6.321E-3	0.172	6.246E-2	0.183
6.256	-0.126	1.419E-2	0.127	3.053E-3	7.649E-3	8.235E-3	9.593E-2	-0.132	0.163
6.273	-0.126	1.426E-2	0.127	5.446E-3	6.453E-4	5.484E-3	-0.110	-0.215	0.241
6.290	-0.126	1.421E-2	0.127	-2.210E-3	-3.140E-4	2.233E-3	-0.452	0.139	0.473
6.306	-0.126	1.425E-2	0.127	-9.512E-3	5.913E-3	1.120E-2	-1.919E-3	0.616	0.616
6.323	-0.126	1.441E-2	0.127	-4.147E-3	1.957E-2	2.000E-2	-3.675E-2	0.386	0.388
6.340	-0.126	1.490E-2	0.127	-6.022E-3	2.211E-2	2.292E-2	-0.838	0.776	1.142
6.356	-0.126	1.514E-2	0.127	-3.412E-2	3.856E-2	5.149E-2	-0.351	-0.360	0.503
6.373	-0.127	1.618E-2	0.128	-2.482E-2	2.348E-2	3.417E-2	0.963	-0.706	1.195
6.390	-0.127	1.593E-2	0.128	7.206E-3	-1.488E-3	7.358E-3	0.796	-0.947	1.237
6.406	-0.127	1.613E-2	0.128	1.243E-3	2.766E-3	3.032E-3	-0.279	0.234	0.364
6.423	-0.127	1.602E-2	0.128	-6.728E-3	5.376E-4	6.749E-3	-1.329	1.985	2.389
6.440	-0.127	1.615E-2	0.128	-3.574E-2	6.443E-2	7.368E-2	-0.225	1.088	1.111
6.456	-0.128	1.817E-2	0.130	-2.962E-2	6.053E-2	6.739E-2	0.690	-1.209	1.392
6.473	-0.128	1.817E-2	0.129	3.775E-3	-1.055E-3	3.920E-3	0.943	-1.895	2.117
6.490	-0.128	1.813E-2	0.129	-4.760E-3	4.594E-3	6.615E-3	-1.104	0.723	1.319
6.507	-0.128	1.833E-2	0.130	-3.003E-2	2.348E-2	3.812E-2	-0.366	0.254	0.445
6.523	-0.129	1.892E-2	0.131	-2.649E-2	1.802E-2	3.204E-2	0.393	-0.476	0.618
6.540	-0.129	1.893E-2	0.131	-5.726E-3	8.296E-4	5.786E-3	0.940	-0.511	1.070
6.557	-0.129	1.895E-2	0.131	-1.487E-3	3.258E-3	3.581E-3	0.226	0.329	0.399
6.573	-0.129	1.904E-2	0.131	5.420E-3	1.149E-2	1.271E-2	6.421E-2	-3.926E-2	7.526E-2
6.590	-0.129	1.933E-2	0.131	-7.130E-4	5.167E-3	5.216E-3	-0.312	-0.356	0.474
6.607	-0.129	1.921E-2	0.131	-5.661E-3	-5.126E-3	7.637E-3	-0.300	-0.539	0.616
6.623	-0.129	1.916E-2	0.131	-9.974E-3	-9.484E-3	1.376E-2	0.258	-0.187	0.318
6.640	-0.130	1.889E-2	0.131	2.100E-4	-1.383E-2	1.384E-2	-0.218	0.178	0.282
6.657	-0.129	1.870E-2	0.131	-9.596E-3	-3.204E-3	1.012E-2	-0.468	-0.357	0.589
6.673	-0.130	1.878E-2	0.131	-2.509E-2	-2.002E-2	3.210E-2	-0.899	-1.258	1.546
6.690	-0.130	1.803E-2	0.131	-3.194E-2	-5.258E-2	6.152E-2	9.747E-2	-0.771	0.777
6.707	-0.131	1.703E-2	0.132	-2.957E-2	-4.615E-2	5.481E-2	-0.152	-0.499	0.522
6.723	-0.131	1.649E-2	0.132	-2.787E-2	-6.030E-2	6.643E-2	0.385	0.408	0.561
6.740	-0.132	1.502E-2	0.133	-2.598E-2	-4.816E-2	5.472E-2	0.302	0.107	0.320
6.757	-0.132	1.488E-2	0.133	-1.045E-2	-3.719E-2	3.863E-2	-9.389E-2	0.115	0.148
6.773	-0.132	1.378E-2	0.133	-2.955E-2	-5.932E-2	6.627E-2	0.963	-1.939	2.164
6.790	-0.133	1.290E-2	0.134	8.941E-3	-9.035E-2	9.079E-2	0.582	0.194	0.614
6.807	-0.132	1.076E-2	0.132	1.541E-2	-7.260E-2	7.421E-2	0.373	1.619	1.661
6.823	-0.133	1.048E-2	0.133	-4.896E-3	-1.526E-2	1.602E-2	-0.701	1.997	2.117
6.840	-0.132	1.025E-2	0.133	9.516E-3	-1.345E-2	1.647E-2	0.148	-0.336	0.367
6.857	-0.132	1.003E-2	0.133	-7.956E-3	-2.500E-2	2.623E-2	-0.626	2.610E-2	0.627
6.874	-0.132	9.420E-3	0.133	-1.014E-2	-1.853E-2	2.112E-2	0.331	0.415	0.531
6.890	-0.133	9.413E-3	0.133	1.993E-3	-3.801E-3	4.292E-3	-0.518	-1.691	1.768
6.907	-0.132	9.293E-3	0.133	-1.946E-2	-6.961E-2	7.228E-2	-0.594	-0.921	1.096
6.924	-0.133	7.091E-3	0.133	-3.187E-2	-6.188E-2	6.961E-2	0.233	1.470	1.489
6.940	-0.133	7.228E-3	0.134	-2.349E-3	8.365E-3	8.689E-3	1.646	1.242	2.062
6.957	-0.133	7.370E-3	0.133	2.064E-2	-2.556E-2	3.285E-2	0.292	-0.778	0.831
6.974	-0.133	6.375E-3	0.133	1.322E-2	-3.137E-2	3.404E-2	-1.217	-0.559	1.339
6.990	-0.133	6.323E-3	0.133	-2.564E-2	-2.774E-2	3.778E-2			
7.007	-0.134	5.449E-3	0.134						
