	mass B									
t	x	y	r	vx	vy	v	ax	ay	a	
0.000	-1.974E-3	-5.163E-3	5.528E-3						
0.017	-1.853E-3	-6.391E-3	6.654E-3	-3.651E-4	-6.467E-2	6.468E-2			
0.033	-1.986E-3	-7.321E-3	7.586E-3	9.538E-4	-3.057E-2	3.059E-2	1.075	2.297	2.536
0.050	-1.821E-3	-7.411E-3	7.631E-3	3.549E-2	1.498E-2	3.852E-2	0.354	2.890	2.912
0.067	-8.020E-4	-6.821E-3	6.868E-3	2.408E-2	6.399E-2	6.837E-2	-0.522	2.645	2.696
0.083	-1.018E-3	-5.276E-3	5.373E-3	1.751E-3	0.107	0.107	-0.673	1.509	1.653
0.100	-7.436E-4	-3.267E-3	3.350E-3	1.176E-2	0.115	0.116	0.379	0.258	0.458
0.117	-6.255E-4	-1.439E-3	1.569E-3	1.046E-2	0.111	0.112	-0.233	-0.440	0.498
0.133	-3.945E-4	4.493E-4	5.979E-4	6.644E-3	0.103	0.103	-0.246	-0.203	0.319
0.150	-4.038E-4	2.000E-3	2.040E-3	-3.116E-4	0.100	0.100	0.279	-0.333	0.435
0.167	-4.049E-4	3.798E-3	3.820E-3	1.492E-2	9.705E-2	9.819E-2	0.151	-0.874	0.887
0.184	9.403E-5	5.238E-3	5.239E-3	1.159E-2	6.946E-2	7.042E-2	-0.103	-1.077	1.082
0.200	-1.836E-5	6.116E-3	6.116E-3	2.740E-3	5.719E-2	5.726E-2	-0.287	-0.600	0.665
0.217	1.855E-4	7.146E-3	7.148E-3	7.944E-3	5.422E-2	5.480E-2	-0.103	-0.372	0.386
0.234	2.467E-4	7.925E-3	7.929E-3	-2.403E-3	4.257E-2	4.263E-2	8.342E-2	-0.489	0.496
0.250	1.053E-4	8.566E-3	8.567E-3	7.343E-3	3.787E-2	3.858E-2	1.027	-0.370	1.092
0.267	4.917E-4	9.189E-3	9.202E-3	3.550E-2	3.148E-2	4.744E-2	0.475	6.419E-2	0.479
0.284	1.290E-3	9.617E-3	9.703E-3	2.738E-2	3.682E-2	4.589E-2	-0.792	0.333	0.859
0.300	1.405E-3	1.042E-2	1.051E-2	2.148E-3	4.679E-2	4.684E-2	-0.474	0.164	0.501
0.317	1.361E-3	1.118E-2	1.126E-2	1.116E-2	4.100E-2	4.250E-2	4.095E-2	-0.309	0.312
0.334	1.778E-3	1.179E-2	1.192E-2	1.024E-2	3.549E-2	3.694E-2	-0.393	-8.641E-2	0.403
0.350	1.703E-3	1.236E-2	1.248E-2	-7.678E-3	3.801E-2	3.878E-2	1.913E-2	4.760E-2	5.130E-2
0.367	1.522E-3	1.305E-2	1.314E-2	9.200E-3	3.861E-2	3.969E-2	0.392	-8.414E-2	0.401
0.384	2.010E-3	1.365E-2	1.380E-2	1.381E-2	3.412E-2	3.681E-2	0.160	-0.630	0.650
0.400	1.982E-3	1.419E-2	1.433E-2	6.145E-3	1.941E-2	2.036E-2	-0.526	-9.016E-2	0.534
0.417	2.215E-3	1.430E-2	1.447E-2	2.342E-3	2.495E-2	2.506E-2	0.142	6.371E-2	0.156
0.434	2.061E-3	1.503E-2	1.517E-2	4.499E-3	3.058E-2	3.091E-2	4.511E-2	0.144	0.151
0.450	2.365E-3	1.532E-2	1.550E-2	1.054E-2	2.266E-2	2.499E-2	0.583	-0.105	0.592
0.467	2.412E-3	1.578E-2	1.596E-2	1.766E-2	3.005E-2	3.485E-2	-0.396	1.063E-2	0.396
0.484	2.954E-3	1.632E-2	1.659E-2	6.407E-3	2.413E-2	2.496E-2	0.226	-0.341	0.409
0.501	2.626E-3	1.659E-2	1.679E-2	1.122E-2	1.597E-2	1.952E-2	0.469	-0.228	0.522
0.517	3.329E-3	1.685E-2	1.718E-2	3.555E-2	1.750E-2	3.962E-2	-0.222	0.159	0.273
0.534	3.812E-3	1.717E-2	1.759E-2	1.451E-3	2.134E-2	2.139E-2	-1.073	-1.150E-2	1.073
0.551	3.377E-3	1.757E-2	1.789E-2	-9.531E-3	1.836E-2	2.068E-2	-4.591E-2	-0.195	0.200
0.567	3.494E-3	1.778E-2	1.812E-2	8.387E-3	1.297E-2	1.544E-2	0.572	-0.281	0.637
0.584	3.657E-3	1.800E-2	1.837E-2	7.854E-3	1.014E-2	1.283E-2	-0.469	2.238E-2	0.469
0.601	3.756E-3	1.812E-2	1.851E-2	-6.248E-3	1.222E-2	1.372E-2	-0.173	0.177	0.247
0.617	3.448E-3	1.841E-2	1.873E-2	-3.292E-3	1.775E-2	1.806E-2	0.265	-8.809E-3	0.265
0.634	3.646E-3	1.871E-2	1.907E-2	9.073E-3	1.229E-2	1.527E-2	0.403	-0.258	0.479
0.651	3.751E-3	1.882E-2	1.919E-2	7.088E-3	7.155E-3	1.007E-2	-8.097E-2	-0.191	0.207
0.667	3.883E-3	1.895E-2	1.935E-2	7.114E-3	7.205E-3	1.013E-2	0.230	-0.240	0.332
0.684	3.989E-3	1.906E-2	1.947E-2	1.341E-2	-3.090E-4	1.341E-2	-0.164	-0.441	0.470
0.701	4.330E-3	1.894E-2	1.943E-2	5.878E-3	-8.956E-3	1.071E-2	-0.840	-0.262	0.880
0.717	4.185E-3	1.876E-2	1.922E-2	-1.842E-2	-9.002E-3	2.051E-2	-0.262	-0.650	0.701
0.734	3.716E-3	1.864E-2	1.901E-2	-6.616E-3	-2.693E-2	2.773E-2	0.649	-1.194	1.359
0.751	3.964E-3	1.786E-2	1.829E-2	1.128E-2	-5.385E-2	5.502E-2	0.725	-0.761	1.051
0.767	4.092E-3	1.684E-2	1.733E-2	1.275E-2	-5.264E-2	5.416E-2	-7.564E-2	-3.100E-2	8.175E-2
0.784	4.389E-3	1.610E-2	1.669E-2	1.161E-2	-5.066E-2	5.198E-2	-0.701	0.436	0.825
0.801	4.479E-3	1.515E-2	1.580E-2	-1.082E-2	-4.300E-2	4.434E-2	-0.252	0.370	0.448
0.817	4.029E-3	1.467E-2	1.521E-2	-3.851E-3	-3.294E-2	3.316E-2	0.142	-1.536E-2	0.143
0.834	4.351E-3	1.406E-2	1.471E-2	4.914E-3	-4.535E-2	4.561E-2	-4.921E-2	0.234	0.239
0.851	4.192E-3	1.316E-2	1.381E-2	-1.249E-2	-3.040E-2	3.287E-2	-0.519	0.542	0.751
0.868	3.934E-3	1.304E-2	1.362E-2	-1.174E-2	-1.774E-2	2.127E-2	0.162	-0.136	0.211
0.884	3.801E-3	1.256E-2	1.313E-2	-5.897E-3	-3.983E-2	4.026E-2	-0.362	-0.537	0.648
0.901	3.737E-3	1.171E-2	1.229E-2	-2.125E-2	-3.902E-2	4.443E-2	-0.341	0.127	0.364
0.918	3.092E-3	1.126E-2	1.168E-2	-2.457E-2	-3.013E-2	3.888E-2	-0.213	0.190	0.286
0.934	2.917E-3	1.071E-2	1.110E-2	-2.041E-2	-3.502E-2	4.053E-2	0.672	-1.128E-2	0.672
0.951	2.411E-3	1.009E-2	1.038E-2	-9.937E-3	-3.135E-2	3.289E-2	0.481	0.161	0.507
0.968	2.586E-3	9.661E-3	1.000E-2	3.852E-3	-2.760E-2	2.787E-2	0.423	0.557	0.700
0.984	2.539E-3	9.172E-3	9.517E-3	-8.994E-4	-1.593E-2	1.595E-2	-3.960E-2	0.323	0.325
1.001	2.556E-3	9.129E-3	9.480E-3	3.641E-3	-1.149E-2	1.206E-2	-0.339	0.243	0.417
1.018	2.661E-3	8.788E-3	9.182E-3	-9.459E-3	-1.330E-2	1.632E-2	-0.295	-5.618E-2	0.301
1.034	2.240E-3	8.685E-3	8.970E-3	-1.286E-2	-9.568E-3	1.603E-2	-7.744E-2	0.438	0.445
1.051	2.232E-3	8.469E-3	8.758E-3	-5.544E-3	-2.205E-3	5.966E-3	-6.361E-2	0.150	0.163
1.068	2.055E-3	8.612E-3	8.854E-3	-1.723E-2	1.815E-4	1.723E-2	-0.237	0.127	0.269
1.084	1.657E-3	8.475E-3	8.636E-3	-1.579E-2	-2.690E-3	1.602E-2	0.232	-6.160E-2	0.240
1.101	1.528E-3	8.522E-3	8.658E-3	-6.408E-3	1.133E-3	6.507E-3	0.709	0.307	0.772
1.118	1.443E-3	8.513E-3	8.634E-3	5.543E-3	5.429E-3	7.759E-3	0.360	2.217E-2	0.361
1.134	1.713E-3	8.703E-3	8.870E-3	9.444E-3	4.767E-3	1.058E-2	0.130	0.176	0.219
1.151	1.758E-3	8.672E-3	8.848E-3	5.967E-3	7.253E-3	9.392E-3	-0.711	0.151	0.727
1.168	1.912E-3	8.945E-3	9.147E-3	-9.687E-3	1.373E-2	1.680E-2	-4.284E-2	0.464	0.466
1.185	1.435E-3	9.130E-3	9.242E-3	-4.751E-3	1.947E-2	2.004E-2	0.287	-6.441E-3	0.287
1.201	1.754E-3	9.595E-3	9.754E-3	1.062E-2	1.773E-2	2.067E-2	0.309	-0.197	0.366
1.218	1.789E-3	9.722E-3	9.885E-3	1.923E-5	8.665E-3	8.665E-3	-0.889	0.121	0.897
1.235	1.755E-3	9.884E-3	1.004E-2	-1.637E-2	2.179E-2	2.726E-2	-0.285	0.433	0.519
1.251	1.243E-3	1.045E-2	1.052E-2	-1.545E-2	2.734E-2	3.141E-2	0.194	7.340E-2	0.207
1.268	1.239E-3	1.080E-2	1.087E-2	-3.112E-3	2.068E-2	2.091E-2	0.940	-0.255	0.974
1.285	1.139E-3	1.114E-2	1.120E-2	1.057E-2	1.983E-2	2.247E-2	0.918	-0.115	0.925
1.301	1.592E-3	1.146E-2	1.157E-2	3.197E-2	1.697E-2	3.620E-2	-0.418	0.135	0.439
1.318	2.206E-3	1.171E-2	1.191E-2	7.920E-4	2.270E-2	2.271E-2	-0.993	0.355	1.055
1.335	1.618E-3	1.222E-2	1.232E-2	-1.504E-2	3.127E-2	3.470E-2	-0.684	0.157	0.702
1.351	1.704E-3	1.275E-2	1.286E-2	-9.078E-3	2.763E-2	2.909E-2	0.552	-0.141	0.569
1.368	1.315E-3	1.314E-2	1.320E-2	-6.051E-3	2.499E-2	2.571E-2	3.771E-2	-3.294E-2	5.007E-2
1.385	1.502E-3	1.358E-2	1.367E-2	6.567E-4	2.752E-2	2.752E-2	0.563	0.197	0.596
1.401	1.337E-3	1.406E-2	1.412E-2	5.101E-3	3.115E-2	3.156E-2	-0.181	8.511E-3	0.181
1.418	1.673E-3	1.462E-2	1.472E-2	2.881E-3	2.916E-2	2.930E-2	-0.214	1.796E-2	0.215
1.435	1.433E-3	1.503E-2	1.510E-2	-9.757E-3	2.928E-2	3.086E-2	9.274E-2	0.177	0.200
1.451	1.347E-3	1.560E-2	1.566E-2	7.882E-3	3.677E-2	3.761E-2	0.240	0.151	0.283
1.468	1.696E-3	1.626E-2	1.634E-2	3.765E-3	3.500E-2	3.520E-2	8.292E-2	-2.500E-3	8.296E-2
1.485	1.473E-3	1.677E-2	1.683E-2	1.718E-3	3.452E-2	3.456E-2	-0.360	-0.296	0.466
1.502	1.754E-3	1.741E-2	1.750E-2	8.076E-4	2.830E-2	2.832E-2	-2.950E-2	-0.186	0.188
1.518	1.500E-3	1.771E-2	1.777E-2	-7.160E-3	2.403E-2	2.508E-2	6.995E-3	9.139E-3	1.151E-2
1.535	1.515E-3	1.821E-2	1.827E-2	5.045E-3	3.149E-2	3.189E-2	8.165E-2	0.302	0.313
1.552	1.668E-3	1.876E-2	1.884E-2	-2.707E-3	3.367E-2	3.378E-2	9.336E-2	8.967E-2	0.129
1.568	1.424E-3	1.933E-2	1.939E-2	1.825E-3	3.439E-2	3.443E-2	-7.973E-2	-0.167	0.185
1.585	1.729E-3	1.991E-2	1.998E-2	3.177E-3	2.888E-2	2.906E-2	0.236	-0.206	0.314
1.602	1.530E-3	2.030E-2	2.035E-2	1.184E-3	2.554E-2	2.556E-2	-7.279E-2	-0.205	0.218
1.618	1.768E-3	2.076E-2	2.084E-2	7.591E-3	2.405E-2	2.522E-2	1.389E-2	-0.123	0.124
1.635	1.784E-3	2.110E-2	2.117E-2	-1.746E-3	2.004E-2	2.011E-2	-0.471	0.139	0.491
1.652	1.710E-3	2.143E-2	2.150E-2	-7.503E-3	2.801E-2	2.900E-2	-1.383E-2	0.117	0.118
1.668	1.533E-3	2.203E-2	2.209E-2	-3.696E-3	2.755E-2	2.780E-2	0.289	-0.128	0.316
1.685	1.587E-3	2.235E-2	2.241E-2	4.398E-3	1.996E-2	2.044E-2	0.230	-0.497	0.548
1.702	1.680E-3	2.270E-2	2.276E-2	3.619E-3	1.356E-2	1.404E-2	-0.384	-0.213	0.439
1.718	1.708E-3	2.280E-2	2.287E-2	-7.787E-3	1.002E-2	1.269E-2	-0.308	6.338E-2	0.314
1.735	1.420E-3	2.303E-2	2.308E-2	-1.008E-2	1.737E-2	2.008E-2	0.348	8.209E-2	0.357
1.752	1.371E-3	2.338E-2	2.342E-2	5.927E-3	1.413E-2	1.533E-2	0.496	-0.219	0.542
1.768	1.618E-3	2.351E-2	2.356E-2	8.835E-3	7.642E-3	1.168E-2	-3.162E-2	-0.347	0.348
1.785	1.666E-3	2.364E-2	2.369E-2	2.020E-3	4.090E-3	4.562E-3	-0.221	-0.233	0.321
1.802	1.685E-3	2.364E-2	2.370E-2	1.968E-3	-1.025E-3	2.219E-3	-0.229	-0.362	0.429
1.818	1.732E-3	2.360E-2	2.367E-2	-4.279E-3	-7.185E-3	8.362E-3	-4.379E-2	-0.297	0.301
1.835	1.543E-3	2.340E-2	2.345E-2	-2.832E-3	-1.209E-2	1.242E-2	0.361	-0.706	0.793
1.852	1.637E-3	2.320E-2	2.326E-2	1.050E-2	-2.787E-2	2.978E-2	9.213E-2	-1.157	1.160
1.869	1.893E-3	2.247E-2	2.255E-2	2.278E-3	-5.368E-2	5.373E-2	0.480	-1.445	1.523
1.885	1.713E-3	2.141E-2	2.148E-2	1.799E-2	-7.515E-2	7.727E-2	0.412	-0.823	0.920
1.902	2.493E-3	1.996E-2	2.012E-2	2.870E-2	-8.335E-2	8.815E-2	0.228	4.856E-2	0.233
1.919	2.671E-3	1.863E-2	1.882E-2	1.563E-2	-7.218E-2	7.386E-2	-0.153	0.319	0.354
1.935	3.015E-3	1.756E-2	1.781E-2	2.673E-2	-7.000E-2	7.493E-2	-3.811E-2	-0.185	0.188
1.952	3.563E-3	1.629E-2	1.668E-2	1.757E-2	-8.051E-2	8.241E-2	0.336	-0.517	0.617
1.969	3.601E-3	1.487E-2	1.530E-2	2.889E-2	-8.741E-2	9.206E-2	5.423E-2	9.341E-2	0.108
1.985	4.527E-3	1.337E-2	1.412E-2	3.246E-2	-7.892E-2	8.533E-2	-0.444	0.519	0.683
2.002	4.684E-3	1.224E-2	1.310E-2	4.405E-3	-6.688E-2	6.703E-2	-0.709	9.730E-2	0.716
2.019	4.674E-3	1.114E-2	1.208E-2	9.241E-3	-7.544E-2	7.600E-2	1.408	-0.662	1.556
2.035	4.992E-3	9.719E-3	1.093E-2	5.043E-2	-9.113E-2	0.104	0.508	-0.234	0.559
2.052	6.357E-3	8.101E-3	1.030E-2	3.975E-2	-8.520E-2	9.401E-2	-0.699	0.866	1.113
2.069	6.319E-3	6.877E-3	9.339E-3	9.026E-3	-5.994E-2	6.062E-2	-1.306	0.776	1.519
2.085	6.658E-3	6.101E-3	9.031E-3	7.265E-3	-5.581E-2	5.628E-2	-2.019E-2	0.397	0.397
2.102	6.561E-3	5.014E-3	8.258E-3	1.908E-3	-5.303E-2	5.306E-2	0.373	0.609	0.714
2.119	6.721E-3	4.332E-3	7.996E-3	2.200E-2	-3.199E-2	3.883E-2	1.298	1.580	2.045
2.135	7.295E-3	3.947E-3	8.295E-3	4.602E-2	-2.421E-3	4.608E-2	1.186	2.243	2.537
2.152	8.257E-3	4.251E-3	9.287E-3	6.245E-2	4.381E-2	7.628E-2	-0.122	2.488	2.491
2.169	9.379E-3	5.409E-3	1.083E-2	4.487E-2	8.301E-2	9.436E-2	-1.266	1.729	2.143
2.186	9.754E-3	7.021E-3	1.202E-2	1.429E-2	0.101	0.102	-1.134	0.360	1.190
2.202	9.856E-3	8.782E-3	1.320E-2	7.658E-3	9.575E-2	9.605E-2	2.691E-2	0.467	0.468
2.219	1.001E-2	1.022E-2	1.430E-2	1.585E-2	0.110	0.111	0.305	-0.431	0.528
2.236	1.038E-2	1.245E-2	1.621E-2	1.989E-2	9.511E-2	9.717E-2	0.348	-0.388	0.521
2.252	1.067E-2	1.339E-2	1.712E-2	2.471E-2	7.920E-2	8.296E-2	0.559	-0.695	0.892
2.269	1.121E-2	1.509E-2	1.880E-2	3.994E-2	8.618E-2	9.498E-2	-9.653E-2	-0.138	0.168
2.286	1.201E-2	1.626E-2	2.022E-2	2.579E-2	6.732E-2	7.209E-2	-0.673	-0.647	0.934
2.302	1.207E-2	1.734E-2	2.112E-2	9.305E-3	6.572E-2	6.638E-2	-3.015E-2	0.257	0.259
2.319	1.232E-2	1.846E-2	2.219E-2	2.764E-2	7.559E-2	8.049E-2	-0.172	0.435	0.468
2.336	1.299E-2	1.986E-2	2.373E-2	1.071E-2	8.258E-2	8.327E-2	-0.397	9.910E-2	0.409
2.352	1.267E-2	2.121E-2	2.471E-2	1.151E-3	7.781E-2	7.782E-2	7.324E-2	-0.770	0.773
2.369	1.303E-2	2.245E-2	2.596E-2	2.298E-2	5.840E-2	6.276E-2	0.875	-0.591	1.056
2.386	1.344E-2	2.316E-2	2.678E-2	2.748E-2	5.255E-2	5.930E-2	0.919	-1.097	1.431
2.402	1.395E-2	2.421E-2	2.794E-2	5.126E-2	3.144E-2	6.014E-2	0.115	-0.468	0.482
2.419	1.515E-2	2.421E-2	2.856E-2	4.127E-2	2.325E-2	4.737E-2	-0.291	-0.717	0.774
2.436	1.532E-2	2.498E-2	2.931E-2	2.733E-2	2.205E-2	3.512E-2	-0.407	-5.133E-2	0.410
2.452	1.606E-2	2.495E-2	2.967E-2	3.785E-2	9.614E-3	3.905E-2	-0.790	-9.246E-2	0.795
2.469	1.659E-2	2.530E-2	3.026E-2	1.085E-3	2.527E-2	2.529E-2	-0.345	0.475	0.587
2.486	1.610E-2	2.579E-2	3.040E-2	1.258E-2	2.538E-2	2.833E-2	0.801	-0.149	0.815
2.503	1.701E-2	2.615E-2	3.119E-2	4.541E-2	1.907E-2	4.926E-2	0.727	-0.730	1.030
2.519	1.761E-2	2.643E-2	3.176E-2	2.929E-2	2.767E-3	2.942E-2	-0.705	-0.540	0.888
2.536	1.798E-2	2.624E-2	3.181E-2	2.128E-2	-3.542E-3	2.157E-2	-0.316	2.895E-2	0.318
2.553	1.832E-2	2.631E-2	3.206E-2	1.959E-2	7.312E-3	2.091E-2	-0.332	0.258	0.420
2.569	1.864E-2	2.649E-2	3.239E-2	1.121E-2	5.725E-3	1.259E-2	0.175	-0.447	0.480
2.586	1.870E-2	2.650E-2	3.243E-2	2.089E-2	-8.253E-3	2.246E-2	0.108	-0.413	0.427
2.603	1.934E-2	2.621E-2	3.257E-2	2.300E-2	-1.080E-2	2.541E-2	0.340	-0.704	0.782
2.619	1.947E-2	2.614E-2	3.259E-2	2.324E-2	-2.562E-2	3.458E-2	6.888E-2	-0.741	0.744
2.636	2.011E-2	2.536E-2	3.236E-2	3.271E-2	-4.304E-2	5.406E-2	0.310	-1.351	1.386
2.653	2.056E-2	2.470E-2	3.214E-2	2.934E-2	-6.316E-2	6.964E-2	-5.447E-2	-0.594	0.597
2.669	2.109E-2	2.325E-2	3.139E-2	3.240E-2	-7.234E-2	7.926E-2	-0.329	-9.603E-2	0.343
2.686	2.164E-2	2.229E-2	3.106E-2	1.999E-2	-5.860E-2	6.192E-2	-0.671	0.520	0.849
2.703	2.176E-2	2.129E-2	3.044E-2	6.345E-3	-5.766E-2	5.801E-2	-0.284	0.205	0.351
2.719	2.185E-2	2.036E-2	2.987E-2	1.132E-2	-5.164E-2	5.287E-2	0.916	-0.605	1.098
2.736	2.213E-2	1.957E-2	2.955E-2	3.596E-2	-7.329E-2	8.163E-2	0.166	-0.847	0.863
2.753	2.305E-2	1.792E-2	2.920E-2	2.562E-2	-8.924E-2	9.285E-2	-1.050	1.984E-3	1.050
2.769	2.299E-2	1.659E-2	2.835E-2	-9.338E-3	-6.834E-2	6.897E-2	-0.783	0.957	1.236
2.786	2.274E-2	1.564E-2	2.760E-2	-7.511E-5	-5.573E-2	5.573E-2	0.119	-0.527	0.540
2.803	2.299E-2	1.473E-2	2.730E-2	1.606E-3	-8.297E-2	8.299E-2	2.018E-2	-1.092	1.092
2.819	2.279E-2	1.287E-2	2.617E-2	-6.128E-3	-0.102	0.102	9.492E-2	7.456E-2	0.121
2.836	2.278E-2	1.133E-2	2.544E-2	7.152E-3	-7.594E-2	7.628E-2	0.110	1.052	1.058
2.853	2.303E-2	1.034E-2	2.524E-2	9.450E-4	-6.310E-2	6.311E-2	0.159	0.282	0.323
2.870	2.281E-2	9.226E-3	2.461E-2	4.812E-3	-6.946E-2	6.963E-2	3.184E-2	-0.278	0.280
2.886	2.319E-2	8.019E-3	2.454E-2	1.078E-2	-7.266E-2	7.345E-2	0.180	0.500	0.531
2.903	2.317E-2	6.802E-3	2.415E-2	4.141E-3	-5.503E-2	5.518E-2	-0.320	0.516	0.607
2.920	2.333E-2	6.183E-3	2.413E-2	4.024E-3	-4.861E-2	4.878E-2	-0.150	0.181	0.235
2.936	2.331E-2	5.179E-3	2.388E-2	-2.897E-3	-5.553E-2	5.560E-2	-0.129	-9.074E-2	0.158
2.953	2.323E-2	4.330E-3	2.363E-2	-5.478E-4	-4.895E-2	4.895E-2	-0.399	0.508	0.645
2.970	2.329E-2	3.546E-3	2.356E-2	-1.257E-2	-3.974E-2	4.167E-2	0.175	0.638	0.661
2.986	2.281E-2	3.004E-3	2.301E-2	-3.428E-3	-2.670E-2	2.692E-2	-3.549E-2	0.234	0.237
3.003	2.317E-2	2.655E-3	2.333E-2	-1.049E-3	-3.001E-2	3.003E-2	0.427	0.120	0.444
3.020	2.278E-2	2.003E-3	2.287E-2	-2.321E-3	-2.774E-2	2.784E-2	-0.192	4.850E-2	0.198
3.036	2.310E-2	1.730E-3	2.316E-2	4.070E-3	-2.292E-2	2.327E-2	7.107E-2	0.283	0.292
3.053	2.291E-2	1.239E-3	2.295E-2	-7.779E-3	-2.275E-2	2.404E-2	0.196	0.210	0.287
3.070	2.284E-2	9.706E-4	2.286E-2	1.141E-2	-1.345E-2	1.764E-2	0.197	0.201	0.282
3.086	2.329E-2	7.898E-4	2.331E-2	5.966E-3	-1.558E-2	1.668E-2	-0.368	9.700E-3	0.368
3.103	2.304E-2	4.509E-4	2.304E-2	-1.005E-2	-1.553E-2	1.850E-2	-0.313	0.226	0.386
3.120	2.296E-2	2.715E-4	2.296E-2	-4.887E-4	-6.601E-3	6.619E-3	0.492	0.361	0.610
3.136	2.302E-2	2.307E-4	2.302E-2	6.385E-3	-2.916E-3	7.019E-3	0.214	0.327	0.391
3.153	2.317E-2	1.742E-4	2.317E-2	7.121E-3	2.706E-3	7.618E-3	-0.215	0.122	0.247
3.170	2.326E-2	3.209E-4	2.326E-2	-8.794E-4	3.701E-3	3.804E-3	-0.205	0.212	0.295
3.187	2.314E-2	2.977E-4	2.314E-2	-1.891E-3	6.347E-3	6.623E-3	-2.893E-2	-6.392E-3	2.962E-2
3.203	2.320E-2	5.327E-4	2.320E-2	7.861E-4	7.385E-3	7.427E-3	0.584	3.958E-3	0.584
3.220	2.317E-2	5.441E-4	2.318E-2	1.398E-2	3.111E-3	1.432E-2	0.181	6.357E-2	0.192
3.237	2.366E-2	6.365E-4	2.367E-2	1.385E-2	1.046E-2	1.735E-2	0.144	0.433	0.456
3.253	2.363E-2	8.930E-4	2.365E-2	1.036E-2	1.820E-2	2.094E-2	-0.138	0.267	0.300
3.270	2.401E-2	1.244E-3	2.404E-2	1.591E-2	1.965E-2	2.529E-2	-0.371	0.120	0.390
3.287	2.416E-2	1.549E-3	2.421E-2	-3.788E-3	2.101E-2	2.135E-2	-0.370	7.124E-2	0.377
3.303	2.388E-2	1.945E-3	2.396E-2	-1.426E-3	2.310E-2	2.315E-2	0.332	-0.234	0.407
3.320	2.411E-2	2.320E-3	2.423E-2	1.364E-2	1.385E-2	1.944E-2	9.132E-2	-3.364E-2	9.732E-2
3.337	2.434E-2	2.407E-3	2.445E-2	1.050E-3	1.782E-2	1.785E-2	2.809E-2	0.253	0.254
3.353	2.415E-2	2.914E-3	2.432E-2	8.355E-3	2.751E-2	2.875E-2	0.533	0.124	0.547
3.370	2.461E-2	3.325E-3	2.484E-2	2.635E-2	2.002E-2	3.309E-2	4.984E-2	-0.240	0.245
3.387	2.503E-2	3.582E-3	2.528E-2	9.053E-3	1.820E-2	2.032E-2	-0.598	5.571E-3	0.598
3.403	2.492E-2	3.932E-3	2.523E-2	9.935E-4	2.158E-2	2.160E-2	-0.601	0.262	0.655
3.420	2.506E-2	4.302E-3	2.543E-2	-4.617E-3	2.615E-2	2.655E-2	0.739	0.116	0.748
3.437	2.476E-2	4.805E-3	2.522E-2	1.590E-2	2.696E-2	3.130E-2	0.570	6.513E-2	0.574
3.453	2.559E-2	5.202E-3	2.612E-2	2.896E-2	2.646E-2	3.923E-2	0.126	-1.907E-2	0.127
3.470	2.573E-2	5.688E-3	2.635E-2	9.176E-3	2.774E-2	2.922E-2	-1.356	-0.188	1.369
3.487	2.590E-2	6.128E-3	2.661E-2	-1.011E-2	2.027E-2	2.265E-2	1.114E-2	6.128E-2	6.229E-2
3.504	2.539E-2	6.364E-3	2.618E-2	-6.501E-4	2.649E-2	2.650E-2	0.214	0.189	0.286
3.520	2.588E-2	7.011E-3	2.681E-2	1.102E-2	3.195E-2	3.380E-2	0.345	0.286	0.448
3.537	2.576E-2	7.430E-3	2.681E-2	3.898E-4	3.142E-2	3.142E-2	-0.632	-0.207	0.665
3.554	2.589E-2	8.060E-3	2.712E-2	-3.701E-3	2.907E-2	2.931E-2	0.157	-0.190	0.246
3.570	2.564E-2	8.400E-3	2.698E-2	-8.109E-4	2.154E-2	2.155E-2	0.135	-0.443	0.464
3.587	2.586E-2	8.778E-3	2.731E-2	7.466E-3	1.668E-2	1.828E-2	9.909E-2	2.295E-2	0.102
3.604	2.588E-2	8.957E-3	2.739E-2	-1.001E-3	1.922E-2	1.925E-2	-0.334	-0.131	0.359
3.620	2.583E-2	9.420E-3	2.749E-2	-3.439E-3	1.713E-2	1.747E-2	-0.184	-0.555	0.584
3.637	2.577E-2	9.529E-3	2.748E-2	-6.430E-3	-2.281E-3	6.822E-3	-0.310	-0.817	0.874
3.654	2.562E-2	9.344E-3	2.727E-2	-1.391E-2	-1.113E-2	1.782E-2	0.586	-0.265	0.643
3.670	2.531E-2	9.157E-3	2.691E-2	8.353E-3	-1.004E-2	1.306E-2	0.579	-1.936E-2	0.579
3.687	2.589E-2	9.009E-3	2.742E-2	1.644E-2	-1.113E-2	1.985E-2	-0.136	-8.730E-2	0.162
3.704	2.585E-2	8.786E-3	2.731E-2	-5.032E-3	-1.370E-2	1.460E-2	-0.382	-0.257	0.460
3.720	2.573E-2	8.551E-3	2.711E-2	3.959E-3	-1.880E-2	1.921E-2	-0.114	-0.404	0.420
3.737	2.599E-2	8.159E-3	2.724E-2	-2.525E-3	-2.786E-2	2.798E-2	-0.321	-4.471E-2	0.324
3.754	2.564E-2	7.622E-3	2.675E-2	-1.447E-2	-2.227E-2	2.655E-2	0.282	0.286	0.402
3.770	2.550E-2	7.416E-3	2.656E-2	8.806E-3	-1.457E-2	1.702E-2	3.069E-2	-0.110	0.114
3.787	2.594E-2	7.136E-3	2.690E-2	-5.027E-3	-2.659E-2	2.706E-2	-2.393E-2	-0.305	0.306
3.804	2.534E-2	6.528E-3	2.616E-2	-7.357E-3	-2.836E-2	2.930E-2	-0.380	-0.112	0.396
3.820	2.569E-2	6.189E-3	2.643E-2	-1.829E-3	-2.583E-2	2.590E-2	0.706	0.139	0.720
3.837	2.527E-2	5.666E-3	2.590E-2	1.730E-3	-2.705E-2	2.710E-2	-0.479	7.033E-2	0.485
3.854	2.575E-2	5.287E-3	2.629E-2	-2.513E-3	-2.163E-2	2.178E-2	-0.599	0.169	0.623
3.871	2.519E-2	4.945E-3	2.567E-2	-3.120E-2	-2.156E-2	3.793E-2	3.022E-2	-0.233	0.235
3.887	2.471E-2	4.567E-3	2.513E-2	-5.391E-4	-2.897E-2	2.897E-2	1.631	-1.557	2.255
3.904	2.517E-2	3.978E-3	2.549E-2	3.066E-2	-7.019E-2	7.659E-2	0.687	-2.157	2.264
3.921	2.573E-2	2.226E-3	2.583E-2	2.088E-2	-0.109	0.111	-0.363	-1.287	1.337
3.937	2.587E-2	3.288E-4	2.587E-2	1.382E-2	-0.110	0.111	6.584E-3	6.933E-2	6.965E-2
3.954	2.619E-2	-1.442E-3	2.623E-2	2.379E-2	-0.105	0.108	-0.298	-7.186E-3	0.298
3.971	2.666E-2	-3.190E-3	2.685E-2	7.392E-3	-0.110	0.110	-0.630	0.692	0.935
3.987	2.644E-2	-5.105E-3	2.693E-2	-5.058E-3	-8.778E-2	8.792E-2	-0.131	0.623	0.637
4.004	2.649E-2	-6.119E-3	2.719E-2	7.792E-3	-7.808E-2	7.847E-2	1.226E-2	0.337	0.337
4.021	2.670E-2	-7.711E-3	2.779E-2	-2.513E-3	-8.661E-2	8.664E-2	0.514	0.676	0.849
4.037	2.641E-2	-9.008E-3	2.790E-2	1.547E-2	-5.394E-2	5.611E-2	0.971	2.655	2.827
4.054	2.721E-2	-9.510E-3	2.883E-2	4.217E-2	2.823E-3	4.226E-2	-0.197	2.903	2.910
4.071	2.782E-2	-8.914E-3	2.921E-2	6.742E-3	4.727E-2	4.775E-2	-0.988	2.082	2.304
4.087	2.744E-2	-7.933E-3	2.856E-2	-1.402E-3	6.937E-2	6.938E-2	-0.160	0.550	0.573
4.104	2.777E-2	-6.600E-3	2.854E-2	1.272E-2	6.861E-2	6.978E-2	5.487E-2	-0.419	0.423
4.121	2.786E-2	-5.644E-3	2.843E-2	-3.400E-3	5.147E-2	5.158E-2	-0.600	-0.964	1.135
4.137	2.766E-2	-4.882E-3	2.808E-2	-9.244E-3	3.756E-2	3.868E-2	-0.147	-0.357	0.386
4.154	2.755E-2	-4.391E-3	2.790E-2	-6.158E-3	3.702E-2	3.753E-2	0.123	0.432	0.450
4.171	2.745E-2	-3.647E-3	2.769E-2	-5.649E-3	5.396E-2	5.425E-2	7.328E-2	0.918	0.921
4.188	2.737E-2	-2.590E-3	2.749E-2	-3.768E-3	6.852E-2	6.863E-2	0.175	0.864	0.882
4.204	2.733E-2	-1.361E-3	2.736E-2	1.477E-4	8.177E-2	8.177E-2	0.272	0.370	0.459
4.221	2.737E-2	1.382E-4	2.737E-2	5.429E-3	8.337E-2	8.355E-2	-0.842	0.164	0.858
4.238	2.751E-2	1.421E-3	2.754E-2	-2.306E-2	8.334E-2	8.647E-2	-0.634	-0.408	0.754
4.254	2.660E-2	2.919E-3	2.676E-2	-2.870E-2	7.468E-2	8.001E-2	0.373	-0.374	0.528
4.271	2.655E-2	3.913E-3	2.684E-2	6.152E-4	6.489E-2	6.489E-2	0.989	-0.251	1.020
4.288	2.662E-2	5.084E-3	2.710E-2	2.023E-3	7.000E-2	7.003E-2	0.106	-7.396E-2	0.129
4.304	2.662E-2	6.249E-3	2.734E-2	2.555E-3	6.264E-2	6.270E-2	-0.840	0.328	0.902
4.321	2.671E-2	7.174E-3	2.765E-2	-2.109E-2	7.598E-2	7.886E-2	-1.170	0.505	1.274
4.338	2.591E-2	8.784E-3	2.736E-2	-4.484E-2	8.765E-2	9.845E-2	-4.381E-2	9.504E-2	0.105
4.354	2.521E-2	1.010E-2	2.716E-2	-2.100E-2	7.433E-2	7.724E-2	1.597	-0.578	1.698
4.371	2.521E-2	1.126E-2	2.761E-2	1.233E-2	6.854E-2	6.964E-2	0.870	-0.508	1.008
4.388	2.562E-2	1.239E-2	2.846E-2	1.053E-2	5.882E-2	5.976E-2	-6.783E-2	-0.227	0.237
4.404	2.556E-2	1.323E-2	2.878E-2	3.329E-3	5.771E-2	5.780E-2	-0.286	-6.220E-2	0.292
4.421	2.573E-2	1.431E-2	2.945E-2	5.615E-3	6.065E-2	6.091E-2	-0.361	-0.452	0.578
4.438	2.575E-2	1.525E-2	2.993E-2	-9.491E-3	4.234E-2	4.339E-2	-0.212	-0.285	0.355
4.454	2.542E-2	1.572E-2	2.989E-2	-5.840E-3	4.535E-2	4.572E-2	5.076E-2	5.986E-2	7.849E-2
4.471	2.556E-2	1.676E-2	3.056E-2	-9.125E-4	5.258E-2	5.258E-2	0.302	0.277	0.410
4.488	2.539E-2	1.748E-2	3.082E-2	-1.659E-3	4.856E-2	4.859E-2	-0.572	0.262	0.630
4.505	2.550E-2	1.838E-2	3.144E-2	-1.336E-2	6.310E-2	6.450E-2	0.423	-0.539	0.685
4.521	2.494E-2	1.958E-2	3.171E-2	5.655E-4	3.723E-2	3.723E-2	0.397	-0.758	0.856
4.538	2.552E-2	1.963E-2	3.219E-2	1.529E-2	2.362E-2	2.814E-2	0.191	-4.065E-2	0.195
4.555	2.545E-2	2.037E-2	3.260E-2	-3.578E-3	4.657E-2	4.671E-2	-0.881	1.146	1.446
4.571	2.540E-2	2.118E-2	3.307E-2	-1.015E-2	5.802E-2	5.890E-2	0.174	-0.436	0.469
4.588	2.511E-2	2.231E-2	3.359E-2	-2.064E-3	3.863E-2	3.868E-2	1.336	-1.279	1.850
4.605	2.533E-2	2.247E-2	3.386E-2	3.646E-2	6.197E-3	3.698E-2	0.144	-0.302	0.335
4.621	2.633E-2	2.251E-2	3.464E-2	1.378E-2	2.807E-2	3.127E-2	-2.178	1.042	2.414
4.638	2.579E-2	2.341E-2	3.483E-2	-5.011E-2	4.931E-2	7.030E-2	-1.344	2.563E-2	1.345
4.655	2.466E-2	2.416E-2	3.452E-2	-3.443E-2	2.676E-2	4.361E-2	1.315	-1.020	1.665
4.671	2.464E-2	2.430E-2	3.461E-2	5.089E-3	1.029E-2	1.148E-2	1.482	-0.665	1.625
4.688	2.483E-2	2.450E-2	3.488E-2	1.180E-2	8.319E-3	1.444E-2	0.130	-0.122	0.178
4.705	2.504E-2	2.458E-2	3.508E-2	9.267E-3	4.766E-3	1.042E-2	0.304	-0.346	0.460
4.721	2.514E-2	2.466E-2	3.521E-2	1.901E-2	-1.576E-3	1.907E-2	-3.106E-2	-0.303	0.305
4.738	2.567E-2	2.452E-2	3.550E-2	1.489E-2	-7.459E-3	1.666E-2	-0.585	-0.282	0.649
4.755	2.563E-2	2.441E-2	3.540E-2	-6.666E-3	-9.373E-3	1.150E-2	-1.204	-6.261E-2	1.205
4.771	2.545E-2	2.421E-2	3.513E-2	-2.244E-2	-1.067E-2	2.485E-2	0.462	-0.772	0.900
4.788	2.488E-2	2.406E-2	3.461E-2	1.114E-3	-3.118E-2	3.120E-2	1.167	-0.879	1.461
4.805	2.549E-2	2.317E-2	3.444E-2	2.911E-2	-4.731E-2	5.555E-2	0.603	-0.557	0.820
4.821	2.586E-2	2.248E-2	3.426E-2	1.523E-2	-4.451E-2	4.705E-2	-0.706	-2.264E-2	0.707
4.838	2.599E-2	2.169E-2	3.385E-2	5.026E-3	-4.950E-2	4.975E-2	-0.797	-0.332	0.864
4.855	2.602E-2	2.083E-2	3.333E-2	-9.695E-3	-5.518E-2	5.602E-2	-0.487	-0.668	0.827
4.872	2.567E-2	1.984E-2	3.245E-2	-1.491E-2	-7.088E-2	7.243E-2	0.900	-0.698	1.139
4.888	2.553E-2	1.846E-2	3.150E-2	1.970E-2	-8.153E-2	8.388E-2	0.171	0.160	0.234
4.905	2.633E-2	1.712E-2	3.141E-2	4.290E-3	-6.556E-2	6.570E-2	-0.498	-0.155	0.522
4.922	2.567E-2	1.627E-2	3.039E-2	-1.673E-2	-7.874E-2	8.050E-2	-0.182	6.301E-2	0.193
4.938	2.577E-2	1.450E-2	2.957E-2	1.035E-2	-7.764E-2	7.833E-2	-0.204	0.148	0.252
4.955	2.601E-2	1.368E-2	2.939E-2	-2.054E-2	-5.996E-2	6.338E-2	-1.359	0.324	1.397
4.972	2.508E-2	1.250E-2	2.802E-2	-4.693E-2	-7.381E-2	8.747E-2	0.516	-0.519	0.732
4.988	2.445E-2	1.122E-2	2.690E-2	-1.059E-3	-7.642E-2	7.643E-2	1.723	0.292	1.747
5.005	2.505E-2	9.946E-3	2.695E-2	2.190E-2	-6.530E-2	6.888E-2	0.132	0.586	0.600
5.022	2.518E-2	9.042E-3	2.675E-2	-4.277E-3	-5.376E-2	5.393E-2	-1.333	0.532	1.435
5.038	2.491E-2	8.152E-3	2.621E-2	-2.305E-2	-4.957E-2	5.466E-2	7.920E-2	0.257	0.269
5.055	2.441E-2	7.388E-3	2.550E-2	-5.323E-3	-4.437E-2	4.469E-2	0.733	0.431	0.850
5.072	2.473E-2	6.671E-3	2.561E-2	1.058E-2	-3.628E-2	3.779E-2	0.582	5.493E-2	0.585
5.088	2.476E-2	6.177E-3	2.552E-2	7.410E-3	-3.943E-2	4.012E-2	-0.547	-0.148	0.567
5.105	2.498E-2	5.356E-3	2.554E-2	-2.710E-3	-4.552E-2	4.560E-2	-0.180	0.394	0.433
5.122	2.467E-2	4.659E-3	2.511E-2	-5.600E-3	-2.606E-2	2.666E-2	0.253	0.792	0.831
5.138	2.479E-2	4.486E-3	2.519E-2	1.099E-2	-1.455E-2	1.824E-2	2.884E-2	0.398	0.399
5.155	2.504E-2	4.173E-3	2.538E-2	-2.764E-3	-1.655E-2	1.678E-2	-0.444	-0.103	0.456
5.172	2.470E-2	3.934E-3	2.501E-2	-1.084E-2	-1.646E-2	1.971E-2	-0.120	0.324	0.345
5.189	2.468E-2	3.624E-3	2.494E-2	-1.437E-3	-8.160E-3	8.286E-3	0.388	0.285	0.482
5.205	2.465E-2	3.661E-3	2.492E-2	3.612E-4	-2.927E-3	2.950E-3	-1.874E-2	-9.876E-4	1.877E-2
5.222	2.469E-2	3.526E-3	2.494E-2	-9.534E-4	-1.078E-2	1.082E-2	-0.444	-7.144E-2	0.450
5.239	2.462E-2	3.302E-3	2.484E-2	-1.430E-2	-6.349E-3	1.565E-2	2.065E-2	0.218	0.219
5.255	2.421E-2	3.314E-3	2.444E-2	-5.338E-3	-8.589E-4	5.407E-3	0.750	0.369	0.836
5.272	2.444E-2	3.273E-3	2.466E-2	1.706E-2	3.621E-3	1.744E-2	0.398	4.130E-2	0.400
5.289	2.478E-2	3.435E-3	2.502E-2	8.012E-3	3.393E-3	8.701E-3	-0.319	7.618E-2	0.328
5.305	2.471E-2	3.386E-3	2.494E-2	1.506E-3	2.685E-3	3.078E-3	-0.366	0.217	0.425
5.322	2.483E-2	3.525E-3	2.508E-2	3.251E-4	1.252E-2	1.253E-2	2.077E-2	0.558	0.559
5.339	2.472E-2	3.804E-3	2.501E-2	-1.475E-3	2.110E-2	2.115E-2	0.120	0.147	0.190
5.355	2.478E-2	4.229E-3	2.514E-2	6.530E-3	1.898E-2	2.008E-2	6.091E-2	-4.091E-2	7.338E-2
5.372	2.493E-2	4.438E-3	2.533E-2	1.618E-3	1.667E-2	1.675E-2	-0.171	7.226E-2	0.185
5.389	2.484E-2	4.785E-3	2.529E-2	-2.225E-3	2.317E-2	2.328E-2	-0.226	0.285	0.364
5.405	2.486E-2	5.211E-3	2.540E-2	-3.132E-3	2.618E-2	2.637E-2	0.340	7.857E-2	0.349
5.422	2.473E-2	5.659E-3	2.537E-2	5.411E-3	2.580E-2	2.636E-2	0.198	8.684E-2	0.216
5.439	2.504E-2	6.072E-3	2.577E-2	9.222E-3	2.819E-2	2.966E-2	-5.937E-2	7.884E-2	9.869E-2
5.455	2.504E-2	6.599E-3	2.589E-2	-9.914E-4	2.982E-2	2.984E-2	-0.447	4.360E-2	0.449
5.472	2.501E-2	7.067E-3	2.599E-2	-4.265E-3	2.856E-2	2.888E-2	0.343	-6.319E-2	0.349
5.489	2.490E-2	7.552E-3	2.602E-2	7.835E-3	2.825E-2	2.932E-2	0.558	-0.138	0.575
5.506	2.527E-2	8.009E-3	2.651E-2	1.929E-2	2.410E-2	3.087E-2	-0.295	0.165	0.338
5.522	2.554E-2	8.357E-3	2.687E-2	-2.313E-3	3.142E-2	3.151E-2	-0.234	8.505E-3	0.234
5.539	2.519E-2	9.058E-3	2.677E-2	3.176E-3	2.965E-2	2.982E-2	0.181	-0.108	0.211
5.556	2.565E-2	9.346E-3	2.730E-2	1.500E-2	2.209E-2	2.670E-2	-5.993E-2	-0.120	0.134
5.572	2.569E-2	9.795E-3	2.750E-2	-4.680E-3	2.854E-2	2.892E-2	-0.998	0.776	1.264
5.589	2.549E-2	1.030E-2	2.749E-2	-1.788E-2	4.556E-2	4.894E-2	-0.337	0.211	0.398
5.606	2.510E-2	1.131E-2	2.753E-2	-1.739E-2	4.239E-2	4.582E-2	0.369	-0.146	0.397
5.622	2.491E-2	1.171E-2	2.753E-2	-3.991E-3	3.203E-2	3.228E-2	0.358	-0.427	0.557
5.639	2.496E-2	1.238E-2	2.787E-2	-3.347E-3	3.402E-2	3.418E-2	8.424E-2	0.133	0.157
5.656	2.480E-2	1.285E-2	2.793E-2	-4.795E-3	3.282E-2	3.316E-2	0.172	-0.437	0.470
5.672	2.480E-2	1.348E-2	2.823E-2	4.229E-3	2.375E-2	2.413E-2	8.182E-2	-0.355	0.365
5.689	2.494E-2	1.364E-2	2.843E-2	-4.345E-4	1.542E-2	1.542E-2	-1.899E-2	3.428E-2	3.919E-2
5.706	2.479E-2	1.399E-2	2.847E-2	-6.296E-4	2.761E-2	2.762E-2	-0.411	0.293	0.505
5.722	2.492E-2	1.456E-2	2.886E-2	-8.225E-3	2.722E-2	2.843E-2	-0.104	0.217	0.241
5.739	2.451E-2	1.490E-2	2.869E-2	-1.168E-2	3.052E-2	3.268E-2	0.202	-2.004E-2	0.203
5.756	2.453E-2	1.558E-2	2.906E-2	3.939E-3	3.172E-2	3.196E-2	0.519	-0.421	0.669
5.772	2.465E-2	1.596E-2	2.936E-2	5.013E-3	1.373E-2	1.462E-2	-1.153E-2	-0.782	0.782
5.789	2.470E-2	1.604E-2	2.945E-2	2.606E-3	4.395E-3	5.109E-3	-4.732E-2	-0.288	0.292
5.806	2.473E-2	1.611E-2	2.951E-2	3.424E-3	5.169E-3	6.200E-3	-2.447E-3	-9.083E-3	9.407E-3
5.822	2.481E-2	1.621E-2	2.964E-2	3.151E-3	4.681E-3	5.643E-3	-0.518	-0.201	0.556
5.839	2.484E-2	1.626E-2	2.969E-2	-1.245E-2	-1.506E-3	1.255E-2	-0.136	-0.139	0.194
5.856	2.439E-2	1.616E-2	2.926E-2	-7.862E-3	-1.677E-3	8.039E-3	0.348	-8.552E-2	0.358
5.873	2.458E-2	1.621E-2	2.944E-2	7.048E-3	-1.790E-3	7.272E-3	0.231	-0.245	0.337
5.889	2.463E-2	1.610E-2	2.943E-2	-3.013E-3	-1.110E-2	1.150E-2	-0.266	-0.529	0.592
5.906	2.447E-2	1.584E-2	2.915E-2	-3.858E-3	-1.961E-2	1.998E-2	-0.341	-1.154	1.204
5.923	2.450E-2	1.545E-2	2.896E-2	-1.025E-2	-4.667E-2	4.778E-2	-0.352	-1.522	1.562
5.939	2.413E-2	1.428E-2	2.804E-2	-2.005E-2	-7.571E-2	7.832E-2	0.332	-1.444	1.482
5.956	2.383E-2	1.292E-2	2.711E-2	4.616E-4	-9.169E-2	9.169E-2	1.820	-0.530	1.896
5.973	2.415E-2	1.122E-2	2.663E-2	4.233E-2	-9.632E-2	0.105	0.684	0.531	0.866
5.989	2.524E-2	9.706E-3	2.705E-2	3.211E-2	-7.338E-2	8.009E-2	-0.721	1.645	1.796
6.006	2.522E-2	8.771E-3	2.670E-2	4.494E-3	-3.963E-2	3.988E-2	-1.351	-1.274	1.857
6.023	2.539E-2	8.384E-3	2.674E-2	-4.338E-3	-0.102	0.102	-0.518	-1.431	1.522
6.039	2.507E-2	5.356E-3	2.564E-2	-1.804E-2	-0.121	0.122	-0.683	0.241	0.724
6.056	2.479E-2	4.347E-3	2.517E-2	-2.371E-2	-6.505E-2	6.924E-2	1.331	0.983	1.654
6.073	2.428E-2	3.185E-3	2.449E-2	1.741E-2	-9.457E-2	9.616E-2	2.498	-0.129	2.502
6.089	2.537E-2	1.192E-3	2.540E-2	7.319E-2	-8.128E-2	0.109	1.631	1.857	2.471
6.106	2.673E-2	4.734E-4	2.673E-2	6.896E-2	-2.126E-2	7.216E-2	-1.135	3.240	3.433
6.123	2.767E-2	4.826E-4	2.768E-2	3.399E-2	2.422E-2	4.174E-2	-1.404	2.101	2.527
6.139	2.786E-2	1.282E-3	2.789E-2	1.653E-2	5.193E-2	5.450E-2	-0.667	1.025	1.223
6.156	2.823E-2	2.215E-3	2.831E-2	1.722E-2	5.615E-2	5.873E-2	-0.287	1.971E-2	0.288
6.173	2.843E-2	3.155E-3	2.861E-2	5.794E-3	5.260E-2	5.292E-2	-1.061	0.461	1.157
6.190	2.842E-2	3.970E-3	2.870E-2	-1.712E-2	6.774E-2	6.987E-2	-0.760	-2.052E-2	0.760
6.206	2.786E-2	5.415E-3	2.838E-2	-2.448E-2	6.144E-2	6.614E-2	0.188	-0.488	0.523
6.223	2.760E-2	6.021E-3	2.825E-2	-7.223E-3	4.090E-2	4.153E-2	-0.198	-0.532	0.568
6.240	2.762E-2	6.780E-3	2.844E-2	-2.607E-2	4.821E-2	5.481E-2	-0.166	-0.121	0.205
6.256	2.673E-2	7.629E-3	2.780E-2	-2.571E-2	3.872E-2	4.647E-2	0.389	-0.595	0.711
6.273	2.676E-2	8.072E-3	2.796E-2	-8.936E-4	2.475E-2	2.477E-2	1.186	-0.377	1.244
6.290	2.670E-2	8.455E-3	2.801E-2	7.514E-3	2.682E-2	2.785E-2	-0.247	7.696E-2	0.259
6.306	2.702E-2	8.967E-3	2.846E-2	-2.490E-3	2.892E-2	2.903E-2	-0.537	0.478	0.719
6.323	2.662E-2	9.420E-3	2.824E-2	-1.878E-2	3.991E-2	4.411E-2	0.337	0.169	0.377
6.340	2.639E-2	1.030E-2	2.833E-2	9.828E-3	4.021E-2	4.140E-2	0.393	0.149	0.420
6.356	2.695E-2	1.076E-2	2.902E-2	4.531E-3	3.805E-2	3.832E-2	-0.770	0.350	0.846
6.373	2.654E-2	1.157E-2	2.895E-2	-2.715E-2	5.556E-2	6.184E-2	-0.883	-0.179	0.901
6.390	2.604E-2	1.262E-2	2.894E-2	-2.260E-2	3.644E-2	4.288E-2	0.166	-1.069	1.081
6.406	2.579E-2	1.278E-2	2.878E-2	-1.868E-2	1.117E-2	2.177E-2	0.364	-0.556	0.664
6.423	2.542E-2	1.299E-2	2.854E-2	-1.365E-2	2.076E-2	2.485E-2	4.504E-2	0.808	0.810
6.440	2.533E-2	1.348E-2	2.869E-2	-1.318E-2	3.902E-2	4.118E-2	-1.110	0.606	1.264
6.456	2.498E-2	1.429E-2	2.878E-2	-5.000E-2	4.334E-2	6.617E-2	0.587	-0.157	0.607
6.473	2.366E-2	1.492E-2	2.797E-2	-1.050E-2	3.171E-2	3.341E-2	1.517	-0.565	1.619
6.490	2.463E-2	1.535E-2	2.902E-2	2.851E-2	2.375E-2	3.711E-2	1.108	-0.236	1.133
6.507	2.461E-2	1.572E-2	2.920E-2	7.149E-3	2.394E-2	2.498E-2	-0.954	-0.335	1.011
6.523	2.487E-2	1.615E-2	2.965E-2	4.663E-3	1.496E-2	1.567E-2	-0.475	-0.476	0.673
6.540	2.477E-2	1.621E-2	2.960E-2	-1.200E-2	4.559E-3	1.283E-2	-0.209	-0.537	0.576
6.557	2.447E-2	1.630E-2	2.940E-2	-4.498E-3	-4.559E-4	4.521E-3	0.341	-3.903E-2	0.344
6.573	2.462E-2	1.620E-2	2.947E-2	4.787E-3	6.454E-4	4.831E-3	0.188	7.239E-2	0.202
6.590	2.463E-2	1.632E-2	2.954E-2	-1.169E-3	4.982E-3	5.117E-3	-0.296	-4.160E-2	0.299
6.607	2.458E-2	1.637E-2	2.953E-2	-4.672E-3	-1.725E-3	4.981E-3	-7.952E-2	-0.308	0.318
6.623	2.447E-2	1.626E-2	2.938E-2	-4.438E-3	-6.208E-3	7.631E-3	0.162	-6.100E-2	0.173
6.640	2.443E-2	1.616E-2	2.929E-2	1.112E-3	-3.550E-3	3.720E-3	4.652E-2	9.127E-2	0.102
6.657	2.451E-2	1.614E-2	2.935E-2	-1.369E-3	-2.171E-3	2.566E-3	-1.665	1.803E-2	1.665
6.673	2.439E-2	1.609E-2	2.921E-2	-5.045E-2	-3.707E-3	5.059E-2	-0.947	6.094E-2	0.949
6.690	2.282E-2	1.602E-2	2.789E-2	-5.061E-2	-4.767E-4	5.061E-2	0.412	-1.129E-2	0.413
6.707	2.270E-2	1.607E-2	2.781E-2	-1.690E-2	-2.336E-3	1.706E-2	1.111	-0.240	1.136
6.723	2.226E-2	1.594E-2	2.738E-2	-2.284E-2	-1.010E-2	2.498E-2	-8.948E-2	-0.639	0.646
6.740	2.194E-2	1.573E-2	2.699E-2	-1.783E-2	-2.226E-2	2.852E-2	0.154	-0.466	0.491
6.757	2.167E-2	1.520E-2	2.647E-2	-1.753E-2	-2.853E-2	3.348E-2	-0.125	-7.552E-2	0.146
6.773	2.135E-2	1.478E-2	2.597E-2	-2.216E-2	-2.277E-2	3.177E-2	-1.126	0.529	1.244
6.790	2.093E-2	1.444E-2	2.542E-2	-5.206E-2	-1.190E-2	5.340E-2	-8.645E-2	0.662	0.667
6.807	1.961E-2	1.438E-2	2.432E-2	-3.799E-2	7.950E-4	3.800E-2	0.652	0.325	0.728
6.823	1.966E-2	1.447E-2	2.441E-2	-1.269E-2	-3.041E-4	1.269E-2	0.917	-0.237	0.947
6.840	1.919E-2	1.437E-2	2.398E-2	-1.891E-2	-8.787E-3	2.085E-2	-0.221	-0.247	0.332
6.857	1.903E-2	1.417E-2	2.373E-2	-1.457E-2	-9.114E-3	1.719E-2	-0.323	-4.108E-2	0.326
6.874	1.870E-2	1.407E-2	2.340E-2	-3.076E-2	-8.561E-3	3.193E-2	-0.136	0.287	0.317
6.890	1.800E-2	1.389E-2	2.274E-2	-2.422E-2	-1.893E-3	2.430E-2	0.841	0.266	0.883
6.907	1.790E-2	1.401E-2	2.273E-2	2.760E-3	3.694E-3	4.611E-3	0.247	-1.227	1.251
6.924	1.809E-2	1.401E-2	2.288E-2	-1.248E-2	-3.940E-2	4.133E-2	-2.221	-1.486	2.673
6.940	1.748E-2	1.269E-2	2.160E-2	-7.425E-2	-5.956E-2	9.518E-2	-0.771	0.276	0.819
6.957	1.562E-2	1.202E-2	1.971E-2	-5.372E-2	-2.157E-2	5.789E-2	1.230	1.964	2.318
6.974	1.569E-2	1.197E-2	1.973E-2	-9.341E-3	7.008E-3	1.168E-2	2.182	0.781	2.317
6.990	1.530E-2	1.226E-2	1.961E-2	3.175E-3	6.301E-3	7.056E-3	-0.635	6.189E-2	0.638
7.007	1.579E-2	1.218E-2	1.995E-2	-1.483E-2	3.388E-3	1.521E-2	-0.528	-0.150	0.549
7.024	1.481E-2	1.237E-2	1.930E-2	-3.431E-2	5.881E-3	3.481E-2	-0.201	1.970E-2	0.202
7.040	1.465E-2	1.238E-2	1.918E-2	-8.370E-3	1.239E-3	8.462E-3	0.626	-0.339	0.712
7.057	1.453E-2	1.241E-2	1.911E-2	-1.537E-2	-3.624E-3	1.579E-2	-0.461	0.104	0.472
7.074	1.414E-2	1.226E-2	1.871E-2	-2.597E-2	1.436E-3	2.601E-2	-5.883E-2	-5.752E-3	5.911E-2
7.090	1.366E-2	1.246E-2	1.849E-2	-1.824E-2	1.573E-3	1.831E-2	0.316	0.135	0.344
7.107	1.353E-2	1.231E-2	1.829E-2	-1.173E-2	8.152E-5	1.173E-2	0.493	-0.149	0.515
7.124	1.327E-2	1.246E-2	1.821E-2	-5.604E-3	1.784E-3	5.881E-3	0.138	-3.902E-2	0.144
7.140	1.334E-2	1.237E-2	1.819E-2	-2.865E-3	-4.757E-3	5.553E-3	-0.547	-0.226	0.592
7.157	1.318E-2	1.230E-2	1.803E-2	-2.504E-2	-4.394E-3	2.542E-2	-0.195	0.258	0.323
7.174	1.250E-2	1.222E-2	1.749E-2	-1.619E-2	2.525E-3	1.638E-2	0.640	1.764E-2	0.640
7.191	1.264E-2	1.239E-2	1.770E-2	5.695E-3	-1.717E-4	5.698E-3	0.614	-1.453E-2	0.614
7.207	1.269E-2	1.222E-2	1.762E-2	6.109E-4	-2.955E-3	3.017E-3	-0.116	9.913E-2	0.152
7.224	1.266E-2	1.229E-2	1.764E-2	8.867E-4	6.387E-3	6.448E-3	-1.085	0.249	1.113
7.241	1.272E-2	1.243E-2	1.779E-2	-2.949E-2	5.308E-3	2.996E-2	-0.702	-8.407E-2	0.707
7.257	1.167E-2	1.247E-2	1.708E-2	-3.636E-2	2.387E-3	3.644E-2	0.374	-0.215	0.432
7.274	1.151E-2	1.251E-2	1.700E-2	-5.242E-3	-8.978E-4	5.319E-3	1.294	0.281	1.324
7.291	1.150E-2	1.244E-2	1.694E-2	3.653E-3	8.871E-3	9.594E-3	0.344	8.256E-2	0.354
7.307	1.163E-2	1.281E-2	1.730E-2	7.012E-3	8.124E-3	1.073E-2	-0.269	-0.261	0.375
7.324	1.173E-2	1.271E-2	1.730E-2	-4.711E-3	-5.744E-3	7.429E-3	-0.297	-0.394	0.493
7.341	1.148E-2	1.261E-2	1.705E-2	-6.993E-3	-3.317E-3	7.740E-3	9.846E-2	0.115	0.152
7.357	1.150E-2	1.260E-2	1.706E-2	2.360E-3	-1.214E-3	2.654E-3	0.542	0.188	0.574
7.374	1.155E-2	1.257E-2	1.708E-2	9.302E-3	2.073E-3	9.530E-3	-0.216	5.237E-2	0.223
7.391	1.181E-2	1.267E-2	1.732E-2	-9.682E-4	2.069E-3	2.284E-3	-0.251	-0.278	0.374
7.407	1.152E-2	1.264E-2	1.711E-2	-6.144E-3	-7.787E-3	9.919E-3	-2.568E-2	-3.579E-2	4.405E-2
7.424	1.160E-2	1.241E-2	1.699E-2	3.821E-3	-2.147E-3	4.383E-3	0.112	0.151	0.188
7.441	1.165E-2	1.257E-2	1.714E-2	-3.441E-3	2.609E-3	4.318E-3	-3.242E-2	0.181	0.184
7.457	1.149E-2	1.249E-2	1.697E-2	-2.003E-4	-4.866E-4	5.263E-4	8.434E-2	8.391E-2	0.119
7.474	1.164E-2	1.255E-2	1.712E-2	3.716E-3	7.124E-3	8.035E-3	-0.698	1.893	2.018
7.491	1.161E-2	1.273E-2	1.723E-2	-2.332E-2	5.652E-2	6.114E-2	-0.416	0.722	0.833
7.508	1.086E-2	1.444E-2	1.807E-2	-1.920E-2	5.116E-2	5.464E-2	0.460	-0.916	1.025
7.524	1.097E-2	1.444E-2	1.813E-2	2.941E-3	4.134E-3	5.073E-3	0.497	-1.717	1.787
7.541	1.096E-2	1.458E-2	1.824E-2	-6.455E-3	3.166E-3	7.189E-3	-0.157	-0.490	0.514
7.558	1.076E-2	1.454E-2	1.809E-2	-4.571E-3	-1.278E-2	1.357E-2	0.295	-0.381	0.482
7.574	1.081E-2	1.415E-2	1.781E-2	6.019E-3	-1.331E-2	1.461E-2	0.126	5.931E-2	0.139
7.591	1.096E-2	1.410E-2	1.786E-2	5.353E-4	-5.957E-3	5.981E-3	-0.166	0.502	0.529
7.608	1.083E-2	1.395E-2	1.766E-2	-3.006E-3	-6.841E-5	3.007E-3	-0.184	0.570	0.599
7.624	1.086E-2	1.410E-2	1.779E-2	-2.435E-3	1.505E-2	1.524E-2	0.139	0.172	0.221
7.641	1.075E-2	1.446E-2	1.801E-2	-1.058E-3	8.150E-3	8.218E-3	7.448E-2	-0.405	0.411
7.658	1.082E-2	1.437E-2	1.799E-2	2.542E-3	-3.415E-3	4.257E-3	4.123E-2	-0.614	0.615
7.674	1.083E-2	1.434E-2	1.797E-2	-8.566E-4	-8.896E-3	8.937E-3	-0.124	-1.035E-2	0.125
7.691	1.079E-2	1.407E-2	1.774E-2	-1.778E-3	-7.324E-3	7.536E-3	0.126	0.329	0.352
7.708	1.077E-2	1.410E-2	1.774E-2	3.061E-3	5.101E-3	5.949E-3	-1.743E-2	0.392	0.392
7.724	1.090E-2	1.424E-2	1.793E-2	-1.033E-4	5.927E-3	5.928E-3	-0.165	-0.448	0.478
7.741	1.077E-2	1.430E-2	1.790E-2	-5.528E-3	-9.397E-3	1.090E-2	-0.400	-0.478	0.623
7.758	1.071E-2	1.393E-2	1.757E-2	-1.072E-2	-1.429E-2	1.786E-2	-0.349	-0.250	0.429
7.774	1.041E-2	1.382E-2	1.730E-2	-1.935E-2	-1.289E-2	2.325E-2	0.156	-0.106	0.189
7.791	1.007E-2	1.350E-2	1.684E-2	-6.832E-3	-2.049E-2	2.160E-2	0.207	-0.134	0.246
7.808	1.018E-2	1.313E-2	1.662E-2	-6.390E-3	-1.748E-2	1.861E-2	0.296	-0.229	0.374
7.824	9.852E-3	1.292E-2	1.624E-2	-4.894E-3	-2.499E-2	2.546E-2			
7.841	1.002E-2	1.230E-2	1.587E-2						
