	mass B									
t	x	y	r	vx	vy	v	ax	ay	a	
0.000	2.778E-4	6.242E-4	6.832E-4						
0.017	7.642E-4	7.049E-4	1.040E-3	3.739E-2	6.026E-3	3.787E-2			
0.033	1.525E-3	8.252E-4	1.734E-3	2.061E-2	2.808E-3	2.080E-2	-0.442	-0.192	0.482
0.050	1.452E-3	7.985E-4	1.657E-3	1.199E-2	-1.781E-3	1.212E-2	0.281	-3.724E-2	0.283
0.067	1.925E-3	7.658E-4	2.072E-3	3.699E-2	1.630E-3	3.703E-2	0.585	-9.331E-2	0.593
0.083	2.686E-3	8.529E-4	2.818E-3	3.339E-2	-2.710E-3	3.350E-2	-0.392	-0.204	0.442
0.100	3.039E-3	6.754E-4	3.113E-3	1.945E-2	-8.299E-3	2.114E-2	-0.283	-0.126	0.310
0.117	3.335E-3	5.760E-4	3.385E-3	2.427E-2	-5.219E-3	2.483E-2	0.264	3.316E-2	0.266
0.133	3.849E-3	5.013E-4	3.882E-3	3.043E-2	-6.962E-3	3.121E-2	-3.721E-2	4.085E-2	5.526E-2
0.150	4.350E-3	3.437E-4	4.364E-3	2.299E-2	-5.267E-3	2.359E-2	-2.729E-2	0.218	0.220
0.167	4.616E-3	3.255E-4	4.628E-3	2.611E-2	1.487E-3	2.615E-2	0.111	0.216	0.243
0.184	5.221E-3	3.934E-4	5.236E-3	3.131E-2	2.328E-3	3.140E-2	-0.129	9.585E-2	0.161
0.200	5.661E-3	4.032E-4	5.676E-3	1.986E-2	3.418E-3	2.015E-2	-3.970E-2	0.180	0.185
0.217	5.884E-3	5.074E-4	5.906E-3	2.690E-2	9.009E-3	2.837E-2	0.231	0.102	0.253
0.234	6.559E-3	7.038E-4	6.597E-3	3.339E-2	7.767E-3	3.428E-2	0.188	2.858E-2	0.190
0.250	6.998E-3	7.665E-4	7.040E-3	2.885E-2	7.840E-3	2.990E-2	-0.157	2.013E-2	0.158
0.267	7.522E-3	9.654E-4	7.583E-3	3.007E-2	1.039E-2	3.182E-2	-0.326	0.156	0.361
0.284	8.002E-3	1.113E-3	8.079E-3	1.869E-2	1.162E-2	2.201E-2	-0.102	-2.339E-2	0.105
0.300	8.145E-3	1.353E-3	8.257E-3	2.204E-2	1.109E-2	2.467E-2	0.142	-0.139	0.198
0.317	8.737E-3	1.483E-3	8.862E-3	2.954E-2	5.919E-3	3.013E-2	0.285	-0.182	0.338
0.334	9.131E-3	1.551E-3	9.262E-3	2.740E-2	4.834E-3	2.782E-2	-3.481E-2	-8.549E-2	9.230E-2
0.350	9.652E-3	1.645E-3	9.791E-3	3.042E-2	3.820E-3	3.066E-2	6.279E-2	-0.134	0.148
0.367	1.015E-2	1.678E-3	1.028E-2	2.885E-2	3.007E-5	2.885E-2	-0.256	-8.563E-2	0.270
0.384	1.061E-2	1.646E-3	1.074E-2	2.255E-2	3.296E-4	2.255E-2	-0.221	-0.141	0.262
0.400	1.090E-2	1.689E-3	1.103E-2	1.964E-2	-2.957E-3	1.987E-2	6.358E-2	-8.829E-2	0.109
0.417	1.127E-2	1.547E-3	1.138E-2	2.570E-2	-5.032E-3	2.619E-2	0.542	-0.187	0.573
0.434	1.176E-2	1.521E-3	1.185E-2	3.720E-2	-6.665E-3	3.779E-2	-0.135	-1.318E-2	0.136
0.450	1.251E-2	1.325E-3	1.258E-2	2.577E-2	-7.979E-3	2.697E-2	-0.382	3.342E-2	0.384
0.467	1.262E-2	1.255E-3	1.268E-2	1.630E-2	-3.784E-3	1.674E-2	-5.961E-2	0.198	0.207
0.484	1.305E-2	1.198E-3	1.311E-2	2.903E-2	-2.010E-3	2.910E-2	0.534	0.126	0.548
0.501	1.358E-2	1.188E-3	1.364E-2	3.324E-2	5.905E-4	3.325E-2	8.436E-2	0.148	0.170
0.517	1.416E-2	1.218E-3	1.422E-2	3.224E-2	2.909E-3	3.237E-2	-0.235	0.142	0.275
0.534	1.466E-2	1.285E-3	1.472E-2	2.513E-2	5.290E-3	2.568E-2	-0.309	7.434E-2	0.318
0.551	1.500E-2	1.395E-3	1.507E-2	2.092E-2	5.717E-3	2.168E-2	-7.313E-3	-0.188	0.189
0.567	1.536E-2	1.476E-3	1.543E-2	2.511E-2	-6.355E-4	2.512E-2	0.277	-0.226	0.358
0.584	1.584E-2	1.373E-3	1.590E-2	3.091E-2	-3.641E-3	3.112E-2	-9.889E-2	-5.609E-2	0.114
0.601	1.639E-2	1.354E-3	1.645E-2	2.322E-2	-1.023E-3	2.324E-2	-7.269E-2	7.657E-2	0.106
0.617	1.662E-2	1.339E-3	1.667E-2	2.395E-2	-1.346E-3	2.399E-2	1.057E-2	-3.142E-2	3.315E-2
0.634	1.719E-2	1.309E-3	1.724E-2	2.873E-2	-2.161E-3	2.881E-2	0.391	4.663E-2	0.394
0.651	1.757E-2	1.267E-3	1.762E-2	3.255E-2	-1.717E-4	3.255E-2	-8.395E-2	-1.909E-2	8.609E-2
0.667	1.827E-2	1.304E-3	1.832E-2	3.100E-2	-1.537E-3	3.104E-2	0.210	-0.180	0.277
0.684	1.861E-2	1.216E-3	1.865E-2	3.318E-2	-7.300E-3	3.397E-2	-8.483E-2	-0.308	0.319
0.701	1.938E-2	1.060E-3	1.941E-2	3.511E-2	-1.154E-2	3.696E-2	-0.336	-0.101	0.351
0.717	1.978E-2	8.308E-4	1.980E-2	1.775E-2	-1.134E-2	2.106E-2	-0.728	1.175E-2	0.728
0.734	1.997E-2	6.818E-4	1.999E-2	1.081E-2	-9.994E-3	1.472E-2	0.152	-2.397E-3	0.152
0.751	2.014E-2	4.973E-4	2.015E-2	2.178E-2	-1.194E-2	2.483E-2	0.755	0.130	0.766
0.767	2.070E-2	2.834E-4	2.070E-2	3.874E-2	-6.650E-3	3.930E-2	0.373	0.160	0.406
0.784	2.143E-2	2.754E-4	2.143E-2	3.526E-2	-4.171E-3	3.551E-2	-0.374	-0.187	0.418
0.801	2.188E-2	1.442E-4	2.188E-2	2.349E-2	-1.395E-2	2.732E-2	-0.496	-0.395	0.634
0.817	2.222E-2	-1.901E-4	2.222E-2	1.921E-2	-1.874E-2	2.684E-2	0.109	4.930E-2	0.120
0.834	2.252E-2	-4.812E-4	2.252E-2	2.609E-2	-1.186E-2	2.866E-2	0.471	0.247	0.532
0.851	2.309E-2	-5.860E-4	2.309E-2	3.698E-2	-8.744E-3	3.800E-2	7.773E-2	-3.817E-2	8.659E-2
0.868	2.375E-2	-7.729E-4	2.376E-2	2.979E-2	-1.421E-2	3.300E-2	-0.211	-0.190	0.284
0.884	2.408E-2	-1.060E-3	2.410E-2	2.579E-2	-1.578E-2	3.024E-2	-0.214	3.993E-2	0.218
0.901	2.461E-2	-1.300E-3	2.465E-2	2.656E-2	-1.233E-2	2.928E-2	0.180	0.200	0.269
0.918	2.497E-2	-1.471E-3	2.501E-2	2.842E-2	-8.927E-3	2.979E-2	0.203	-7.712E-2	0.217
0.934	2.556E-2	-1.597E-3	2.561E-2	3.606E-2	-1.389E-2	3.864E-2	7.444E-2	-0.334	0.342
0.951	2.617E-2	-1.935E-3	2.624E-2	3.084E-2	-2.185E-2	3.780E-2	-0.247	-0.364	0.440
0.968	2.659E-2	-2.326E-3	2.669E-2	2.599E-2	-2.533E-2	3.629E-2	-0.167	-0.243	0.295
0.984	2.704E-2	-2.780E-3	2.718E-2	2.639E-2	-2.986E-2	3.986E-2	0.444	-6.135E-2	0.448
1.001	2.747E-2	-3.323E-3	2.767E-2	3.873E-2	-2.846E-2	4.806E-2	0.400	8.956E-2	0.410
1.018	2.833E-2	-3.730E-3	2.857E-2	4.449E-2	-2.521E-2	5.113E-2	1.169E-2	0.209	0.210
1.034	2.895E-2	-4.164E-3	2.925E-2	3.555E-2	-2.276E-2	4.221E-2	-0.331	0.156	0.366
1.051	2.952E-2	-4.489E-3	2.986E-2	3.386E-2	-1.901E-2	3.883E-2	-0.171	0.349	0.389
1.068	3.008E-2	-4.798E-3	3.046E-2	3.065E-2	-1.232E-2	3.303E-2	0.118	0.377	0.395
1.084	3.054E-2	-4.900E-3	3.093E-2	3.560E-2	-4.892E-3	3.593E-2	3.410E-2	0.440	0.441
1.101	3.127E-2	-4.962E-3	3.166E-2	3.583E-2	1.130E-3	3.585E-2	-3.513E-2	0.150	0.154
1.118	3.173E-2	-4.863E-3	3.210E-2	3.050E-2	1.877E-3	3.056E-2	0.236	0.222	0.325
1.134	3.229E-2	-4.899E-3	3.266E-2	4.414E-2	5.593E-3	4.450E-2	0.148	1.878E-2	0.149
1.151	3.321E-2	-4.676E-3	3.353E-2	4.023E-2	6.312E-3	4.072E-2	-0.272	4.104E-3	0.272
1.168	3.363E-2	-4.688E-3	3.396E-2	2.882E-2	2.186E-3	2.890E-2	-0.153	-0.436	0.462
1.185	3.417E-2	-4.603E-3	3.448E-2	3.744E-2	-4.951E-3	3.777E-2	0.358	-0.293	0.463
1.201	3.488E-2	-4.853E-3	3.522E-2	4.190E-2	-1.141E-2	4.343E-2	-5.283E-2	-1.964E-2	5.636E-2
1.218	3.557E-2	-4.984E-3	3.591E-2	3.549E-2	-3.724E-3	3.568E-2	3.581E-2	0.183	0.186
1.235	3.607E-2	-4.978E-3	3.641E-2	4.015E-2	-4.028E-3	4.035E-2	3.582E-3	-7.467E-2	7.475E-2
1.251	3.691E-2	-5.118E-3	3.726E-2	4.072E-2	-8.100E-3	4.152E-2	3.124E-2	-0.180	0.183
1.268	3.742E-2	-5.248E-3	3.779E-2	3.622E-2	-9.128E-3	3.735E-2	-0.148	-0.283	0.320
1.285	3.812E-2	-5.423E-3	3.850E-2	3.898E-2	-1.705E-2	4.255E-2	0.237	-0.181	0.298
1.301	3.873E-2	-5.817E-3	3.916E-2	4.191E-2	-1.771E-2	4.550E-2	-0.260	0.125	0.288
1.318	3.951E-2	-6.014E-3	3.997E-2	3.408E-2	-1.044E-2	3.565E-2	8.936E-2	0.107	0.139
1.335	3.986E-2	-6.165E-3	4.034E-2	3.793E-2	-1.392E-2	4.040E-2	5.425E-2	-0.148	0.158
1.351	4.078E-2	-6.478E-3	4.129E-2	4.419E-2	-1.719E-2	4.741E-2	8.601E-2	-0.354	0.364
1.368	4.134E-2	-6.739E-3	4.188E-2	3.505E-2	-2.347E-2	4.218E-2	-0.131	-0.175	0.218
1.385	4.195E-2	-7.261E-3	4.257E-2	4.118E-2	-2.621E-2	4.881E-2	0.214	-0.124	0.247
1.401	4.271E-2	-7.613E-3	4.338E-2	4.353E-2	-2.455E-2	4.997E-2	-1.088E-2	0.291	0.291
1.418	4.340E-2	-8.080E-3	4.415E-2	3.979E-2	-1.942E-2	4.428E-2	-0.175	9.140E-2	0.197
1.435	4.404E-2	-8.261E-3	4.481E-2	3.763E-2	-1.760E-2	4.154E-2	-0.229	0.175	0.288
1.451	4.466E-2	-8.667E-3	4.549E-2	3.282E-2	-1.769E-2	3.729E-2	-0.174	-4.470E-2	0.179
1.468	4.513E-2	-8.852E-3	4.599E-2	3.044E-2	-1.558E-2	3.420E-2	-1.275E-3	-0.275	0.275
1.485	4.567E-2	-9.187E-3	4.659E-2	3.371E-2	-2.798E-2	4.381E-2	0.194	-6.767E-2	0.206
1.502	4.626E-2	-9.785E-3	4.728E-2	3.682E-2	-2.149E-2	4.263E-2	0.253	0.103	0.273
1.518	4.690E-2	-9.904E-3	4.794E-2	4.195E-2	-1.781E-2	4.557E-2	7.231E-2	-5.622E-2	9.159E-2
1.535	4.766E-2	-1.038E-2	4.878E-2	4.065E-2	-2.846E-2	4.962E-2	-0.127	-0.221	0.255
1.552	4.826E-2	-1.085E-2	4.946E-2	3.587E-2	-2.424E-2	4.330E-2	-0.264	-3.445E-2	0.266
1.568	4.885E-2	-1.119E-2	5.012E-2	3.294E-2	-2.737E-2	4.282E-2	-9.480E-2	-0.140	0.169
1.585	4.936E-2	-1.177E-2	5.074E-2	3.166E-2	-3.200E-2	4.501E-2	5.884E-2	1.635E-3	5.886E-2
1.602	4.991E-2	-1.226E-2	5.139E-2	3.546E-2	-2.597E-2	4.395E-2	0.228	0.165	0.281
1.618	5.054E-2	-1.263E-2	5.209E-2	3.941E-2	-2.552E-2	4.695E-2	7.462E-2	-0.127	0.147
1.635	5.123E-2	-1.311E-2	5.288E-2	3.852E-2	-3.112E-2	4.952E-2	-5.702E-2	-2.657E-2	6.291E-2
1.652	5.182E-2	-1.367E-2	5.360E-2	3.642E-2	-2.765E-2	4.573E-2	-0.149	7.788E-2	0.168
1.668	5.244E-2	-1.403E-2	5.429E-2	3.446E-2	-2.575E-2	4.302E-2	0.145	6.582E-2	0.160
1.685	5.297E-2	-1.453E-2	5.493E-2	3.940E-2	-2.788E-2	4.827E-2	3.334E-2	0.189	0.192
1.702	5.376E-2	-1.496E-2	5.580E-2	3.916E-2	-1.914E-2	4.359E-2	-0.222	0.634	0.672
1.718	5.428E-2	-1.517E-2	5.636E-2	2.908E-2	-6.080E-3	2.971E-2	-0.344	0.870	0.936
1.735	5.473E-2	-1.516E-2	5.679E-2	2.792E-2	9.509E-3	2.949E-2	6.286E-2	0.912	0.914
1.752	5.521E-2	-1.485E-2	5.718E-2	3.152E-2	2.510E-2	4.029E-2	1.756E-2	0.543	0.543
1.768	5.578E-2	-1.433E-2	5.759E-2	2.963E-2	2.861E-2	4.119E-2	-0.180	4.891E-2	0.187
1.785	5.620E-2	-1.390E-2	5.789E-2	2.411E-2	2.504E-2	3.476E-2	0.112	0.332	0.350
1.802	5.658E-2	-1.349E-2	5.817E-2	3.227E-2	3.800E-2	4.985E-2	0.366	0.259	0.448
1.818	5.728E-2	-1.263E-2	5.865E-2	3.950E-2	3.937E-2	5.577E-2	-0.170	-0.567	0.592
1.835	5.790E-2	-1.218E-2	5.917E-2	2.623E-2	1.534E-2	3.038E-2	-0.226	-1.197	1.218
1.852	5.815E-2	-1.212E-2	5.940E-2	2.734E-2	-1.496E-3	2.738E-2	0.135	-1.431	1.437
1.869	5.881E-2	-1.223E-2	6.007E-2	3.627E-2	-2.892E-2	4.639E-2	0.211	-1.042	1.063
1.885	5.936E-2	-1.308E-2	6.079E-2	3.186E-2	-4.313E-2	5.362E-2	-0.307	0.229	0.383
1.902	5.988E-2	-1.367E-2	6.142E-2	2.674E-2	-1.813E-2	3.230E-2	-0.259	1.415	1.439
1.919	6.026E-2	-1.369E-2	6.179E-2	2.230E-2	6.573E-3	2.325E-2	2.185E-2	1.538	1.538
1.935	6.062E-2	-1.345E-2	6.209E-2	2.715E-2	3.074E-2	4.101E-2	0.277	0.780	0.828
1.952	6.116E-2	-1.266E-2	6.246E-2	3.303E-2	3.748E-2	4.996E-2	-0.203	0.470	0.512
1.969	6.172E-2	-1.220E-2	6.292E-2	2.153E-2	3.970E-2	4.516E-2	-7.952E-2	0.230	0.243
1.985	6.188E-2	-1.134E-2	6.291E-2	2.466E-2	5.005E-2	5.580E-2	-0.112	9.803E-2	0.149
2.002	6.255E-2	-1.053E-2	6.342E-2	2.586E-2	4.187E-2	4.922E-2	0.368	5.880E-2	0.373
2.019	6.274E-2	-9.941E-3	6.353E-2	2.841E-2	4.837E-2	5.609E-2	-0.199	0.291	0.352
2.035	6.349E-2	-8.912E-3	6.412E-2	2.836E-2	5.701E-2	6.367E-2	0.194	0.167	0.256
2.052	6.369E-2	-8.038E-3	6.419E-2	2.575E-2	5.091E-2	5.705E-2	-0.238	-0.499	0.553
2.069	6.435E-2	-7.213E-3	6.476E-2	2.840E-2	4.171E-2	5.046E-2	0.234	-0.385	0.451
2.085	6.464E-2	-6.647E-3	6.498E-2	2.691E-2	3.578E-2	4.478E-2	-0.265	-0.116	0.289
2.102	6.525E-2	-6.019E-3	6.553E-2	2.561E-2	3.925E-2	4.687E-2	-0.216	-1.929E-2	0.216
2.119	6.549E-2	-5.337E-3	6.571E-2	1.503E-2	3.604E-2	3.904E-2	-0.217	-0.172	0.277
2.135	6.575E-2	-4.817E-3	6.593E-2	1.958E-2	3.181E-2	3.735E-2	0.236	-0.379	0.447
2.152	6.614E-2	-4.276E-3	6.628E-2	2.389E-2	2.527E-2	3.477E-2	0.194	-0.122	0.229
2.169	6.655E-2	-3.973E-3	6.667E-2	2.542E-2	2.467E-2	3.543E-2	-0.122	8.316E-4	0.122
2.186	6.699E-2	-3.452E-3	6.708E-2	2.091E-2	2.858E-2	3.541E-2	0.113	-0.249	0.274
2.202	6.725E-2	-3.020E-3	6.731E-2	2.588E-2	1.606E-2	3.046E-2	6.356E-2	-0.387	0.392
2.219	6.786E-2	-2.916E-3	6.792E-2	2.809E-2	1.234E-2	3.069E-2	-7.273E-2	-8.695E-2	0.113
2.236	6.818E-2	-2.608E-3	6.823E-2	1.954E-2	1.659E-2	2.563E-2	-8.608E-5	0.183	0.183
2.252	6.851E-2	-2.363E-3	6.855E-2	2.803E-2	1.675E-2	3.265E-2	-0.205	-0.252	0.325
2.269	6.912E-2	-2.049E-3	6.915E-2	1.786E-2	1.026E-2	2.060E-2	-0.201	-0.280	0.344
2.286	6.910E-2	-2.020E-3	6.913E-2	1.277E-2	4.318E-3	1.348E-2	9.428E-2	-0.329	0.342
2.302	6.955E-2	-1.905E-3	6.957E-2	2.746E-2	1.966E-3	2.753E-2	0.245	-9.687E-2	0.264
2.319	7.002E-2	-1.955E-3	7.005E-2	2.043E-2	-9.866E-4	2.045E-2	-0.216	-0.114	0.244
2.336	7.023E-2	-1.938E-3	7.025E-2	1.715E-2	-3.671E-4	1.716E-2	-8.772E-2	-6.646E-2	0.110
2.352	7.059E-2	-1.967E-3	7.062E-2	2.024E-2	-3.617E-3	2.056E-2	8.127E-3	-5.787E-2	5.844E-2
2.369	7.090E-2	-2.059E-3	7.093E-2	1.656E-2	-2.991E-3	1.683E-2	3.676E-2	3.812E-2	5.296E-2
2.386	7.114E-2	-2.067E-3	7.117E-2	2.030E-2	-1.256E-3	2.034E-2	0.157	-6.069E-2	0.169
2.402	7.158E-2	-2.101E-3	7.161E-2	2.404E-2	-5.143E-3	2.458E-2	-0.105	-0.141	0.176
2.419	7.195E-2	-2.239E-3	7.198E-2	1.623E-2	-6.946E-3	1.766E-2	-8.406E-2	-4.878E-2	9.719E-2
2.436	7.212E-2	-2.332E-3	7.216E-2	1.870E-2	-5.906E-3	1.961E-2	6.535E-2	5.585E-2	8.596E-2
2.452	7.257E-2	-2.436E-3	7.261E-2	2.226E-2	-5.457E-3	2.291E-2	5.970E-2	-9.058E-2	0.108
2.469	7.286E-2	-2.514E-3	7.291E-2	1.810E-2	-8.184E-3	1.987E-2	-0.108	-0.322	0.339
2.486	7.317E-2	-2.709E-3	7.322E-2	1.937E-2	-1.658E-2	2.549E-2	-8.716E-2	-0.124	0.152
2.503	7.351E-2	-3.068E-3	7.357E-2	1.593E-2	-1.428E-2	2.139E-2	8.536E-2	-0.183	0.202
2.519	7.371E-2	-3.185E-3	7.377E-2	1.977E-2	-1.831E-2	2.695E-2	3.297E-2	4.319E-2	5.434E-2
2.536	7.417E-2	-3.679E-3	7.426E-2	2.090E-2	-1.865E-2	2.801E-2	4.890E-2	6.063E-2	7.789E-2
2.553	7.440E-2	-3.807E-3	7.450E-2	1.775E-2	-1.108E-2	2.093E-2	-0.205	6.687E-2	0.216
2.569	7.476E-2	-4.048E-3	7.487E-2	1.678E-2	-1.837E-2	2.488E-2	4.769E-2	-0.116	0.125
2.586	7.496E-2	-4.420E-3	7.509E-2	1.679E-2	-1.644E-2	2.349E-2	1.880E-2	3.934E-2	4.360E-2
2.603	7.532E-2	-4.597E-3	7.546E-2	1.969E-2	-1.429E-2	2.433E-2	0.121	-5.020E-2	0.131
2.619	7.562E-2	-4.897E-3	7.578E-2	1.941E-2	-1.977E-2	2.770E-2	7.732E-2	-5.204E-2	9.320E-2
2.636	7.597E-2	-5.256E-3	7.615E-2	2.272E-2	-1.668E-2	2.819E-2	-0.113	-5.270E-2	0.125
2.653	7.638E-2	-5.454E-3	7.657E-2	1.700E-2	-1.889E-2	2.541E-2	-0.362	3.757E-2	0.364
2.669	7.654E-2	-5.886E-3	7.676E-2	8.413E-3	-1.911E-2	2.088E-2	0.175	6.421E-2	0.187
2.686	7.666E-2	-6.091E-3	7.690E-2	2.157E-2	-1.360E-2	2.550E-2	0.234	-4.526E-2	0.239
2.703	7.726E-2	-6.340E-3	7.752E-2	2.239E-2	-2.109E-2	3.075E-2	5.761E-3	-0.110	0.110
2.719	7.741E-2	-6.795E-3	7.770E-2	1.502E-2	-1.991E-2	2.494E-2	-6.542E-2	0.139	0.154
2.736	7.776E-2	-7.004E-3	7.807E-2	2.351E-2	-1.335E-2	2.704E-2	8.435E-2	0.176	0.195
2.753	7.819E-2	-7.240E-3	7.852E-2	1.869E-2	-1.516E-2	2.406E-2	-0.149	-8.874E-2	0.174
2.769	7.838E-2	-7.510E-3	7.874E-2	1.553E-2	-1.645E-2	2.262E-2	0.121	-4.062E-2	0.128
2.786	7.871E-2	-7.789E-3	7.909E-2	2.426E-2	-1.648E-2	2.933E-2	0.207	0.105	0.233
2.803	7.919E-2	-8.060E-3	7.960E-2	2.392E-2	-1.325E-2	2.734E-2	-5.098E-2	1.275E-2	5.255E-2
2.819	7.951E-2	-8.231E-3	7.993E-2	2.027E-2	-1.462E-2	2.499E-2	-7.293E-2	5.605E-3	7.314E-2
2.836	7.987E-2	-8.548E-3	8.032E-2	2.246E-2	-1.526E-2	2.716E-2	-0.108	2.895E-2	0.112
2.853	8.026E-2	-8.741E-3	8.073E-2	1.754E-2	-1.192E-2	2.121E-2	2.196E-2	2.154E-2	3.076E-2
2.870	8.045E-2	-8.945E-3	8.095E-2	2.023E-2	-1.481E-2	2.507E-2	3.699E-2	-7.166E-2	8.064E-2
2.886	8.093E-2	-9.235E-3	8.146E-2	2.284E-2	-1.528E-2	2.748E-2	-0.121	-7.404E-2	0.142
2.903	8.122E-2	-9.455E-3	8.176E-2	1.379E-2	-1.594E-2	2.108E-2	7.687E-4	0.141	0.141
2.920	8.139E-2	-9.767E-3	8.198E-2	2.125E-2	-1.254E-2	2.468E-2	9.704E-2	0.268	0.285
2.936	8.192E-2	-9.874E-3	8.252E-2	2.197E-2	-5.037E-3	2.254E-2	-0.116	-1.542E-2	0.117
2.953	8.212E-2	-9.935E-3	8.272E-2	1.288E-2	-1.231E-2	1.781E-2	-3.078E-2	-0.298	0.300
2.970	8.235E-2	-1.028E-2	8.299E-2	2.151E-2	-1.806E-2	2.808E-2	0.177	5.765E-2	0.186
2.986	8.284E-2	-1.054E-2	8.351E-2	2.192E-2	-9.180E-3	2.376E-2	-4.814E-2	4.884E-4	4.814E-2
3.003	8.309E-2	-1.059E-2	8.376E-2	1.643E-2	-1.505E-2	2.228E-2	-5.766E-2	-0.504	0.507
3.020	8.339E-2	-1.104E-2	8.412E-2	2.116E-2	-2.982E-2	3.657E-2	0.156	-0.546	0.568
3.036	8.379E-2	-1.159E-2	8.459E-2	2.243E-2	-3.246E-2	3.945E-2	0.289	-0.479	0.559
3.053	8.414E-2	-1.212E-2	8.501E-2	2.879E-2	-4.365E-2	5.229E-2	0.196	-0.638	0.667
3.070	8.475E-2	-1.304E-2	8.575E-2	3.214E-2	-5.681E-2	6.527E-2	8.315E-2	-0.396	0.405
3.086	8.521E-2	-1.402E-2	8.636E-2	2.890E-2	-5.606E-2	6.307E-2	-8.940E-2	-3.800E-2	9.714E-2
3.103	8.572E-2	-1.491E-2	8.700E-2	3.023E-2	-5.670E-2	6.425E-2	1.327E-2	7.455E-2	7.572E-2
3.120	8.622E-2	-1.591E-2	8.768E-2	2.926E-2	-5.542E-2	6.267E-2	5.575E-2	5.533E-2	7.855E-2
3.136	8.669E-2	-1.676E-2	8.830E-2	3.140E-2	-5.290E-2	6.152E-2	6.961E-3	1.412E-2	1.574E-2
3.153	8.727E-2	-1.768E-2	8.904E-2	3.098E-2	-5.593E-2	6.394E-2	1.982E-2	-3.312E-2	3.860E-2
3.170	8.773E-2	-1.863E-2	8.968E-2	3.025E-2	-5.446E-2	6.230E-2	-0.104	4.761E-2	0.114
3.187	8.828E-2	-1.949E-2	9.040E-2	2.931E-2	-5.322E-2	6.076E-2	7.755E-2	0.190	0.205
3.203	8.870E-2	-2.040E-2	9.102E-2	3.068E-2	-4.963E-2	5.834E-2	-0.104	-0.230	0.252
3.220	8.930E-2	-2.115E-2	9.177E-2	2.879E-2	-5.742E-2	6.424E-2	-4.248E-2	7.404E-2	8.536E-2
3.237	8.966E-2	-2.232E-2	9.240E-2	2.598E-2	-5.386E-2	5.980E-2	-6.102E-2	0.272	0.278
3.253	9.017E-2	-2.295E-2	9.304E-2	2.906E-2	-4.132E-2	5.051E-2	9.011E-2	0.352	0.364
3.270	9.063E-2	-2.370E-2	9.368E-2	2.809E-2	-4.549E-2	5.346E-2	-0.163	-0.289	0.332
3.287	9.110E-2	-2.446E-2	9.433E-2	2.432E-2	-4.992E-2	5.553E-2	2.299E-2	0.181	0.182
3.303	9.145E-2	-2.536E-2	9.490E-2	2.685E-2	-4.225E-2	5.006E-2	-9.732E-2	0.501	0.510
3.320	9.200E-2	-2.587E-2	9.557E-2	2.466E-2	-2.943E-2	3.840E-2	-0.242	0.669	0.711
3.337	9.227E-2	-2.635E-2	9.596E-2	1.552E-2	-2.219E-2	2.708E-2	-0.252	0.714	0.757
3.353	9.252E-2	-2.661E-2	9.627E-2	1.700E-2	-5.513E-3	1.787E-2	1.905E-2	0.431	0.431
3.370	9.284E-2	-2.653E-2	9.655E-2	1.711E-2	-4.355E-3	1.766E-2	0.206	-0.378	0.431
3.387	9.309E-2	-2.676E-2	9.686E-2	2.204E-2	-2.123E-2	3.060E-2	0.321	-0.648	0.723
3.403	9.357E-2	-2.724E-2	9.746E-2	2.991E-2	-2.702E-2	4.031E-2	0.128	-0.267	0.297
3.420	9.409E-2	-2.766E-2	9.807E-2	2.628E-2	-2.817E-2	3.853E-2	-0.253	0.371	0.449
3.437	9.445E-2	-2.818E-2	9.856E-2	2.022E-2	-1.764E-2	2.683E-2	-0.115	0.547	0.559
3.453	9.476E-2	-2.825E-2	9.888E-2	2.220E-2	-5.509E-3	2.287E-2	0.323	0.579	0.663
3.470	9.519E-2	-2.836E-2	9.932E-2	3.136E-2	-1.384E-3	3.139E-2	0.213	0.206	0.296
3.487	9.581E-2	-2.830E-2	9.990E-2	3.129E-2	3.218E-3	3.145E-2	3.803E-2	0.253	0.255
3.504	9.623E-2	-2.826E-2	0.100	2.956E-2	5.587E-3	3.008E-2	-7.422E-2	5.893E-2	9.477E-2
3.520	9.679E-2	-2.811E-2	0.101	3.116E-2	6.526E-3	3.184E-2	5.570E-2	-6.326E-2	8.429E-2
3.537	9.727E-2	-2.804E-2	0.101	2.994E-2	2.622E-3	3.006E-2	-8.517E-2	-0.178	0.197
3.554	9.779E-2	-2.802E-2	0.102	2.931E-2	4.981E-4	2.931E-2	0.162	-0.113	0.198
3.570	9.825E-2	-2.802E-2	0.102	3.373E-2	-9.191E-4	3.374E-2	0.315	9.480E-3	0.316
3.587	9.892E-2	-2.805E-2	0.103	4.168E-2	2.940E-4	4.168E-2	1.828E-2	3.303E-2	3.775E-2
3.604	9.964E-2	-2.801E-2	0.104	3.508E-2	1.133E-3	3.510E-2	-0.354	1.875E-2	0.354
3.620	0.100	-2.801E-2	0.104	2.723E-2	1.733E-4	2.723E-2	-0.293	6.984E-2	0.301
3.637	0.101	-2.801E-2	0.104	2.673E-2	3.360E-3	2.694E-2	-9.721E-2	0.500	0.509
3.654	0.101	-2.790E-2	0.105	2.395E-2	1.618E-2	2.890E-2	-0.232	0.701	0.738
3.670	0.101	-2.747E-2	0.105	1.902E-2	2.883E-2	3.453E-2	-0.318	0.740	0.805
3.687	0.102	-2.694E-2	0.105	1.314E-2	3.910E-2	4.124E-2	-0.272	0.585	0.645
3.704	0.102	-2.616E-2	0.105	9.641E-3	4.972E-2	5.064E-2	-0.249	0.476	0.537
3.720	0.102	-2.528E-2	0.105	5.553E-3	5.448E-2	5.476E-2	-9.993E-2	0.265	0.283
3.737	0.102	-2.434E-2	0.105	5.009E-3	5.834E-2	5.855E-2	-0.116	2.988E-2	0.120
3.754	0.102	-2.333E-2	0.105	3.616E-3	5.640E-2	5.651E-2	-1.335E-2	-0.297	0.297
3.770	0.102	-2.246E-2	0.105	2.479E-3	4.765E-2	4.772E-2	-7.445E-2	-0.207	0.220
3.787	0.102	-2.174E-2	0.104	3.013E-3	4.800E-2	4.809E-2	-2.095E-3	-0.101	0.101
3.804	0.102	-2.086E-2	0.104	1.114E-3	4.724E-2	4.725E-2	-1.613E-2	-7.592E-2	7.762E-2
3.820	0.102	-2.017E-2	0.104	2.897E-3	4.287E-2	4.297E-2	1.474E-2	-0.289	0.290
3.837	0.102	-1.943E-2	0.104	2.081E-3	3.952E-2	3.958E-2	-7.612E-2	-8.466E-2	0.114
3.854	0.102	-1.885E-2	0.104	-2.701E-4	3.800E-2	3.800E-2	-3.090E-3	-2.298E-2	2.319E-2
3.871	0.102	-1.816E-2	0.104	1.760E-3	4.049E-2	4.053E-2	0.325	-0.209	0.386
3.887	0.102	-1.750E-2	0.104	1.046E-2	3.150E-2	3.319E-2	0.237	-0.361	0.432
3.904	0.103	-1.711E-2	0.104	1.179E-2	2.586E-2	2.842E-2	5.383E-2	-6.468E-2	8.415E-2
3.921	0.103	-1.664E-2	0.104	9.592E-3	3.089E-2	3.235E-2	-0.128	-2.637E-2	0.131
3.937	0.103	-1.608E-2	0.104	9.383E-3	2.633E-2	2.795E-2	-0.192	-0.278	0.338
3.954	0.103	-1.576E-2	0.104	2.532E-3	1.924E-2	1.941E-2	-0.141	-9.558E-2	0.170
3.971	0.103	-1.544E-2	0.104	3.297E-3	2.352E-2	2.375E-2	-2.786E-2	7.462E-2	7.965E-2
3.987	0.103	-1.497E-2	0.104	4.082E-3	2.358E-2	2.393E-2	1.470E-2	-8.049E-2	8.182E-2
4.004	0.103	-1.465E-2	0.104	1.755E-3	1.904E-2	1.912E-2	-0.147	-8.609E-2	0.170
4.021	0.103	-1.434E-2	0.104	6.078E-4	2.092E-2	2.093E-2	-0.137	8.724E-3	0.138
4.037	0.103	-1.395E-2	0.104	-3.637E-3	2.038E-2	2.070E-2	-8.680E-3	0.239	0.239
4.054	0.103	-1.366E-2	0.104	-3.863E-4	2.655E-2	2.655E-2	0.192	0.148	0.242
4.071	0.103	-1.307E-2	0.104	4.328E-3	2.915E-2	2.947E-2	-1.671E-2	2.182E-2	2.748E-2
4.087	0.103	-1.269E-2	0.104	-8.827E-4	2.405E-2	2.406E-2	-0.225	-0.420	0.476
4.104	0.103	-1.226E-2	0.104	-4.825E-3	1.748E-2	1.813E-2	-0.126	-0.318	0.342
4.121	0.103	-1.210E-2	0.104	-3.947E-3	1.090E-2	1.159E-2	0.183	-0.123	0.220
4.137	0.103	-1.190E-2	0.104	3.194E-4	1.447E-2	1.447E-2	8.514E-2	0.159	0.181
4.154	0.103	-1.162E-2	0.104	8.583E-4	1.675E-2	1.678E-2	3.981E-2	-8.056E-2	8.986E-2
4.171	0.103	-1.134E-2	0.104	-5.679E-4	1.205E-2	1.207E-2	-0.144	-0.177	0.228
4.188	0.103	-1.122E-2	0.104	-2.008E-3	9.305E-3	9.519E-3	4.937E-2	-7.157E-2	8.695E-2
4.204	0.103	-1.103E-2	0.104	-1.183E-3	1.088E-2	1.094E-2	8.842E-2	7.087E-3	8.870E-2
4.221	0.103	-1.085E-2	0.104	3.043E-3	9.384E-3	9.865E-3	7.188E-2	-4.447E-2	8.452E-2
4.238	0.103	-1.072E-2	0.104	5.592E-4	8.962E-3	8.979E-3	-9.565E-2	-0.147	0.175
4.254	0.103	-1.056E-2	0.104	-6.354E-4	5.502E-3	5.539E-3	-2.295E-2	-0.205	0.207
4.271	0.103	-1.053E-2	0.104	1.771E-4	8.274E-4	8.461E-4	3.499E-2	-0.144	0.148
4.288	0.103	-1.053E-2	0.104	5.044E-4	1.094E-3	1.205E-3	5.393E-2	6.783E-3	5.435E-2
4.304	0.103	-1.050E-2	0.104	1.797E-3	1.358E-3	2.252E-3	0.150	9.332E-2	0.177
4.321	0.103	-1.048E-2	0.104	5.493E-3	3.618E-3	6.578E-3	0.165	-2.811E-2	0.168
4.338	0.103	-1.038E-2	0.104	7.873E-3	1.868E-3	8.091E-3	0.123	-5.026E-2	0.133
4.354	0.103	-1.042E-2	0.104	9.033E-3	-5.535E-5	9.033E-3	1.435E-2	-0.102	0.103
4.371	0.104	-1.038E-2	0.104	8.929E-3	1.314E-4	8.930E-3	-8.388E-2	1.240E-2	8.480E-2
4.388	0.104	-1.042E-2	0.104	5.894E-3	-8.447E-4	5.955E-3	-0.146	-1.509E-2	0.147
4.404	0.104	-1.041E-2	0.104	3.837E-3	3.541E-4	3.854E-3	-0.110	1.481E-2	0.111
4.421	0.104	-1.040E-2	0.104	2.471E-3	-4.761E-4	2.516E-3	4.052E-2	-4.672E-2	6.184E-2
4.438	0.104	-1.042E-2	0.104	4.537E-3	-1.361E-3	4.737E-3	9.838E-2	-6.597E-3	9.860E-2
4.454	0.104	-1.045E-2	0.104	6.859E-3	-7.600E-4	6.901E-3	-1.259E-2	-4.114E-2	4.302E-2
4.471	0.104	-1.045E-2	0.105	3.814E-3	-2.170E-3	4.388E-3	-0.189	-0.117	0.222
4.488	0.104	-1.052E-2	0.105	1.801E-4	-5.268E-3	5.271E-3	-2.917E-2	-0.229	0.230
4.505	0.104	-1.062E-2	0.105	2.312E-3	-9.295E-3	9.578E-3	8.809E-2	-0.640	0.647
4.521	0.104	-1.083E-2	0.105	4.468E-3	-2.553E-2	2.592E-2	5.454E-2	-0.805	0.807
4.538	0.104	-1.148E-2	0.105	3.266E-3	-3.936E-2	3.949E-2	-5.014E-2	-7.400E-2	8.939E-2
4.555	0.104	-1.214E-2	0.105	3.042E-3	-2.805E-2	2.821E-2	-8.028E-2	0.842	0.846
4.571	0.104	-1.241E-2	0.105	7.726E-4	-8.752E-3	8.786E-3	7.183E-2	0.770	0.774
4.588	0.104	-1.244E-2	0.105	4.154E-3	-1.926E-3	4.579E-3	0.218	0.677	0.711
4.605	0.104	-1.248E-2	0.105	9.824E-3	1.078E-2	1.458E-2	0.181	0.820	0.840
4.621	0.105	-1.208E-2	0.105	9.586E-3	2.860E-2	3.016E-2	-7.446E-2	0.821	0.824
4.638	0.105	-1.152E-2	0.105	7.372E-3	3.708E-2	3.780E-2	-8.898E-2	0.528	0.536
4.655	0.105	-1.084E-2	0.105	6.159E-3	4.592E-2	4.633E-2	5.922E-2	0.432	0.436
4.671	0.105	-9.990E-3	0.105	9.324E-3	5.222E-2	5.304E-2	0.143	-3.692E-2	0.147
4.688	0.105	-9.098E-3	0.106	1.169E-2	4.547E-2	4.695E-2	9.127E-2	-0.218	0.236
4.705	0.105	-8.473E-3	0.106	1.181E-2	4.185E-2	4.348E-2	-0.110	4.313E-2	0.118
4.721	0.106	-7.702E-3	0.106	8.711E-3	4.892E-2	4.969E-2	-6.536E-3	0.279	0.279
4.738	0.106	-6.840E-3	0.106	9.830E-3	5.134E-2	5.227E-2	0.194	-1.755E-2	0.194
4.755	0.106	-5.989E-3	0.106	1.671E-2	4.827E-2	5.108E-2	0.229	-0.188	0.297
4.771	0.106	-5.230E-3	0.106	1.762E-2	4.445E-2	4.781E-2	5.735E-2	-0.391	0.395
4.788	0.107	-4.506E-3	0.107	1.775E-2	3.633E-2	4.043E-2	-7.505E-2	-0.144	0.162
4.805	0.107	-4.018E-3	0.107	1.613E-2	3.671E-2	4.010E-2	-0.158	-0.102	0.188
4.821	0.107	-3.281E-3	0.107	1.162E-2	3.708E-2	3.886E-2	-9.997E-2	-0.188	0.213
4.838	0.107	-2.781E-3	0.107	1.247E-2	2.766E-2	3.034E-2	-0.188	-0.333	0.382
4.855	0.107	-2.358E-3	0.107	7.314E-3	2.620E-2	2.720E-2	-5.153E-2	-0.119	0.129
4.872	0.107	-1.906E-3	0.107	7.222E-3	2.462E-2	2.566E-2	5.641E-2	3.714E-2	6.754E-2
4.888	0.108	-1.536E-3	0.108	1.266E-2	2.607E-2	2.898E-2	0.203	-0.264	0.333
4.905	0.108	-1.037E-3	0.108	1.216E-2	1.886E-2	2.244E-2	0.145	-0.295	0.329
4.922	0.108	-9.071E-4	0.108	1.762E-2	1.191E-2	2.126E-2	-1.357E-2	-0.232	0.232
4.938	0.108	-6.392E-4	0.108	1.376E-2	1.416E-2	1.975E-2	-0.269	2.635E-2	0.270
4.955	0.109	-4.346E-4	0.109	5.846E-3	1.173E-2	1.311E-2	-0.310	-0.245	0.396
4.972	0.109	-2.479E-4	0.109	4.663E-3	6.736E-3	8.192E-3	-5.988E-2	-0.222	0.230
4.988	0.109	-2.098E-4	0.109	3.544E-3	3.029E-3	4.662E-3	0.138	-0.154	0.207
5.005	0.109	-1.468E-4	0.109	8.686E-3	2.621E-3	9.073E-3	0.300	-9.876E-2	0.316
5.022	0.109	-1.224E-4	0.109	1.488E-2	-4.323E-4	1.488E-2	0.106	-0.155	0.187
5.038	0.109	-1.612E-4	0.109	1.229E-2	-2.839E-3	1.261E-2	-0.146	-1.703E-2	0.147
5.055	0.109	-2.171E-4	0.109	8.807E-3	-1.184E-3	8.886E-3	6.006E-4	0.162	0.162
5.072	0.110	-2.007E-4	0.110	1.238E-2	2.980E-3	1.273E-2	5.616E-2	0.121	0.133
5.088	0.110	-1.177E-4	0.110	1.216E-2	3.337E-3	1.261E-2	0.312	0.173	0.357
5.105	0.110	-8.940E-5	0.110	1.967E-2	7.204E-3	2.094E-2	-2.956E-2	0.243	0.244
5.122	0.110	1.227E-4	0.110	1.687E-2	1.317E-2	2.140E-2	-0.222	0.305	0.377
5.138	0.111	3.502E-4	0.111	6.215E-3	1.633E-2	1.747E-2	-0.379	5.379E-2	0.383
5.155	0.111	6.675E-4	0.111	7.440E-3	1.609E-2	1.773E-2	2.606E-2	-0.125	0.127
5.172	0.111	8.871E-4	0.111	5.943E-3	1.122E-2	1.270E-2	5.533E-2	-0.429	0.433
5.189	0.111	1.042E-3	0.111	9.340E-3	2.594E-3	9.694E-3	0.216	-0.176	0.278
5.205	0.111	9.737E-4	0.111	1.366E-2	2.742E-3	1.393E-2	6.796E-2	0.224	0.234
5.222	0.111	1.133E-3	0.111	1.207E-2	1.256E-2	1.742E-2	-7.901E-2	0.195	0.211
5.239	0.111	1.393E-3	0.112	9.812E-3	9.932E-3	1.396E-2	-6.283E-2	-0.252	0.259
5.255	0.112	1.465E-3	0.112	1.065E-2	2.404E-3	1.091E-2	0.170	-0.285	0.332
5.272	0.112	1.473E-3	0.112	1.479E-2	6.419E-4	1.481E-2	0.102	-7.686E-2	0.127
5.289	0.112	1.486E-3	0.112	1.568E-2	2.381E-4	1.569E-2	-0.104	-2.816E-2	0.108
5.305	0.112	1.481E-3	0.112	1.014E-2	-4.601E-4	1.015E-2	-9.231E-2	0.176	0.198
5.322	0.113	1.471E-3	0.113	1.184E-2	5.294E-3	1.297E-2	0.110	0.142	0.180
5.339	0.113	1.657E-3	0.113	1.536E-2	6.639E-3	1.674E-2	9.073E-2	-1.459E-2	9.190E-2
5.355	0.113	1.692E-3	0.113	1.425E-2	2.594E-3	1.448E-2	-8.592E-2	-0.166	0.187
5.372	0.113	1.744E-3	0.113	1.254E-2	2.036E-3	1.270E-2	-8.659E-2	-8.276E-2	0.120
5.389	0.113	1.760E-3	0.113	1.118E-2	-3.528E-4	1.119E-2	-7.867E-2	8.704E-2	0.117
5.405	0.114	1.732E-3	0.114	1.010E-2	3.914E-3	1.083E-2	0.101	1.380E-2	0.102
5.422	0.114	1.891E-3	0.114	1.372E-2	2.847E-3	1.401E-2	5.762E-2	-0.140	0.151
5.439	0.114	1.827E-3	0.114	1.399E-2	-3.497E-3	1.442E-2	-6.495E-2	-0.212	0.222
5.455	0.114	1.774E-3	0.114	9.747E-3	-3.197E-3	1.026E-2	-0.133	4.126E-2	0.139
5.472	0.114	1.721E-3	0.114	1.007E-2	-2.300E-3	1.033E-2	0.155	2.437E-2	0.157
5.489	0.115	1.697E-3	0.115	1.447E-2	-2.029E-3	1.462E-2	0.302	0.107	0.320
5.506	0.115	1.653E-3	0.115	2.088E-2	5.018E-4	2.088E-2	0.146	0.134	0.198
5.522	0.115	1.714E-3	0.115	1.994E-2	3.481E-3	2.024E-2	-4.562E-2	3.243E-2	5.597E-2
5.539	0.116	1.769E-3	0.116	1.787E-2	1.352E-3	1.792E-2	-0.138	-0.114	0.179
5.556	0.116	1.759E-3	0.116	1.655E-2	-8.018E-4	1.657E-2	-1.165E-2	-6.772E-2	6.872E-2
5.572	0.116	1.742E-3	0.116	1.623E-2	-7.343E-4	1.624E-2	0.234	-2.416E-2	0.235
5.589	0.116	1.735E-3	0.116	2.452E-2	-1.364E-3	2.456E-2	0.271	-5.919E-2	0.277
5.606	0.117	1.697E-3	0.117	2.714E-2	-2.920E-3	2.730E-2	-0.251	-4.248E-2	0.255
5.622	0.117	1.637E-3	0.117	1.549E-2	-2.925E-3	1.576E-2	-0.300	-4.639E-3	0.300
5.639	0.117	1.599E-3	0.117	1.425E-2	-2.738E-3	1.451E-2	6.236E-2	0.108	0.125
5.656	0.118	1.546E-3	0.118	2.082E-2	8.195E-6	2.082E-2	0.156	6.832E-2	0.170
5.672	0.118	1.599E-3	0.118	1.857E-2	8.549E-4	1.859E-2	-2.099E-3	-2.935E-2	2.942E-2
5.689	0.118	1.575E-3	0.118	1.986E-2	-2.023E-3	1.997E-2	-1.600E-2	-0.114	0.115
5.706	0.119	1.532E-3	0.119	1.965E-2	-2.737E-3	1.984E-2	0.303	6.330E-2	0.310
5.722	0.119	1.483E-3	0.119	2.707E-2	-2.674E-4	2.707E-2	0.102	6.110E-2	0.119
5.739	0.120	1.523E-3	0.120	2.798E-2	3.740E-4	2.798E-2	-0.109	8.239E-3	0.109
5.756	0.120	1.496E-3	0.120	1.899E-2	-1.034E-3	1.902E-2	-0.111	-0.106	0.153
5.772	0.120	1.489E-3	0.120	2.515E-2	-2.406E-3	2.527E-2	0.343	-0.137	0.369
5.789	0.121	1.415E-3	0.121	3.167E-2	-6.027E-3	3.224E-2	2.361E-3	-1.547E-2	1.565E-2
5.806	0.121	1.287E-3	0.121	2.582E-2	-3.679E-3	2.608E-2	-0.145	-1.197E-2	0.146
5.822	0.122	1.293E-3	0.122	2.391E-2	-4.381E-3	2.431E-2	0.477	-9.727E-2	0.487
5.839	0.122	1.141E-3	0.122	4.232E-2	-8.865E-3	4.324E-2	0.201	-0.374	0.425
5.856	0.123	9.969E-4	0.123	3.641E-2	-1.520E-2	3.945E-2	-0.377	-0.134	0.400
5.873	0.123	6.341E-4	0.123	2.171E-2	-1.605E-2	2.700E-2	-0.457	0.194	0.497
5.889	0.124	4.613E-4	0.124	2.530E-2	-6.677E-3	2.617E-2	0.303	0.268	0.404
5.906	0.124	4.113E-4	0.124	3.011E-2	-6.387E-3	3.078E-2	0.182	-3.932E-3	0.182
5.923	0.125	2.482E-4	0.125	3.346E-2	-8.486E-3	3.452E-2	0.180	-0.484	0.516
5.939	0.125	1.281E-4	0.125	3.419E-2	-1.986E-2	3.954E-2	-5.406E-2	-0.227	0.233
5.956	0.126	-4.147E-4	0.126	3.342E-2	-2.144E-2	3.971E-2	3.599E-2	5.768E-2	6.799E-2
5.973	0.126	-5.873E-4	0.126	3.332E-2	-1.263E-2	3.564E-2	0.103	-6.491E-2	0.121
5.989	0.127	-8.362E-4	0.127	3.829E-2	-2.448E-2	4.544E-2	0.292	-0.303	0.420
6.006	0.128	-1.404E-3	0.128	4.245E-2	-2.625E-2	4.991E-2	7.059E-2	0.298	0.307
6.023	0.129	-1.712E-3	0.129	4.182E-2	-1.187E-2	4.347E-2	-4.876E-2	0.428	0.430
6.039	0.129	-1.800E-3	0.129	3.924E-2	-1.047E-2	4.061E-2	-0.115	0.190	0.222
6.056	0.130	-2.062E-3	0.130	3.896E-2	-8.928E-3	3.997E-2	6.294E-2	0.182	0.193
6.073	0.130	-2.098E-3	0.130	4.044E-2	-1.789E-3	4.048E-2	4.799E-3	0.331	0.331
6.089	0.131	-2.121E-3	0.131	4.048E-2	9.489E-4	4.049E-2	0.322	0.114	0.341
6.106	0.132	-2.067E-3	0.132	4.847E-2	2.701E-3	4.855E-2	0.192	3.640E-2	0.195
6.123	0.133	-2.031E-3	0.133	5.144E-2	1.725E-3	5.147E-2	0.128	-3.277E-2	0.132
6.139	0.134	-2.009E-3	0.134	4.834E-2	1.543E-3	4.837E-2	8.044E-2	-1.416E-2	8.167E-2
6.156	0.134	-1.980E-3	0.134	5.611E-2	1.422E-3	5.613E-2	0.113	0.143	0.182
6.173	0.135	-1.962E-3	0.135	5.320E-2	5.552E-3	5.349E-2	-0.210	-0.127	0.245
6.190	0.136	-1.794E-3	0.136	4.697E-2	-4.705E-5	4.697E-2	-0.143	-0.379	0.405
6.206	0.137	-1.963E-3	0.137	4.894E-2	-1.056E-2	5.007E-2	0.125	-0.133	0.182
6.223	0.138	-2.147E-3	0.138	5.169E-2	-4.137E-3	5.186E-2	-7.890E-2	0.295	0.306
6.240	0.139	-2.101E-3	0.139	4.693E-2	1.492E-3	4.696E-2	0.252	5.076E-2	0.257
6.256	0.139	-2.097E-3	0.139	5.639E-2	-3.270E-3	5.648E-2	0.435	-0.300	0.529
6.273	0.141	-2.210E-3	0.141	6.705E-2	-9.033E-3	6.766E-2	6.534E-2	-0.141	0.155
6.290	0.142	-2.398E-3	0.142	5.623E-2	-8.505E-3	5.686E-2	-0.343	0.115	0.362
6.306	0.142	-2.494E-3	0.142	5.369E-2	-4.298E-3	5.387E-2	-0.168	4.320E-2	0.174
6.323	0.143	-2.542E-3	0.143	5.338E-2	-6.520E-3	5.378E-2	-0.100	-0.328	0.343
6.340	0.144	-2.712E-3	0.144	4.854E-2	-1.570E-2	5.102E-2	-8.753E-2	-0.290	0.303
6.356	0.145	-3.066E-3	0.145	5.064E-2	-1.776E-2	5.366E-2	5.774E-2	6.158E-2	8.442E-2
6.373	0.146	-3.304E-3	0.146	5.147E-2	-1.217E-2	5.289E-2	0.306	0.288	0.420
6.390	0.147	-3.472E-3	0.147	5.874E-2	-8.280E-3	5.932E-2	0.150	-0.257	0.298
6.406	0.148	-3.580E-3	0.148	6.031E-2	-1.880E-2	6.317E-2	-0.263	-0.253	0.365
6.423	0.149	-4.099E-3	0.149	4.738E-2	-2.181E-2	5.216E-2	-0.312	0.126	0.337
6.440	0.149	-4.308E-3	0.150	4.839E-2	-1.048E-2	4.951E-2	-0.143	0.241	0.280
6.456	0.150	-4.449E-3	0.150	4.649E-2	-1.376E-2	4.849E-2	0.135	-0.142	0.196
6.473	0.151	-4.767E-3	0.151	4.807E-2	-1.728E-2	5.109E-2	9.168E-2	-0.194	0.215
6.490	0.152	-5.026E-3	0.152	5.421E-2	-1.854E-2	5.729E-2	0.168	8.871E-2	0.190
6.507	0.153	-5.386E-3	0.153	5.100E-2	-1.621E-2	5.351E-2	-0.222	-7.131E-2	0.233
6.523	0.154	-5.567E-3	0.154	4.809E-2	-1.794E-2	5.133E-2	0.115	-0.244	0.270
6.540	0.154	-5.984E-3	0.155	5.254E-2	-2.690E-2	5.902E-2	0.296	-0.246	0.385
6.557	0.155	-6.464E-3	0.156	6.079E-2	-2.606E-2	6.613E-2	9.545E-2	-3.152E-3	9.550E-2
6.573	0.156	-6.854E-3	0.157	5.540E-2	-2.564E-2	6.105E-2	-0.118	-4.382E-2	0.126
6.590	0.157	-7.319E-3	0.157	5.458E-2	-2.848E-2	6.156E-2	-0.255	-8.752E-2	0.270
6.607	0.158	-7.804E-3	0.158	5.031E-2	-2.847E-2	5.781E-2	-0.193	1.617E-2	0.194
6.623	0.159	-8.269E-3	0.159	4.444E-2	-2.772E-2	5.238E-2	-0.307	0.158	0.345
6.640	0.160	-8.729E-3	0.160	4.291E-2	-2.375E-2	4.905E-2	-1.530E-2	4.384E-2	4.643E-2
6.657	0.160	-9.062E-3	0.161	4.168E-2	-2.455E-2	4.837E-2	0.179	-0.266	0.321
6.673	0.161	-9.548E-3	0.161	4.985E-2	-3.380E-2	6.023E-2	0.328	-0.289	0.438
6.690	0.162	-1.019E-2	0.162	5.364E-2	-3.533E-2	6.423E-2	0.104	0.229	0.252
6.707	0.163	-1.073E-2	0.163	5.241E-2	-2.555E-2	5.831E-2	-5.468E-2	-0.215	0.221
6.723	0.164	-1.104E-2	0.164	5.192E-2	-3.827E-2	6.450E-2	-2.816E-2	-0.716	0.717
6.740	0.165	-1.200E-2	0.165	5.147E-2	-5.615E-2	7.617E-2	-0.188	-1.026	1.043
6.757	0.166	-1.292E-2	0.166	4.633E-2	-6.747E-2	8.184E-2	-0.268	-0.310	0.410
6.773	0.166	-1.426E-2	0.167	4.118E-2	-7.162E-2	8.261E-2	-7.351E-2	0.230	0.241
6.790	0.167	-1.531E-2	0.168	4.407E-2	-5.642E-2	7.159E-2	0.119	1.213	1.218
6.807	0.168	-1.614E-2	0.168	4.620E-2	-3.295E-2	5.675E-2	-0.139	1.843	1.848
6.823	0.168	-1.640E-2	0.169	3.953E-2	5.870E-3	3.996E-2	-0.453	1.946	1.998
6.840	0.169	-1.594E-2	0.170	3.014E-2	3.480E-2	4.604E-2	-0.283	1.354	1.384
6.857	0.169	-1.524E-2	0.170	2.942E-2	4.894E-2	5.710E-2	-9.178E-2	0.459	0.468
6.874	0.170	-1.431E-2	0.171	2.895E-2	5.174E-2	5.929E-2	-3.143E-2	0.156	0.159
6.890	0.170	-1.352E-2	0.171	2.678E-2	5.136E-2	5.792E-2	-0.215	0.142	0.258
6.907	0.171	-1.260E-2	0.171	2.331E-2	5.784E-2	6.236E-2	7.663E-2	0.263	0.274
6.924	0.171	-1.159E-2	0.172	2.665E-2	6.032E-2	6.594E-2	6.297E-2	0.172	0.183
6.940	0.172	-1.058E-2	0.172	2.919E-2	6.281E-2	6.926E-2	0.168	-2.469E-2	0.169
6.957	0.172	-9.492E-3	0.172	2.878E-2	6.089E-2	6.735E-2	4.312E-2	-3.354E-2	5.462E-2
6.974	0.173	-8.551E-3	0.173	3.301E-2	5.958E-2	6.811E-2	9.482E-2	-0.256	0.273
6.990	0.173	-7.504E-3	0.173	3.110E-2	5.503E-2	6.321E-2	-9.553E-2	-2.968E-2	0.100
7.007	0.174	-6.715E-3	0.174	2.971E-2	5.484E-2	6.237E-2	0.350	-0.223	0.415
7.024	0.174	-5.674E-3	0.174	4.113E-2	5.230E-2	6.653E-2	0.204	2.451E-3	0.204
7.040	0.175	-4.970E-3	0.175	4.155E-2	4.986E-2	6.490E-2	-2.069E-2	-0.347	0.347
7.057	0.176	-4.011E-3	0.176	3.484E-2	4.600E-2	5.771E-2	-0.284	-0.296	0.410
7.074	0.176	-3.435E-3	0.176	3.561E-2	3.547E-2	5.026E-2	8.402E-3	-0.479	0.479
7.090	0.177	-2.827E-3	0.177	3.313E-2	3.252E-2	4.643E-2	-3.891E-2	-0.255	0.258
7.107	0.177	-2.350E-3	0.177	3.518E-2	2.605E-2	4.378E-2	0.119	-0.314	0.335
7.124	0.178	-1.958E-3	0.178	3.691E-2	2.209E-2	4.301E-2	-0.186	5.454E-3	0.186
7.140	0.179	-1.613E-3	0.179	3.031E-2	2.550E-2	3.961E-2	-0.185	-0.106	0.213
7.157	0.179	-1.107E-3	0.179	2.766E-2	2.140E-2	3.497E-2	-5.794E-2	-0.334	0.339
7.174	0.180	-8.989E-4	0.180	3.114E-2	1.128E-2	3.312E-2	-9.933E-2	-0.234	0.254
7.191	0.180	-7.307E-4	0.180	2.398E-2	1.398E-2	2.776E-2	-1.874E-2	6.339E-2	6.610E-2
7.207	0.180	-4.324E-4	0.180	2.780E-2	1.508E-2	3.163E-2	0.162	-8.459E-2	0.182
7.224	0.181	-2.275E-4	0.181	3.340E-2	1.011E-2	3.490E-2	-3.387E-2	-0.323	0.324
7.241	0.181	-9.498E-5	0.181	2.490E-2	4.577E-3	2.532E-2	-9.069E-2	-0.177	0.199
7.257	0.182	-7.483E-5	0.182	2.841E-2	3.256E-3	2.860E-2	0.193	-6.948E-2	0.205
7.274	0.182	1.367E-5	0.182	3.463E-2	3.573E-3	3.481E-2	8.630E-3	-5.696E-2	5.761E-2
7.291	0.183	4.438E-5	0.183	2.768E-2	7.274E-4	2.769E-2	-0.105	-0.236	0.258
7.307	0.183	3.794E-5	0.183	2.908E-2	-3.877E-3	2.934E-2	0.132	-0.187	0.229
7.324	0.184	-8.499E-5	0.184	3.473E-2	-6.478E-3	3.533E-2	4.339E-2	-0.107	0.115
7.341	0.184	-1.782E-4	0.184	2.998E-2	-6.557E-3	3.069E-2	-0.147	-4.062E-2	0.153
7.357	0.185	-3.038E-4	0.185	2.842E-2	-8.149E-3	2.957E-2	-0.139	-5.635E-2	0.150
7.374	0.185	-4.501E-4	0.185	2.714E-2	-8.514E-3	2.844E-2	5.222E-2	5.725E-2	7.748E-2
7.391	0.186	-5.879E-4	0.186	2.808E-2	-6.349E-3	2.879E-2	0.105	1.324E-2	0.106
7.407	0.186	-6.619E-4	0.186	3.255E-2	-7.173E-3	3.333E-2	0.142	-0.245	0.283
7.424	0.187	-8.272E-4	0.187	3.211E-2	-1.487E-2	3.538E-2	-6.839E-2	-0.264	0.273
7.441	0.187	-1.158E-3	0.187	3.044E-2	-1.737E-2	3.505E-2	-9.630E-2	-6.724E-2	0.117
7.457	0.188	-1.407E-3	0.188	2.858E-2	-1.560E-2	3.256E-2	1.322E-2	-3.010E-2	3.288E-2
7.474	0.188	-1.679E-3	0.188	3.061E-2	-1.859E-2	3.582E-2	-4.632E-4	-9.997E-2	9.997E-2
7.491	0.189	-2.027E-3	0.189	2.979E-2	-1.968E-2	3.570E-2	-0.179	6.296E-3	0.179
7.508	0.189	-2.335E-3	0.189	2.375E-2	-1.780E-2	2.968E-2	3.094E-2	9.328E-3	3.231E-2
7.524	0.190	-2.621E-3	0.190	2.931E-2	-1.908E-2	3.497E-2	3.705E-2	-0.112	0.118
7.541	0.190	-2.972E-3	0.190	2.900E-2	-2.204E-2	3.642E-2	8.384E-2	4.511E-2	9.521E-2
7.558	0.191	-3.356E-3	0.191	2.743E-2	-1.827E-2	3.296E-2	-8.649E-4	-5.866E-2	5.867E-2
7.574	0.191	-3.581E-3	0.191	3.251E-2	-2.135E-2	3.890E-2	-7.607E-2	-0.116	0.138
7.591	0.192	-4.069E-3	0.192	2.421E-2	-2.559E-2	3.523E-2	-0.281	-0.116	0.304
7.608	0.192	-4.435E-3	0.192	2.116E-2	-2.292E-2	3.119E-2	0.220	0.151	0.267
7.624	0.193	-4.834E-3	0.193	3.226E-2	-2.167E-2	3.887E-2	0.225	9.720E-2	0.245
7.641	0.193	-5.158E-3	0.193	3.164E-2	-1.897E-2	3.689E-2	-0.149	3.305E-2	0.152
7.658	0.194	-5.467E-3	0.194	2.369E-2	-2.047E-2	3.131E-2	-0.399	-9.993E-2	0.412
7.674	0.194	-5.841E-3	0.194	2.025E-2	-2.288E-2	3.055E-2	9.322E-2	0.156	0.182
7.691	0.194	-6.230E-3	0.194	2.443E-2	-1.614E-2	2.928E-2	0.300	-6.462E-2	0.307
7.708	0.195	-6.380E-3	0.195	3.308E-2	-2.118E-2	3.928E-2	0.349	-0.123	0.370
7.724	0.195	-6.937E-3	0.195	3.487E-2	-2.584E-2	4.340E-2	-0.335	-0.140	0.363
7.741	0.196	-7.242E-3	0.196	2.393E-2	-2.148E-2	3.215E-2	-5.293E-2	0.157	0.166
7.758	0.196	-7.653E-3	0.196	2.722E-2	-2.285E-2	3.554E-2	-3.843E-3	-4.910E-2	4.925E-2
7.774	0.197	-8.004E-3	0.197	3.157E-2	-2.200E-2	3.848E-2	0.116	0.126	0.171
7.791	0.197	-8.387E-3	0.197	2.504E-2	-1.967E-2	3.184E-2	-0.205	0.117	0.236
7.808	0.198	-8.661E-3	0.198	2.791E-2	-1.692E-2	3.264E-2	3.670E-2	4.054E-2	5.468E-2
7.824	0.198	-8.952E-3	0.198	2.523E-2	-1.876E-2	3.144E-2	-2.530E-2	-8.442E-2	8.813E-2
7.841	0.199	-9.287E-3	0.199	2.671E-2	-2.003E-2	3.339E-2	1.736E-2	-9.759E-3	1.992E-2
7.858	0.199	-9.621E-3	0.199	2.694E-2	-1.904E-2	3.299E-2	-0.104	9.203E-2	0.139
7.875	0.199	-9.922E-3	0.200	2.260E-2	-1.686E-2	2.820E-2	0.126	-3.021E-2	0.129
7.891	0.200	-1.018E-2	0.200	2.952E-2	-1.932E-2	3.528E-2	8.253E-2	-0.165	0.185
7.908	0.200	-1.057E-2	0.201	2.955E-2	-2.352E-2	3.777E-2	-0.127	-0.216	0.251
7.925	0.201	-1.097E-2	0.201	2.128E-2	-2.590E-2	3.352E-2	-0.205	8.775E-2	0.223
7.941	0.201	-1.143E-2	0.201	2.396E-2	-2.188E-2	3.245E-2	0.300	0.348	0.460
7.958	0.202	-1.170E-2	0.202	3.099E-2	-1.280E-2	3.353E-2	0.150	0.228	0.273
7.975	0.202	-1.186E-2	0.203	3.091E-2	-1.361E-2	3.378E-2	-0.205	-0.294	0.358
7.991	0.203	-1.215E-2	0.203	2.240E-2	-2.338E-2	3.238E-2	-0.210	-0.429	0.477
8.008	0.203	-1.264E-2	0.203	2.313E-2	-2.900E-2	3.709E-2	-0.127	-0.310	0.335
8.025	0.203	-1.312E-2	0.204	2.072E-2	-3.237E-2	3.843E-2	0.201	-0.625	0.657
8.041	0.204	-1.372E-2	0.204	2.578E-2	-4.901E-2	5.538E-2	0.155	-0.988	1.000
8.058	0.204	-1.476E-2	0.205	3.100E-2	-6.778E-2	7.453E-2	0.206	-0.413	0.462
8.075	0.205	-1.598E-2	0.205	2.865E-2	-6.389E-2	7.002E-2	-8.838E-2	2.347E-2	9.144E-2
8.091	0.205	-1.689E-2	0.206	3.039E-2	-6.234E-2	6.935E-2	0.202	-0.228	0.305
8.108	0.206	-1.806E-2	0.206	3.346E-2	-7.452E-2	8.169E-2	-5.299E-2	-0.265	0.270
8.125	0.206	-1.937E-2	0.207	3.148E-2	-7.217E-2	7.874E-2	5.272E-2	0.272	0.277
8.141	0.207	-2.047E-2	0.208	3.137E-2	-6.330E-2	7.064E-2	-7.314E-2	0.298	0.307
8.158	0.207	-2.149E-2	0.208	3.291E-2	-6.232E-2	7.047E-2	-2.344E-2	-2.177E-2	3.199E-2
8.175	0.208	-2.255E-2	0.209	2.789E-2	-6.460E-2	7.036E-2	-0.117	2.005E-2	0.119
8.192	0.208	-2.364E-2	0.210	2.977E-2	-6.221E-2	6.896E-2	-4.234E-2	0.414	0.416
8.208	0.209	-2.462E-2	0.210	2.731E-2	-5.085E-2	5.772E-2	-0.112	0.483	0.496
8.225	0.209	-2.534E-2	0.211	2.460E-2	-4.409E-2	5.048E-2	-0.283	0.759	0.810
8.242	0.210	-2.609E-2	0.211	1.957E-2	-2.931E-2	3.525E-2	-0.185	0.939	0.958
8.258	0.210	-2.632E-2	0.211	1.614E-2	-8.641E-3	1.831E-2	-3.343E-2	0.733	0.734
8.275	0.210	-2.638E-2	0.212	1.993E-2	-5.578E-3	2.069E-2	-4.395E-2	2.125E-2	4.881E-2
8.292	0.211	-2.650E-2	0.212	1.542E-2	-8.810E-3	1.776E-2	-2.471E-2	-0.667	0.667
8.308	0.211	-2.668E-2	0.212	1.639E-2	-2.587E-2	3.062E-2	0.266	-0.646	0.699
8.325	0.211	-2.736E-2	0.213	2.648E-2	-3.538E-2	4.419E-2	0.153	6.283E-2	0.165
8.342	0.212	-2.786E-2	0.213	2.259E-2	-2.109E-2	3.090E-2	-7.673E-2	0.875	0.878
8.358	0.212	-2.807E-2	0.214	2.055E-2	-5.636E-3	2.131E-2	-2.150E-2	0.718	0.718
8.375	0.212	-2.804E-2	0.214	2.463E-2	3.408E-3	2.486E-2	-4.841E-2	0.257	0.261
8.392	0.213	-2.795E-2	0.214	1.851E-2	2.850E-3	1.873E-2	6.734E-2	-2.035E-2	7.035E-2
8.408	0.213	-2.795E-2	0.215	2.416E-2	1.541E-3	2.421E-2	0.155	-7.785E-2	0.174
8.425	0.213	-2.790E-2	0.215	2.830E-2	1.196E-3	2.832E-2	0.287	2.486E-3	0.287
8.442	0.214	-2.791E-2	0.216	2.936E-2	8.222E-4	2.937E-2	-6.677E-2	-1.453E-2	6.833E-2
8.458	0.214	-2.788E-2	0.216	3.007E-2	1.376E-3	3.010E-2	4.058E-2	1.432E-2	4.303E-2
8.475	0.215	-2.786E-2	0.217	2.718E-2	9.125E-4	2.719E-2	-0.186	-5.209E-2	0.194
8.492	0.215	-2.785E-2	0.217	2.655E-2	-4.849E-5	2.655E-2	-6.699E-3	6.767E-2	6.800E-2
8.509	0.216	-2.787E-2	0.217	2.474E-2	2.312E-3	2.485E-2	-0.162	-7.521E-2	0.179
8.525	0.216	-2.777E-2	0.218	2.314E-2	-4.876E-4	2.315E-2	8.103E-2	-0.155	0.175
8.542	0.216	-2.788E-2	0.218	2.497E-2	-5.364E-3	2.554E-2	-3.303E-2	-0.129	0.133
8.559	0.217	-2.795E-2	0.219	2.523E-2	-3.528E-3	2.548E-2	0.161	4.609E-2	0.168
8.575	0.217	-2.800E-2	0.219	2.676E-2	-3.819E-3	2.703E-2	8.518E-2	-8.084E-2	0.117
8.592	0.218	-2.807E-2	0.220	3.141E-2	-6.234E-3	3.202E-2	2.075E-2	2.618E-2	3.341E-2
8.609	0.218	-2.821E-2	0.220	2.600E-2	-3.916E-3	2.629E-2	-7.635E-2	-9.357E-2	0.121
8.625	0.219	-2.820E-2	0.221	2.784E-2	-6.945E-3	2.870E-2	5.919E-3	6.983E-2	7.008E-2
8.642	0.219	-2.844E-2	0.221	2.843E-2	-5.413E-3	2.894E-2	1.636E-2	8.117E-2	8.281E-2
8.659	0.220	-2.839E-2	0.222	2.636E-2	-2.737E-4	2.636E-2	-0.162	0.312	0.351
8.675	0.220	-2.845E-2	0.222	2.462E-2	1.956E-3	2.470E-2	-0.102	0.288	0.306
8.692	0.221	-2.832E-2	0.222	2.159E-2	1.099E-2	2.423E-2	-0.175	0.462	0.494
8.709	0.221	-2.808E-2	0.223	1.980E-2	1.712E-2	2.618E-2	-0.129	0.390	0.411
8.725	0.221	-2.775E-2	0.223	1.667E-2	2.377E-2	2.903E-2	-0.261	0.490	0.555
8.742	0.221	-2.729E-2	0.223	1.177E-2	3.336E-2	3.538E-2	3.852E-2	0.593	0.594
8.759	0.222	-2.664E-2	0.223	1.574E-2	4.394E-2	4.668E-2	0.177	0.256	0.311
8.775	0.222	-2.582E-2	0.223	2.096E-2	4.326E-2	4.807E-2	-4.216E-3	-0.119	0.119
8.792	0.222	-2.519E-2	0.224	1.419E-2	3.770E-2	4.028E-2	-0.291	0.165	0.335
8.809	0.222	-2.456E-2	0.224	1.049E-2	4.805E-2	4.918E-2	-0.111	0.491	0.503
8.825	0.223	-2.359E-2	0.224	1.108E-2	5.721E-2	5.828E-2	2.568E-2	0.187	0.189
8.842	0.223	-2.265E-2	0.224	1.142E-2	5.291E-2	5.413E-2	0.104	-0.243	0.264
8.859	0.223	-2.182E-2	0.224	1.411E-2	4.858E-2	5.059E-2	0.105	-0.348	0.363
8.876	0.223	-2.103E-2	0.224	1.583E-2	4.215E-2	4.502E-2	-6.834E-2	-0.136	0.152
8.892	0.224	-2.042E-2	0.224	1.163E-2	4.201E-2	4.359E-2	-5.300E-2	3.494E-2	6.348E-2
8.909	0.224	-1.963E-2	0.225	1.267E-2	4.570E-2	4.742E-2	0.110	-1.163E-2	0.111
8.926	0.224	-1.889E-2	0.225	1.698E-2	4.098E-2	4.436E-2	8.066E-2	-0.212	0.227
8.942	0.224	-1.826E-2	0.225	1.504E-2	3.785E-2	4.073E-2	-6.478E-2	-0.244	0.252
8.959	0.224	-1.763E-2	0.225	1.410E-2	3.397E-2	3.678E-2	7.985E-2	-0.114	0.139
8.976	0.225	-1.713E-2	0.225	1.789E-2	3.248E-2	3.708E-2	0.165	-0.287	0.332
8.992	0.225	-1.655E-2	0.226	2.030E-2	2.688E-2	3.369E-2	5.074E-2	-0.172	0.180
9.009	0.225	-1.623E-2	0.226	1.920E-2	2.335E-2	3.023E-2	-0.196	-0.413	0.457
9.026	0.226	-1.577E-2	0.226	1.419E-2	1.716E-2	2.227E-2	4.395E-2	-0.335	0.338
9.042	0.226	-1.566E-2	0.226	1.836E-2	8.144E-3	2.009E-2	0.126	2.967E-2	0.130
9.059	0.226	-1.549E-2	0.227	2.209E-2	1.895E-2	2.910E-2	0.214	0.445	0.494
9.076	0.227	-1.503E-2	0.227	2.228E-2	2.561E-2	3.394E-2	-0.107	6.302E-2	0.124
9.092	0.227	-1.464E-2	0.228	2.141E-2	1.965E-2	2.906E-2	-0.179	-0.181	0.254
9.109	0.227	-1.437E-2	0.228	1.418E-2	1.850E-2	2.331E-2	-0.119	-0.181	0.217
9.126	0.228	-1.402E-2	0.228	1.719E-2	1.562E-2	2.323E-2	0.270	-7.689E-3	0.270
9.142	0.228	-1.385E-2	0.228	2.430E-2	1.557E-2	2.886E-2	0.150	0.228	0.273
9.159	0.228	-1.350E-2	0.229	2.289E-2	2.496E-2	3.387E-2	-9.796E-2	0.168	0.194
9.176	0.229	-1.302E-2	0.229	1.943E-2	2.249E-2	2.972E-2	-0.224	3.651E-3	0.225
9.193	0.229	-1.275E-2	0.229	1.662E-2	2.182E-2	2.742E-2	-4.511E-2	6.009E-2	7.514E-2
9.209	0.229	-1.229E-2	0.230	1.643E-2	2.715E-2	3.174E-2	1.639E-3	-1.085E-2	1.097E-2
9.226	0.230	-1.185E-2	0.230	1.825E-2	2.126E-2	2.802E-2	8.686E-2	-0.309	0.321
9.243	0.230	-1.158E-2	0.230	1.829E-2	1.541E-2	2.392E-2	0.120	-4.611E-2	0.128
9.259	0.230	-1.133E-2	0.230	2.244E-2	1.969E-2	2.986E-2	6.344E-2	3.206E-2	7.108E-2
9.276	0.231	-1.093E-2	0.231	2.153E-2	1.871E-2	2.852E-2	-8.056E-2	-6.033E-2	0.101
9.293	0.231	-1.071E-2	0.231	1.825E-2	1.508E-2	2.367E-2	6.944E-2	-0.336	0.343
9.309	0.231	-1.042E-2	0.231	2.376E-2	9.935E-3	2.575E-2	9.104E-2	-0.294	0.308
9.326	0.232	-1.038E-2	0.232	2.346E-2	2.879E-3	2.363E-2	-7.684E-3	-0.144	0.145
9.343	0.232	-1.033E-2	0.232	2.083E-2	5.803E-3	2.162E-2	-8.409E-3	-2.896E-2	3.016E-2
9.359	0.232	-1.018E-2	0.233	2.460E-2	3.411E-3	2.483E-2	7.418E-2	-0.210	0.223
9.376	0.233	-1.021E-2	0.233	2.349E-2	-2.901E-3	2.367E-2	-6.800E-2	-0.212	0.222
9.393	0.233	-1.028E-2	0.233	2.157E-2	-3.352E-3	2.182E-2	0.134	0.193	0.235
9.409	0.233	-1.032E-2	0.234	2.748E-2	3.096E-3	2.765E-2	0.113	7.398E-2	0.135
9.426	0.234	-1.018E-2	0.234	2.774E-2	1.675E-3	2.779E-2	3.499E-2	-0.101	0.107
9.443	0.234	-1.027E-2	0.235	2.576E-2	-3.443E-3	2.599E-2	-2.516E-2	-0.167	0.168
9.459	0.235	-1.029E-2	0.235	2.875E-2	-2.170E-3	2.884E-2	0.205	-3.953E-2	0.209
9.476	0.235	-1.034E-2	0.236	3.150E-2	-4.980E-3	3.189E-2	3.557E-2	-0.255	0.257
9.493	0.236	-1.046E-2	0.236	3.142E-2	-1.063E-2	3.317E-2	-0.145	-0.511	0.531
9.510	0.236	-1.070E-2	0.237	2.561E-2	-2.170E-2	3.357E-2	-9.280E-2	-0.569	0.577
9.526	0.237	-1.118E-2	0.237	2.747E-2	-3.098E-2	4.141E-2	2.870E-2	0.160	0.162
9.543	0.237	-1.173E-2	0.238	2.862E-2	-1.794E-2	3.378E-2	-8.017E-3	0.921	0.921
9.560	0.238	-1.178E-2	0.238	2.564E-2	3.339E-3	2.586E-2	2.081E-2	1.144	1.145
9.576	0.238	-1.162E-2	0.238	2.933E-2	1.868E-2	3.478E-2	9.888E-2	0.907	0.913
9.593	0.239	-1.116E-2	0.239	3.026E-2	3.429E-2	4.573E-2	-0.172	0.971	0.986
9.610	0.239	-1.047E-2	0.239	2.303E-2	5.038E-2	5.539E-2	-2.399E-2	0.635	0.635
9.626	0.240	-9.476E-3	0.240	2.722E-2	5.753E-2	6.364E-2	0.316	0.104	0.332
9.643	0.240	-8.554E-3	0.240	3.669E-2	5.228E-2	6.387E-2	0.167	0.161	0.232
9.660	0.241	-7.732E-3	0.241	3.238E-2	6.074E-2	6.883E-2	-0.476	0.240	0.533
9.676	0.241	-6.528E-3	0.241	2.035E-2	6.501E-2	6.812E-2	2.520E-2	1.907E-2	3.160E-2
9.693	0.241	-5.563E-3	0.241	2.955E-2	5.770E-2	6.483E-2	0.364	-0.373	0.521
9.710	0.242	-4.602E-3	0.242	3.914E-2	5.405E-2	6.673E-2	3.151E-2	-0.166	0.169
9.726	0.243	-3.760E-3	0.243	2.710E-2	5.107E-2	5.781E-2	-0.307	-5.173E-2	0.311
9.743	0.243	-2.898E-3	0.243	2.753E-2	5.282E-2	5.956E-2	-4.492E-2	-0.122	0.130
9.760	0.244	-1.997E-3	0.244	2.864E-2	4.809E-2	5.598E-2	4.512E-2	8.652E-2	9.758E-2
9.776	0.244	-1.293E-3	0.244	2.654E-2	5.239E-2	5.873E-2	-7.079E-2	-0.150	0.166
9.793	0.245	-2.491E-4	0.245	2.783E-2	4.881E-2	5.618E-2	0.218	-0.171	0.277
9.810	0.245	3.350E-4	0.245	3.231E-2	4.051E-2	5.182E-2	2.595E-2	-0.195	0.197
9.826	0.246	1.103E-3	0.246	3.144E-2	4.587E-2	5.561E-2	7.437E-3	-0.287	0.287
9.843	0.246	1.865E-3	0.246	2.924E-2	3.208E-2	4.340E-2	-5.442E-2	-0.424	0.428
9.860	0.247	2.173E-3	0.247	3.204E-2	2.665E-2	4.168E-2	2.182E-2	-0.407	0.407
9.877	0.247	2.755E-3	0.247	2.909E-2	2.432E-2	3.791E-2	-0.145	0.175	0.228
9.893	0.248	2.984E-3	0.248	2.711E-2	2.649E-2	3.790E-2	0.164	-0.184	0.247
9.910	0.248	3.639E-3	0.248	3.357E-2	2.530E-2	4.204E-2	-2.455E-2	-0.205	0.207
9.927	0.249	3.829E-3	0.249	2.993E-2	1.354E-2	3.285E-2	-0.174	-0.385	0.422
9.943	0.249	4.090E-3	0.249	2.313E-2	1.514E-2	2.764E-2	-0.247	1.564E-2	0.248
9.960	0.249	4.334E-3	0.249	2.466E-2	1.372E-2	2.822E-2	0.254	-0.247	0.354
9.977	0.250	4.548E-3	0.250	2.937E-2	7.506E-3	3.031E-2	0.127	-0.273	0.301
9.993	0.250	4.584E-3	0.250	3.191E-2	3.093E-3	3.206E-2	0.201	-8.994E-2	0.220
10.010	0.251	4.652E-3	0.251	3.297E-2	5.348E-3	3.340E-2	0.127	3.231E-2	0.131
10.027	0.252	4.763E-3	0.252	3.841E-2	4.696E-3	3.870E-2	-0.240	0.157	0.287
10.043	0.252	4.808E-3	0.252	2.589E-2	8.955E-3	2.740E-2	-0.521	0.249	0.578
10.060	0.252	5.062E-3	0.252	1.700E-2	1.507E-2	2.272E-2	-0.202	9.656E-2	0.224
10.077	0.253	5.311E-3	0.253	2.173E-2	1.172E-2	2.469E-2	-3.620E-2	-0.189	0.192
10.093	0.253	5.453E-3	0.253	1.656E-2	7.942E-3	1.837E-2	3.601E-2	0.176	0.179
10.110	0.253	5.576E-3	0.253	1.958E-2	1.658E-2	2.566E-2	0.293	0.426	0.517
10.127	0.254	6.006E-3	0.254	2.982E-2	2.497E-2	3.890E-2	9.142E-2	5.817E-2	0.108
10.143	0.254	6.409E-3	0.254	2.266E-2	1.789E-2	2.887E-2	-0.169	-0.464	0.494
10.160	0.255	6.603E-3	0.255	2.089E-2	8.264E-3	2.246E-2	-2.414E-2	-0.154	0.156
10.177	0.255	6.685E-3	0.255	2.506E-2	1.174E-2	2.767E-2	0.248	7.170E-2	0.259
10.194	0.255	6.995E-3	0.255	2.712E-2	1.376E-2	3.041E-2	6.521E-2	3.237E-2	7.281E-2
10.210	0.256	7.144E-3	0.256	2.901E-2	1.029E-2	3.078E-2	4.256E-2	-0.265	0.268
10.227	0.256	7.338E-3	0.256	2.726E-2	6.688E-3	2.807E-2	-0.217	-0.168	0.275
10.244	0.257	7.367E-3	0.257	2.291E-2	2.914E-3	2.309E-2	-0.174	-0.222	0.282
10.260	0.257	7.435E-3	0.257	1.978E-2	7.884E-4	1.980E-2	-3.483E-2	-0.106	0.112
10.277	0.257	7.394E-3	0.258	2.273E-2	-1.830E-3	2.281E-2	4.052E-2	2.433E-2	4.726E-2
10.294	0.258	7.374E-3	0.258	2.160E-2	1.829E-3	2.167E-2	0.147	0.219	0.264
10.310	0.258	7.455E-3	0.258	2.584E-2	6.060E-3	2.654E-2	-8.651E-2	0.329	0.340
10.327	0.259	7.576E-3	0.259	2.239E-2	1.206E-2	2.543E-2	-0.141	9.540E-2	0.170
10.344	0.259	7.857E-3	0.259	1.669E-2	1.123E-2	2.011E-2	-3.727E-2	-8.161E-2	8.972E-2
10.360	0.259	7.951E-3	0.259	2.350E-2	6.877E-3	2.448E-2	0.115	-0.185	0.217
10.377	0.260	8.086E-3	0.260	2.125E-2	6.456E-3	2.221E-2	8.703E-2	-1.664E-2	8.861E-2
10.394	0.260	8.166E-3	0.260	2.370E-2	5.559E-3	2.435E-2	-1.352E-2	-7.435E-2	7.557E-2
10.410	0.260	8.272E-3	0.261	2.442E-2	4.669E-3	2.486E-2	-2.809E-2	-0.126	0.129
10.427	0.261	8.322E-3	0.261	1.968E-2	1.059E-3	1.971E-2	-5.620E-2	-0.136	0.147
10.444	0.261	8.307E-3	0.261	2.361E-2	-2.799E-4	2.361E-2	9.937E-2	-0.108	0.147
10.460	0.262	8.313E-3	0.262	2.371E-2	-1.778E-3	2.378E-2	-8.602E-2	-7.675E-2	0.115
10.477	0.262	8.248E-3	0.262	2.002E-2	-3.576E-3	2.034E-2	-0.166	-4.803E-2	0.172
10.494	0.262	8.194E-3	0.262	1.811E-2	-3.024E-3	1.836E-2	-3.142E-3	4.686E-2	4.697E-2
10.511	0.263	8.147E-3	0.263	1.974E-2	-2.088E-3	1.985E-2	0.195	6.089E-3	0.195
10.527	0.263	8.124E-3	0.263	2.481E-2	-2.498E-3	2.493E-2	3.558E-2	7.462E-2	8.266E-2
10.544	0.263	8.064E-3	0.263	2.231E-2	-4.626E-4	2.232E-2	-7.020E-2	0.115	0.135
10.561	0.264	8.108E-3	0.264	1.998E-2	2.426E-3	2.012E-2	-0.175	1.024E-2	0.175
10.577	0.264	8.145E-3	0.264	1.882E-2	-2.897E-4	1.882E-2	0.129	-0.236	0.269
10.594	0.264	8.099E-3	0.264	2.155E-2	-5.701E-3	2.229E-2	5.260E-2	-4.465E-2	6.899E-2
10.611	0.265	7.954E-3	0.265	2.391E-2	-3.067E-3	2.411E-2	9.631E-2	0.133	0.164
10.627	0.265	7.996E-3	0.265	2.199E-2	9.713E-4	2.201E-2	-6.847E-2	0.126	0.143
10.644	0.265	7.987E-3	0.266	2.333E-2	-1.697E-4	2.333E-2	2.639E-2	-2.447E-2	3.599E-2
10.661	0.266	7.991E-3	0.266	2.201E-2	4.581E-4	2.202E-2	8.150E-3	2.507E-2	2.636E-2
10.677	0.266	8.002E-3	0.266	2.365E-2	6.748E-4	2.366E-2	-0.166	-6.343E-2	0.178
10.694	0.267	8.013E-3	0.267	1.791E-2	-1.398E-3	1.796E-2	-5.568E-2	-5.944E-2	8.144E-2
10.711	0.267	7.956E-3	0.267	1.842E-2	-2.093E-3	1.854E-2	4.547E-2	-3.489E-2	5.732E-2
10.727	0.267	7.943E-3	0.267	2.310E-2	-1.732E-3	2.316E-2	0.312	-0.126	0.337
10.744	0.268	7.898E-3	0.268	2.601E-2	-6.276E-3	2.676E-2	1.764E-2	-7.474E-2	7.679E-2
10.761	0.268	7.734E-3	0.268	2.660E-2	-5.682E-3	2.720E-2	6.451E-2	-8.553E-2	0.107
10.777	0.268	7.708E-3	0.269	2.520E-2	-6.708E-3	2.608E-2	-0.306	-0.137	0.335
10.794	0.269	7.510E-3	0.269	1.967E-2	-1.227E-2	2.318E-2	9.846E-2	-0.302	0.318
10.811	0.269	7.299E-3	0.269	2.331E-2	-1.573E-2	2.813E-2	0.176	4.898E-2	0.183
10.827	0.270	6.985E-3	0.270	3.139E-2	-1.237E-2	3.374E-2	0.137	0.174	0.222
10.844	0.270	6.886E-3	0.270	2.477E-2	-7.437E-3	2.586E-2	-0.402	0.211	0.454
10.861	0.271	6.737E-3	0.271	1.890E-2	-6.943E-3	2.014E-2	-0.363	1.633E-2	0.363
10.878	0.271	6.654E-3	0.271	1.201E-2	-5.969E-3	1.341E-2	0.285	-0.321	0.429
10.894	0.271	6.538E-3	0.271	2.594E-2	-1.682E-2	3.092E-2	0.437	-0.102	0.449
10.911	0.272	6.093E-3	0.272	3.302E-2	-1.387E-2	3.582E-2	0.227	0.112	0.253
10.928	0.272	6.075E-3	0.272	2.788E-2	-7.159E-3	2.878E-2	-0.513	6.675E-2	0.518
10.944	0.273	5.854E-3	0.273	2.016E-2	-1.496E-2	2.511E-2	-0.115	-0.406	0.422
10.961	0.273	5.576E-3	0.273	1.853E-2	-1.988E-2	2.718E-2	0.204	-7.325E-4	0.204
10.978	0.273	5.191E-3	0.273	3.127E-2	-1.658E-2	3.540E-2	0.323	-7.661E-2	0.332
10.994	0.274	5.022E-3	0.274	2.916E-2	-1.887E-2	3.473E-2	-0.337	-3.375E-2	0.338
11.011	0.274	4.561E-3	0.274	1.919E-2	-2.196E-2	2.916E-2	-0.233	-0.212	0.315
11.028	0.274	4.290E-3	0.274	1.964E-2	-2.221E-2	2.964E-2	7.999E-2	-0.252	0.264
11.044	0.275	3.820E-3	0.275	2.448E-2	-3.229E-2	4.052E-2	0.415	-2.958E-2	0.416
11.061	0.275	3.213E-3	0.275	3.121E-2	-2.514E-2	4.008E-2	6.770E-2	0.268	0.277
11.078	0.276	2.981E-3	0.276	3.035E-2	-1.881E-2	3.571E-2	-0.158	0.133	0.207
11.094	0.276	2.585E-3	0.276	2.227E-2	-2.374E-2	3.255E-2	-0.284	-0.231	0.366
11.111	0.277	2.189E-3	0.277	2.236E-2	-2.553E-2	3.394E-2	6.210E-3	-0.178	0.178
11.128	0.277	1.733E-3	0.277	2.221E-2	-2.985E-2	3.721E-2	7.753E-3	-5.164E-2	5.222E-2
11.144	0.277	1.193E-3	0.277	2.275E-2	-2.829E-2	3.630E-2	0.195	0.120	0.229
11.161	0.278	7.892E-4	0.278	2.801E-2	-2.432E-2	3.710E-2	0.234	-0.311	0.390
11.178	0.278	3.818E-4	0.278	3.212E-2	-3.742E-2	4.931E-2	6.458E-2	-0.283	0.290
11.195	0.279	-4.595E-4	0.279	2.942E-2	-3.909E-2	4.893E-2	0.115	2.604E-2	0.118
11.211	0.279	-9.226E-4	0.279	3.461E-2	-3.100E-2	4.646E-2	0.138	0.565	0.582
11.228	0.280	-1.494E-3	0.280	3.692E-2	-2.422E-2	4.415E-2	-2.078E-3	0.259	0.259
11.245	0.281	-1.731E-3	0.281	3.224E-2	-1.841E-2	3.713E-2	-0.155	0.503	0.526
11.261	0.281	-2.108E-3	0.281	3.237E-2	-1.164E-2	3.440E-2	-3.158E-2	0.182	0.185
11.278	0.282	-2.119E-3	0.282	3.141E-2	-7.595E-3	3.231E-2	0.500	0.276	0.572
11.295	0.282	-2.361E-3	0.282	4.641E-2	-7.047E-3	4.694E-2	0.435	8.211E-2	0.442
11.311	0.283	-2.354E-3	0.283	5.217E-2	-1.450E-3	5.219E-2	1.798E-2	0.238	0.238
11.328	0.284	-2.410E-3	0.284	4.174E-2	-1.055E-3	4.175E-2	-0.430	8.060E-2	0.437
11.345	0.285	-2.389E-3	0.285	3.960E-2	2.050E-3	3.965E-2	-2.425E-2	7.527E-2	7.908E-2
11.361	0.285	-2.341E-3	0.285	3.998E-2	1.549E-3	4.001E-2	0.108	-0.119	0.161
11.378	0.286	-2.338E-3	0.286	4.399E-2	-2.089E-3	4.404E-2	0.176	1.024E-2	0.177
11.395	0.287	-2.411E-3	0.287	4.590E-2	6.857E-4	4.590E-2	-1.832E-2	2.347E-2	2.977E-2
11.411	0.287	-2.315E-3	0.287	4.365E-2	1.146E-3	4.366E-2	0.103	5.384E-2	0.117
11.428	0.288	-2.373E-3	0.288	4.760E-2	-6.151E-5	4.760E-2	5.603E-2	-9.461E-2	0.110
11.445	0.289	-2.317E-3	0.289	4.857E-2	9.900E-5	4.858E-2	3.988E-2	-0.232	0.236
11.461	0.290	-2.370E-3	0.290	4.596E-2	-8.474E-3	4.673E-2	1.324E-2	-0.344	0.344
11.478	0.291	-2.599E-3	0.291	5.046E-2	-1.260E-2	5.201E-2	0.106	-0.453	0.465
11.495	0.291	-2.790E-3	0.291	4.982E-2	-2.110E-2	5.410E-2	-0.297	-0.203	0.360
11.512	0.292	-3.303E-3	0.292	4.072E-2	-2.337E-2	4.694E-2	-0.211	-0.110	0.238
11.528	0.293	-3.570E-3	0.293	4.017E-2	-2.061E-2	4.515E-2	7.528E-2	0.349	0.357
11.545	0.294	-3.991E-3	0.294	4.612E-2	-1.551E-2	4.866E-2	0.445	-2.676E-2	0.446
11.562	0.294	-4.087E-3	0.294	5.293E-2	-1.651E-2	5.545E-2	0.126	-0.255	0.284
11.578	0.295	-4.542E-3	0.295	5.343E-2	-2.833E-2	6.048E-2	-0.123	-0.107	0.164
11.595	0.296	-5.032E-3	0.296	4.594E-2	-2.018E-2	5.018E-2	-0.217	0.118	0.247
11.612	0.297	-5.215E-3	0.297	4.673E-2	-2.028E-2	5.095E-2	-0.129	-3.063E-2	0.132
11.628	0.298	-5.709E-3	0.298	4.294E-2	-2.573E-2	5.006E-2	-5.699E-2	-0.214	0.221
11.645	0.298	-6.074E-3	0.298	4.242E-2	-2.459E-2	4.903E-2	7.464E-2	9.821E-2	0.123
11.662	0.299	-6.530E-3	0.299	4.751E-2	-2.423E-2	5.333E-2	0.170	-3.810E-2	0.174
11.678	0.300	-6.882E-3	0.300	4.754E-2	-2.416E-2	5.333E-2	4.740E-2	-3.352E-2	5.806E-2
11.695	0.301	-7.336E-3	0.301	4.875E-2	-2.672E-2	5.560E-2	0.143	1.151E-2	0.144
11.712	0.301	-7.774E-3	0.302	5.246E-2	-2.359E-2	5.752E-2	-0.126	5.129E-2	0.136
11.728	0.302	-8.123E-3	0.302	4.617E-2	-2.389E-2	5.199E-2	-0.294	-8.543E-2	0.306
11.745	0.303	-8.571E-3	0.303	3.962E-2	-2.757E-2	4.827E-2	6.102E-2	-0.314	0.320
11.762	0.304	-9.043E-3	0.304	4.894E-2	-3.342E-2	5.926E-2	0.310	-0.388	0.497
11.778	0.305	-9.686E-3	0.305	5.235E-2	-4.148E-2	6.679E-2	0.245	-0.420	0.487
11.795	0.305	-1.043E-2	0.306	5.413E-2	-4.715E-2	7.179E-2	-0.111	-0.282	0.303
11.812	0.306	-1.126E-2	0.307	5.196E-2	-5.110E-2	7.288E-2	2.534E-2	-0.393	0.394
11.828	0.307	-1.213E-2	0.307	5.093E-2	-5.924E-2	7.812E-2	6.116E-2	-8.558E-2	0.105
11.845	0.308	-1.324E-2	0.308	5.717E-2	-5.707E-2	8.078E-2	0.110	0.155	0.190
11.862	0.309	-1.404E-2	0.309	5.383E-2	-5.016E-2	7.358E-2	-0.173	0.913	0.929
11.879	0.310	-1.491E-2	0.310	5.077E-2	-3.152E-2	5.975E-2	-0.431	1.451	1.513
11.895	0.311	-1.509E-2	0.311	4.109E-2	2.613E-3	4.117E-2	-0.539	1.802	1.881
11.912	0.311	-1.482E-2	0.312	3.037E-2	2.773E-2	4.113E-2	-0.240	1.159	1.183
11.929	0.312	-1.416E-2	0.312	3.340E-2	4.236E-2	5.394E-2	0.187	0.488	0.523
11.945	0.312	-1.341E-2	0.313	3.802E-2	4.339E-2	5.769E-2	-8.750E-2	-0.279	0.293
11.962	0.313	-1.271E-2	0.313	3.095E-2	3.332E-2	4.548E-2	-0.268	-5.670E-2	0.274
11.979	0.313	-1.230E-2	0.314	2.654E-2	3.758E-2	4.601E-2	0.176	0.526	0.555
11.995	0.314	-1.146E-2	0.314	3.753E-2	5.496E-2	6.656E-2	0.398	0.629	0.745
12.012	0.315	-1.046E-2	0.315	4.223E-2	5.836E-2	7.203E-2	0.225	-7.760E-2	0.238
12.029	0.315	-9.513E-3	0.316	4.239E-2	5.199E-2	6.708E-2	-5.605E-2	-0.148	0.158
12.045	0.316	-8.728E-3	0.316	4.238E-2	5.157E-2	6.675E-2	-0.215	0.135	0.254
12.062	0.317	-7.793E-3	0.317	3.432E-2	5.820E-2	6.757E-2	-1.229E-2	-0.130	0.131
12.079	0.317	-6.787E-3	0.317	3.979E-2	4.882E-2	6.298E-2	2.238E-2	-0.371	0.371
12.095	0.318	-6.164E-3	0.318	3.995E-2	4.163E-2	5.770E-2	7.594E-2	-0.595	0.600
12.112	0.319	-5.397E-3	0.319	3.711E-2	3.358E-2	5.005E-2	0.130	4.454E-2	0.137
12.129	0.319	-5.043E-3	0.319	4.721E-2	3.676E-2	5.983E-2	-4.793E-2	-0.129	0.138
12.145	0.320	-4.171E-3	0.320	3.729E-2	3.758E-2	5.294E-2	4.085E-2	-0.276	0.279
12.162	0.321	-3.789E-3	0.321	4.187E-2	2.136E-2	4.700E-2	-9.753E-3	-0.284	0.284
12.179	0.322	-3.458E-3	0.322	4.583E-2	2.854E-2	5.398E-2	2.868E-2	0.284	0.285
12.196	0.322	-2.837E-3	0.322	3.586E-2	3.399E-2	4.941E-2	0.124	-0.167	0.208
12.212	0.323	-2.324E-3	0.323	5.131E-2	2.205E-2	5.585E-2	0.298	-0.554	0.629
12.229	0.324	-2.101E-3	0.324	5.042E-2	1.347E-2	5.219E-2	-0.433	-0.317	0.537
12.246	0.324	-1.875E-3	0.324	3.235E-2	1.287E-2	3.481E-2	-0.625	-7.695E-2	0.630
12.262	0.325	-1.672E-3	0.325	2.945E-2	1.086E-2	3.139E-2	-0.101	-5.246E-2	0.114
12.279	0.325	-1.512E-3	0.325	3.067E-2	1.069E-2	3.248E-2	0.176	-0.134	0.221
12.296	0.326	-1.315E-3	0.326	3.391E-2	7.520E-3	3.474E-2	0.431	-8.621E-2	0.439
12.312	0.327	-1.261E-3	0.327	4.553E-2	6.030E-3	4.593E-2	0.296	-0.202	0.359
12.329	0.327	-1.114E-3	0.327	4.609E-2	3.008E-3	4.618E-2	-0.234	-0.154	0.280
12.346	0.328	-1.161E-3	0.328	3.545E-2	-1.383E-3	3.548E-2	-0.158	-0.176	0.236
12.362	0.329	-1.160E-3	0.329	3.941E-2	-1.423E-3	3.943E-2	9.020E-2	-2.381E-2	9.329E-2
12.379	0.329	-1.208E-3	0.329	4.214E-2	-2.814E-3	4.223E-2	4.265E-2	-7.917E-2	8.993E-2
12.396	0.330	-1.254E-3	0.330	3.796E-2	-3.694E-3	3.814E-2	-0.151	-0.111	0.188
12.412	0.331	-1.332E-3	0.331	3.832E-2	-6.534E-3	3.887E-2	2.353E-2	-9.687E-2	9.968E-2
12.429	0.331	-1.472E-3	0.331	3.823E-2	-7.461E-3	3.895E-2	-0.127	9.298E-2	0.157
12.446	0.332	-1.581E-3	0.332	3.500E-2	-3.344E-3	3.516E-2	-5.964E-2	-2.435E-2	6.442E-2
12.462	0.332	-1.584E-3	0.332	3.450E-2	-6.589E-3	3.512E-2	-2.916E-2	-0.432	0.433
12.479	0.333	-1.801E-3	0.333	3.589E-2	-1.918E-2	4.069E-2	0.251	-0.452	0.517
12.496	0.334	-2.223E-3	0.334	4.078E-2	-2.289E-2	4.677E-2	-5.856E-2	-3.257E-2	6.701E-2
12.513	0.334	-2.564E-3	0.334	3.767E-2	-1.889E-2	4.214E-2	6.873E-2	4.309E-3	6.887E-2
12.529	0.335	-2.854E-3	0.335	3.774E-2	-2.200E-2	4.368E-2	3.325E-2	-0.172	0.175
12.546	0.336	-3.298E-3	0.336	4.372E-2	-2.624E-2	5.099E-2	2.601E-2	-0.138	0.141
12.563	0.336	-3.729E-3	0.336	3.641E-2	-2.584E-2	4.465E-2	-0.448	0.148	0.472
12.579	0.337	-4.161E-3	0.337	2.907E-2	-2.192E-2	3.641E-2	-5.304E-2	3.951E-2	6.614E-2
12.596	0.337	-4.461E-3	0.337	3.276E-2	-2.273E-2	3.987E-2	0.116	-0.321	0.342
12.613	0.338	-4.919E-3	0.338	3.641E-2	-3.366E-2	4.958E-2	0.298	-0.154	0.335
12.629	0.339	-5.584E-3	0.339	3.933E-2	-3.033E-2	4.966E-2	-9.828E-2	0.187	0.211
12.646	0.339	-5.931E-3	0.339	3.711E-2	-2.344E-2	4.390E-2	-7.419E-2	8.276E-3	7.465E-2
12.663	0.340	-6.366E-3	0.340	3.248E-2	-3.141E-2	4.518E-2	-0.131	-0.264	0.294
12.679	0.340	-6.979E-3	0.341	3.566E-2	-3.380E-2	4.914E-2	7.100E-4	-0.130	0.130
12.696	0.341	-7.494E-3	0.341	3.173E-2	-3.372E-2	4.630E-2	3.992E-2	9.944E-2	0.107
12.713	0.342	-8.104E-3	0.342	3.563E-2	-3.233E-2	4.811E-2	8.344E-2	-6.491E-2	0.106
12.729	0.342	-8.572E-3	0.342	3.731E-2	-3.349E-2	5.014E-2	-7.894E-3	5.797E-2	5.851E-2
12.746	0.343	-9.222E-3	0.343	3.309E-2	-3.334E-2	4.698E-2	3.170E-2	-2.022E-3	3.176E-2
12.763	0.343	-9.685E-3	0.343	3.844E-2	-3.077E-2	4.923E-2	0.121	-3.420E-2	0.126
12.779	0.344	-1.025E-2	0.344	3.911E-2	-3.584E-2	5.305E-2	-0.123	-6.447E-2	0.138
12.796	0.345	-1.088E-2	0.345	3.272E-2	-3.369E-2	4.696E-2	-0.172	3.356E-3	0.172
12.813	0.345	-1.137E-2	0.345	3.304E-2	-3.363E-2	4.714E-2	-9.199E-2	-8.420E-2	0.125
12.829	0.346	-1.200E-2	0.346	3.125E-2	-3.823E-2	4.938E-2	-0.109	-0.128	0.168
12.846	0.346	-1.265E-2	0.346	2.776E-2	-3.758E-2	4.672E-2	5.434E-2	-5.419E-2	7.674E-2
12.863	0.347	-1.326E-2	0.347	3.320E-2	-3.927E-2	5.142E-2	0.114	-8.207E-3	0.114
12.880	0.347	-1.396E-2	0.348	3.344E-2	-3.921E-2	5.153E-2	-2.410E-2	9.483E-2	9.785E-2
12.896	0.348	-1.457E-2	0.348	3.026E-2	-3.508E-2	4.633E-2	-0.133	-6.508E-2	0.148
12.913	0.348	-1.513E-2	0.349	3.020E-2	-4.046E-2	5.049E-2	0.159	-0.489	0.514
12.930	0.349	-1.592E-2	0.349	3.421E-2	-5.269E-2	6.283E-2	0.111	-0.518	0.530
12.946	0.349	-1.689E-2	0.350	3.612E-2	-5.836E-2	6.863E-2	-1.087E-2	-0.513	0.514
12.963	0.350	-1.786E-2	0.350	3.217E-2	-6.774E-2	7.499E-2	-5.012E-2	-0.237	0.242
12.980	0.350	-1.915E-2	0.351	3.441E-2	-6.991E-2	7.792E-2	0.174	-0.148	0.228
12.996	0.351	-2.020E-2	0.352	3.861E-2	-6.850E-2	7.863E-2	6.504E-3	-9.383E-2	9.405E-2
13.013	0.352	-2.143E-2	0.352	3.533E-2	-7.549E-2	8.335E-2	-0.108	0.125	0.165
13.030	0.352	-2.271E-2	0.353	3.307E-2	-6.550E-2	7.338E-2	-2.094E-2	0.700	0.701
13.046	0.353	-2.362E-2	0.354	3.597E-2	-4.940E-2	6.111E-2	-0.106	1.061	1.067
13.063	0.353	-2.436E-2	0.354	3.018E-2	-3.211E-2	4.407E-2	-5.810E-2	0.691	0.694
13.080	0.354	-2.469E-2	0.355	3.117E-2	-2.298E-2	3.873E-2	-3.695E-2	0.316	0.318
13.096	0.355	-2.513E-2	0.355	3.269E-2	-2.455E-2	4.089E-2	2.083E-2	4.353E-2	4.826E-2
13.113	0.355	-2.551E-2	0.356	2.895E-2	-2.082E-2	3.566E-2	-6.673E-2	9.237E-2	0.114
13.130	0.356	-2.582E-2	0.356	3.171E-2	-2.087E-2	3.796E-2	-0.115	0.137	0.179
13.146	0.356	-2.621E-2	0.357	2.601E-2	-1.783E-2	3.153E-2	-7.101E-2	0.306	0.314
13.163	0.356	-2.642E-2	0.357	2.636E-2	-9.419E-3	2.800E-2	-7.808E-2	0.526	0.531
13.180	0.357	-2.652E-2	0.358	2.717E-2	-8.066E-4	2.719E-2	-2.310E-2	0.390	0.390
13.197	0.357	-2.645E-2	0.358	2.265E-2	4.584E-3	2.311E-2	-4.057E-2	0.215	0.219
13.213	0.358	-2.637E-2	0.359	2.677E-2	5.538E-3	2.734E-2	0.208	-7.797E-2	0.222
13.230	0.358	-2.626E-2	0.359	3.001E-2	2.713E-3	3.013E-2	2.300E-2	-9.282E-2	9.563E-2
13.247	0.359	-2.628E-2	0.360	2.778E-2	1.010E-3	2.780E-2	-0.150	-0.103	0.182
13.263	0.359	-2.623E-2	0.360	2.417E-2	6.814E-4	2.418E-2	-0.133	-1.011E-2	0.133
13.280	0.359	-2.625E-2	0.360	2.354E-2	-4.161E-4	2.355E-2	0.202	-7.011E-2	0.214
13.297	0.360	-2.624E-2	0.361	3.011E-2	-7.831E-4	3.012E-2	5.653E-2	-3.413E-2	6.604E-2
13.313	0.360	-2.628E-2	0.361	2.844E-2	-2.179E-3	2.853E-2	-0.122	-3.301E-2	0.127
13.330	0.361	-2.631E-2	0.362	2.245E-2	-1.679E-3	2.252E-2	-0.132	6.122E-3	0.132
13.347	0.361	-2.634E-2	0.362	2.569E-2	-1.818E-3	2.575E-2	0.129	3.191E-2	0.133
13.363	0.362	-2.637E-2	0.363	2.674E-2	-9.983E-4	2.676E-2	-0.101	2.660E-2	0.104
13.380	0.362	-2.637E-2	0.363	2.274E-2	-3.801E-4	2.274E-2	-0.165	-8.547E-2	0.186
13.397	0.362	-2.639E-2	0.363	1.992E-2	-3.846E-3	2.029E-2	-0.116	-3.052E-2	0.120
13.413	0.363	-2.650E-2	0.364	1.996E-2	-2.652E-3	2.013E-2	-9.264E-2	-7.438E-2	0.119
13.430	0.363	-2.648E-2	0.364	1.665E-2	-4.040E-3	1.713E-2	2.087E-2	-8.900E-2	9.141E-2
13.447	0.363	-2.663E-2	0.364	1.948E-2	-7.922E-3	2.103E-2	0.122	-0.274	0.300
13.463	0.364	-2.674E-2	0.365	2.269E-2	-1.132E-2	2.536E-2	7.933E-2	-0.162	0.180
13.480	0.364	-2.701E-2	0.365	2.090E-2	-1.508E-2	2.578E-2	0.119	-0.115	0.165
13.497	0.364	-2.724E-2	0.365	2.617E-2	-1.412E-2	2.973E-2	7.309E-2	3.553E-2	8.127E-2
13.514	0.365	-2.748E-2	0.366	2.567E-2	-1.411E-2	2.929E-2	5.624E-2	-0.216	0.223
13.530	0.365	-2.771E-2	0.366	2.493E-2	-2.035E-2	3.218E-2	-0.131	-0.206	0.244
13.547	0.366	-2.816E-2	0.367	2.437E-2	-2.331E-2	3.372E-2	-0.241	-0.122	0.270
13.564	0.366	-2.849E-2	0.367	1.510E-2	-2.219E-2	2.684E-2	-0.144	0.188	0.237
13.580	0.366	-2.890E-2	0.367	1.831E-2	-1.898E-2	2.637E-2	6.717E-2	3.821E-4	6.717E-2
13.597	0.367	-2.912E-2	0.368	2.051E-2	-1.942E-2	2.824E-2	-1.779E-2	-0.196	0.196
13.614	0.367	-2.955E-2	0.368	1.544E-2	-2.767E-2	3.169E-2	-9.428E-2	5.819E-2	0.111
13.630	0.367	-3.005E-2	0.368	1.757E-2	-1.887E-2	2.578E-2	-3.008E-2	0.547	0.548
13.647	0.368	-3.018E-2	0.369	1.582E-2	-6.155E-3	1.697E-2	-0.112	0.653	0.662
13.664	0.368	-3.025E-2	0.369	1.217E-2	1.002E-3	1.222E-2	-0.191	0.597	0.627
13.680	0.368	-3.014E-2	0.369	1.056E-2	1.406E-2	1.758E-2	2.505E-2	0.748	0.748
13.697	0.368	-2.978E-2	0.369	1.179E-2	2.659E-2	2.908E-2	8.769E-2	0.628	0.634
13.714	0.368	-2.926E-2	0.370	1.485E-2	3.489E-2	3.792E-2	-0.140	0.346	0.373
13.730	0.369	-2.862E-2	0.370	7.515E-3	3.832E-2	3.905E-2	-0.256	0.390	0.466
13.747	0.369	-2.798E-2	0.370	3.908E-3	4.634E-2	4.651E-2	-7.485E-2	0.123	0.144
13.764	0.369	-2.707E-2	0.370	6.991E-3	4.586E-2	4.639E-2	8.908E-2	-3.695E-2	9.644E-2
13.780	0.369	-2.645E-2	0.370	6.389E-3	4.108E-2	4.158E-2	-0.113	-0.225	0.252
13.797	0.369	-2.570E-2	0.370	3.506E-3	4.109E-2	4.124E-2	-9.187E-2	-0.122	0.153
13.814	0.369	-2.508E-2	0.370	2.447E-3	3.572E-2	3.580E-2	0.109	-0.146	0.182
13.830	0.369	-2.451E-2	0.370	7.415E-3	3.593E-2	3.669E-2	0.125	-5.756E-2	0.138
13.847	0.369	-2.388E-2	0.370	7.859E-3	3.504E-2	3.591E-2	0.123	-0.240	0.270
13.864	0.369	-2.334E-2	0.370	9.466E-3	2.748E-2	2.906E-2	-0.116	-7.141E-2	0.136
13.881	0.370	-2.296E-2	0.370	6.809E-3	3.062E-2	3.136E-2	-0.151	-2.181E-2	0.153
13.897	0.370	-2.232E-2	0.370	1.379E-3	3.074E-2	3.078E-2	-8.805E-2	-0.137	0.163
13.914	0.370	-2.194E-2	0.370	5.187E-3	2.278E-2	2.336E-2	8.143E-2	-0.312	0.323
13.931	0.370	-2.156E-2	0.370	4.712E-3	2.149E-2	2.200E-2	-5.545E-2	-0.262	0.268
13.947	0.370	-2.122E-2	0.370	2.375E-3	1.462E-2	1.481E-2	-8.505E-2	-0.110	0.139
13.964	0.370	-2.107E-2	0.370	2.253E-3	1.536E-2	1.552E-2	4.199E-3	-7.698E-3	8.768E-3
13.981	0.370	-2.071E-2	0.370	2.412E-3	1.769E-2	1.785E-2	8.106E-2	0.231	0.245
13.997	0.370	-2.048E-2	0.370	4.785E-3	1.999E-2	2.055E-2	0.197	0.248	0.317
14.014	0.370	-2.004E-2	0.371	9.179E-3	2.821E-2	2.966E-2	9.139E-2	3.692E-2	9.856E-2
14.031	0.370	-1.954E-2	0.371	8.629E-3	2.190E-2	2.354E-2	-2.168E-2	-0.273	0.274
14.047	0.370	-1.931E-2	0.371	7.095E-3	1.626E-2	1.774E-2	-0.181	-6.478E-2	0.192
14.064	0.370	-1.900E-2	0.371	4.030E-3	2.118E-2	2.156E-2	-3.648E-2	7.489E-2	8.331E-2
14.081	0.370	-1.860E-2	0.371	3.814E-3	1.974E-2	2.010E-2	-2.048E-3	4.334E-2	4.338E-2
14.097	0.371	-1.834E-2	0.371	6.078E-3	2.043E-2	2.131E-2	-9.919E-3	-0.164	0.164
14.114	0.371	-1.792E-2	0.371	2.548E-3	1.732E-2	1.751E-2	-0.167	-7.377E-2	0.183
14.131	0.371	-1.776E-2	0.371	4.066E-4	1.436E-2	1.437E-2	4.540E-2	-0.335	0.338
14.147	0.371	-1.744E-2	0.371	3.592E-3	9.972E-3	1.060E-2	0.194	0.127	0.231
14.164	0.371	-1.743E-2	0.371	7.932E-3	1.343E-2	1.560E-2	0.277	1.322E-2	0.277
14.181	0.371	-1.699E-2	0.371	1.197E-2	1.672E-2	2.056E-2	0.162	-8.203E-2	0.181
14.198	0.371	-1.687E-2	0.372	1.437E-2	6.320E-3	1.570E-2	1.381E-2	-0.360	0.360
14.214	0.371	-1.678E-2	0.372	1.185E-2	5.720E-3	1.316E-2	-9.478E-2	-0.139	0.168
14.231	0.372	-1.668E-2	0.372	1.087E-2	2.446E-3	1.114E-2	9.053E-2	0.198	0.218
14.248	0.372	-1.670E-2	0.372	1.474E-2	9.695E-3	1.765E-2	8.929E-2	0.256	0.271
14.264	0.372	-1.636E-2	0.372	1.516E-2	1.535E-2	2.158E-2	-2.024E-2	3.494E-2	4.038E-2
14.281	0.372	-1.619E-2	0.373	1.267E-2	8.101E-3	1.504E-2	-8.056E-2	-0.363	0.371
14.298	0.372	-1.609E-2	0.373	1.305E-2	3.753E-3	1.358E-2	2.363E-2	-5.548E-2	6.030E-2
14.314	0.373	-1.606E-2	0.373	1.331E-2	5.320E-3	1.434E-2	0.173	-0.166	0.240
14.331	0.373	-1.591E-2	0.373	1.828E-2	8.453E-4	1.830E-2	8.893E-2	-0.189	0.209
14.348	0.373	-1.603E-2	0.374	1.821E-2	-4.386E-3	1.873E-2	-0.114	5.752E-2	0.128
14.364	0.374	-1.606E-2	0.374	1.261E-2	4.091E-3	1.326E-2	0.126	0.177	0.217
14.381	0.374	-1.590E-2	0.374	2.142E-2	3.441E-3	2.169E-2	0.404	-0.171	0.439
14.398	0.374	-1.594E-2	0.375	2.929E-2	-3.885E-3	2.955E-2	7.560E-2	-0.294	0.304
14.414	0.375	-1.603E-2	0.375	2.269E-2	-5.815E-3	2.342E-2	-0.309	-0.336	0.457
14.431	0.375	-1.614E-2	0.375	1.789E-2	-1.398E-2	2.271E-2	-4.130E-2	-0.880	0.881
14.448	0.375	-1.649E-2	0.376	2.145E-2	-3.530E-2	4.131E-2	5.108E-2	-0.612	0.614
14.464	0.376	-1.731E-2	0.376	2.120E-2	-3.872E-2	4.415E-2	-3.098E-2	0.240	0.242
14.481	0.376	-1.779E-2	0.376	1.860E-2	-2.315E-2	2.969E-2	-0.264	1.321	1.348
14.498	0.376	-1.809E-2	0.377	1.412E-2	2.483E-3	1.434E-2	0.110	1.397	1.401
14.515	0.376	-1.770E-2	0.377	1.892E-2	2.783E-2	3.365E-2	2.215E-2	1.157	1.157
14.531	0.377	-1.716E-2	0.377	2.005E-2	3.875E-2	4.363E-2	-2.661E-2	0.794	0.794
14.548	0.377	-1.641E-2	0.377	1.343E-2	5.398E-2	5.562E-2	-9.293E-2	0.606	0.613
14.565	0.377	-1.536E-2	0.378	1.874E-2	6.108E-2	6.389E-2	0.391	0.581	0.701
14.581	0.378	-1.437E-2	0.378	2.609E-2	6.986E-2	7.458E-2	0.416	0.423	0.593
14.598	0.378	-1.302E-2	0.378	3.330E-2	7.890E-2	8.564E-2	5.851E-2	0.475	0.478
14.615	0.379	-1.174E-2	0.379	2.898E-2	8.276E-2	8.769E-2	-0.285	-0.155	0.324
14.631	0.379	-1.026E-2	0.379	2.164E-2	7.726E-2	8.024E-2	-8.026E-3	-0.311	0.311
14.648	0.380	-9.162E-3	0.380	2.842E-2	6.803E-2	7.373E-2	0.212	-0.268	0.342
14.665	0.380	-7.993E-3	0.380	3.156E-2	7.046E-2	7.720E-2	-1.171E-2	6.284E-2	6.392E-2
14.681	0.381	-6.811E-3	0.381	2.593E-2	7.006E-2	7.470E-2	-0.124	-0.314	0.338
14.698	0.381	-5.656E-3	0.381	2.727E-2	6.090E-2	6.673E-2	6.208E-2	-0.219	0.227
14.715	0.382	-4.779E-3	0.382	2.907E-2	5.949E-2	6.622E-2	2.048E-2	-0.245	0.246
14.731	0.382	-3.670E-3	0.382	2.743E-2	5.722E-2	6.346E-2	6.082E-4	-0.134	0.134
14.748	0.382	-2.870E-3	0.382	2.870E-2	5.098E-2	5.850E-2	0.108	-0.413	0.427
14.765	0.383	-1.969E-3	0.383	3.161E-2	4.665E-2	5.635E-2	-0.168	-0.153	0.228
14.781	0.384	-1.313E-3	0.384	2.422E-2	4.284E-2	4.922E-2	-0.204	0.202	0.287
14.798	0.384	-5.400E-4	0.384	2.154E-2	5.430E-2	5.842E-2	-0.121	0.188	0.223
14.815	0.384	4.986E-4	0.384	2.349E-2	5.229E-2	5.732E-2	4.543E-2	-0.223	0.228
14.831	0.385	1.205E-3	0.385	2.106E-2	4.281E-2	4.771E-2	6.723E-2	-0.631	0.635
14.848	0.385	1.927E-3	0.385	2.604E-2	3.410E-2	4.290E-2	8.654E-2	-0.258	0.272
14.865	0.385	2.342E-3	0.385	2.548E-2	3.068E-2	3.988E-2	-8.260E-2	-0.251	0.264
14.882	0.386	2.951E-3	0.386	2.145E-2	2.966E-2	3.661E-2	-0.117	-0.182	0.216
14.898	0.386	3.332E-3	0.386	2.224E-2	2.197E-2	3.126E-2	9.107E-2	-0.203	0.223
14.915	0.387	3.683E-3	0.387	2.434E-2	2.327E-2	3.368E-2	-4.593E-3	-5.950E-2	5.967E-2
14.932	0.387	4.109E-3	0.387	2.292E-2	2.134E-2	3.132E-2	-8.201E-3	-0.212	0.213
14.948	0.387	4.395E-3	0.387	2.258E-2	1.499E-2	2.710E-2	0.101	-0.472	0.483
14.965	0.388	4.609E-3	0.388	2.724E-2	6.459E-3	2.799E-2	0.120	-0.369	0.388
14.982	0.388	4.611E-3	0.388	2.707E-2	1.055E-3	2.709E-2	-4.462E-2	-0.342	0.345
14.998	0.389	4.644E-3	0.389	2.487E-2	-3.058E-3	2.506E-2	-8.865E-2	-6.779E-2	0.112
15.015	0.389	4.509E-3	0.389	2.444E-2	-3.446E-3	2.469E-2	0.146	-2.963E-2	0.149
15.032	0.389	4.529E-3	0.389	2.895E-2	-1.596E-3	2.900E-2	2.122E-2	0.207	0.208
15.048	0.390	4.456E-3	0.390	2.750E-2	1.207E-3	2.753E-2	-5.785E-2	0.120	0.133
15.065	0.390	4.569E-3	0.390	2.410E-2	4.716E-3	2.456E-2	-7.046E-2	0.568	0.573
15.082	0.391	4.613E-3	0.391	2.690E-2	1.675E-2	3.169E-2	2.893E-2	0.328	0.330
15.098	0.391	5.128E-3	0.391	2.488E-2	2.137E-2	3.280E-2	-0.338	0.144	0.367
15.115	0.392	5.326E-3	0.392	1.609E-2	1.619E-2	2.283E-2	-8.858E-2	-0.134	0.161
15.132	0.392	5.668E-3	0.392	1.885E-2	1.962E-2	2.721E-2	0.170	2.598E-2	0.172
15.148	0.392	5.981E-3	0.392	2.589E-2	1.650E-2	3.069E-2	1.215E-2	-8.992E-2	9.073E-2
15.165	0.393	6.219E-3	0.393	1.790E-2	1.588E-2	2.393E-2	-0.174	2.337E-2	0.176
15.182	0.393	6.511E-3	0.393	1.812E-2	1.799E-2	2.553E-2	0.158	-1.775E-2	0.159
15.199	0.393	6.819E-3	0.393	2.529E-2	1.561E-2	2.972E-2	0.128	-0.168	0.211
15.215	0.394	7.032E-3	0.394	2.265E-2	1.165E-2	2.547E-2	8.135E-3	-0.393	0.393
15.232	0.394	7.208E-3	0.394	2.342E-2	3.581E-3	2.369E-2	0.251	-0.278	0.375
15.249	0.394	7.151E-3	0.395	3.248E-2	5.459E-5	3.248E-2	-0.140	-0.122	0.186
15.265	0.395	7.209E-3	0.395	2.136E-2	1.742E-3	2.143E-2	-0.496	-2.558E-2	0.497
15.282	0.395	7.209E-3	0.395	1.039E-2	-1.572E-3	1.051E-2	5.226E-2	4.575E-2	6.946E-2
15.299	0.395	7.157E-3	0.396	2.500E-2	2.300E-3	2.510E-2	0.375	9.975E-2	0.388
15.315	0.396	7.286E-3	0.396	2.652E-2	4.054E-3	2.683E-2	-0.293	3.476E-2	0.295
15.332	0.396	7.292E-3	0.396	1.203E-2	1.479E-3	1.212E-2	-0.442	-0.104	0.454
15.349	0.396	7.335E-3	0.397	1.080E-2	1.555E-3	1.091E-2	-1.928E-2	0.122	0.124
15.365	0.397	7.344E-3	0.397	1.367E-2	4.535E-3	1.440E-2	0.200	-8.137E-3	0.200
15.382	0.397	7.487E-3	0.397	1.586E-2	3.318E-3	1.621E-2	0.136	-0.104	0.171
15.399	0.397	7.455E-3	0.397	1.951E-2	-1.122E-3	1.954E-2	0.188	6.689E-2	0.200
15.415	0.398	7.449E-3	0.398	2.132E-2	5.660E-3	2.206E-2	0.144	0.212	0.256
15.432	0.398	7.644E-3	0.398	2.465E-2	8.059E-3	2.594E-2	-7.844E-2	5.584E-3	7.864E-2
15.449	0.398	7.718E-3	0.398	1.975E-2	4.020E-3	2.015E-2	-0.287	-6.727E-2	0.295
15.465	0.399	7.778E-3	0.399	1.309E-2	5.878E-3	1.435E-2	-3.243E-2	-6.833E-2	7.564E-2
15.482	0.399	7.914E-3	0.399	1.864E-2	3.171E-3	1.891E-2	0.104	-0.181	0.208
15.499	0.399	7.884E-3	0.399	1.906E-2	-1.895E-3	1.916E-2	0.160	-0.209	0.263
15.516	0.399	7.851E-3	0.400	2.059E-2	-2.969E-3	2.080E-2	2.919E-3	3.652E-2	3.664E-2
15.532	0.400	7.785E-3	0.400	2.263E-2	-1.332E-3	2.267E-2	-9.616E-2	7.650E-2	0.123
15.549	0.400	7.807E-3	0.400	1.532E-2	5.861E-4	1.533E-2	-5.249E-2	0.139	0.149
15.566	0.400	7.804E-3	0.400	1.991E-2	2.369E-3	2.005E-2	0.145	-3.108E-2	0.149
15.582	0.401	7.886E-3	0.401	2.305E-2	9.326E-4	2.307E-2	-1.958E-2	3.583E-2	4.084E-2
15.599	0.401	7.835E-3	0.401	1.742E-2	1.443E-3	1.748E-2	-5.856E-2	-4.715E-2	7.518E-2
15.616	0.401	7.934E-3	0.402	2.044E-2	1.784E-3	2.052E-2	0.354	-0.143	0.382
15.632	0.402	7.895E-3	0.402	3.017E-2	-4.792E-3	3.055E-2	0.253	-0.115	0.277
15.649	0.402	7.774E-3	0.403	3.027E-2	-2.798E-3	3.039E-2	1.755E-2	0.131	0.132
15.666	0.403	7.801E-3	0.403	2.827E-2	1.248E-3	2.830E-2	-0.123	5.969E-2	0.137
15.682	0.403	7.815E-3	0.403	2.809E-2	-1.260E-3	2.812E-2	-0.192	-6.597E-2	0.203
15.699	0.404	7.759E-3	0.404	2.118E-2	-1.728E-3	2.125E-2	-0.254	-7.433E-2	0.265
15.716	0.404	7.758E-3	0.404	1.872E-2	-2.615E-3	1.890E-2	-3.640E-2	-0.155	0.159
15.732	0.404	7.672E-3	0.405	2.084E-2	-7.512E-3	2.215E-2	0.434	-0.283	0.518
15.749	0.405	7.507E-3	0.405	3.173E-2	-1.206E-2	3.395E-2	-6.178E-3	-0.162	0.162
15.766	0.405	7.270E-3	0.406	2.577E-2	-1.333E-2	2.901E-2	2.627E-2	-2.446E-2	3.589E-2
15.782	0.406	7.062E-3	0.406	2.441E-2	-1.232E-2	2.734E-2	9.342E-2	0.120	0.152
15.799	0.406	6.859E-3	0.406	3.591E-2	-9.780E-3	3.721E-2	-1.978E-2	9.930E-2	0.101
15.816	0.407	6.736E-3	0.407	2.217E-2	-8.202E-3	2.364E-2	-0.315	-0.209	0.378
15.832	0.407	6.585E-3	0.407	2.150E-2	-1.630E-2	2.698E-2	-5.438E-2	-0.209	0.216
15.849	0.408	6.192E-3	0.408	2.546E-2	-1.792E-2	3.113E-2	0.200	-6.485E-2	0.210
15.866	0.408	5.987E-3	0.408	2.444E-2	-1.539E-2	2.888E-2	6.147E-2	8.640E-2	0.106
15.883	0.408	5.679E-3	0.408	2.964E-2	-1.694E-2	3.414E-2	0.393	-0.138	0.416
15.899	0.409	5.422E-3	0.409	3.612E-2	-1.864E-2	4.065E-2	3.316E-2	0.113	0.118
15.916	0.410	5.057E-3	0.410	3.364E-2	-1.526E-2	3.694E-2	-0.236	0.135	0.272
15.933	0.410	4.913E-3	0.410	2.497E-2	-1.138E-2	2.743E-2	-0.435	5.994E-2	0.439
15.949	0.410	4.677E-3	0.410	2.087E-2	-1.488E-2	2.563E-2	6.023E-2	-0.243	0.250
15.966	0.411	4.416E-3	0.411	2.474E-2	-1.884E-2	3.110E-2	8.228E-2	-0.176	0.194
15.983	0.411	4.049E-3	0.411	2.719E-2	-2.162E-2	3.474E-2	0.113	-0.268	0.291
15.999	0.412	3.695E-3	0.412	2.534E-2	-2.646E-2	3.664E-2	0.102	-8.758E-2	0.134
16.016	0.412	3.166E-3	0.412	3.193E-2	-2.681E-2	4.169E-2	0.413	-8.232E-2	0.421
16.033	0.413	2.801E-3	0.413	3.893E-2	-2.641E-2	4.704E-2	-0.406	-6.317E-2	0.410
16.049	0.413	2.285E-3	0.413	2.206E-2	-3.091E-2	3.798E-2	-0.482	-0.240	0.538
16.066	0.413	1.769E-3	0.413	1.444E-2	-3.340E-2	3.639E-2	4.387E-2	1.640E-2	4.683E-2
16.083	0.414	1.170E-3	0.414	2.994E-2	-3.168E-2	4.359E-2	0.480	8.562E-3	0.480
16.099	0.414	7.120E-4	0.414	2.962E-2	-3.104E-2	4.290E-2	4.290E-2	-0.217	0.222
16.116	0.415	1.345E-4	0.415	2.988E-2	-3.982E-2	4.978E-2	2.769E-2	-0.310	0.311
16.133	0.415	-6.165E-4	0.415	3.187E-2	-4.268E-2	5.327E-2	0.139	0.330	0.358
16.149	0.416	-1.290E-3	0.416	3.348E-2	-2.901E-2	4.430E-2	0.175	0.512	0.541
16.166	0.417	-1.585E-3	0.417	3.823E-2	-2.207E-2	4.415E-2	0.482	0.387	0.618
16.183	0.417	-2.026E-3	0.417	4.867E-2	-1.992E-2	5.258E-2	6.046E-2	0.306	0.312
16.200	0.418	-2.249E-3	0.418	4.410E-2	-9.866E-3	4.519E-2	-0.184	0.495	0.528
16.216	0.419	-2.355E-3	0.419	3.692E-2	-3.728E-3	3.711E-2	-0.253	0.397	0.471
16.233	0.419	-2.373E-3	0.419	3.950E-2	3.038E-3	3.961E-2	0.563	6.807E-2	0.567
16.250	0.420	-2.254E-3	0.420	5.185E-2	3.231E-4	5.185E-2	9.484E-2	8.014E-2	0.124
16.266	0.421	-2.363E-3	0.421	4.996E-2	1.957E-3	4.999E-2	-0.199	-5.934E-3	0.199
16.283	0.422	-2.189E-3	0.422	3.741E-2	4.388E-3	3.766E-2	-6.578E-2	-3.678E-2	7.536E-2
16.300	0.422	-2.216E-3	0.422	5.040E-2	-2.139E-3	5.044E-2	0.393	-0.126	0.412
16.316	0.423	-2.260E-3	0.423	5.300E-2	4.736E-4	5.300E-2	-4.896E-2	0.100	0.112
16.333	0.424	-2.201E-3	0.424	4.614E-2	2.338E-3	4.620E-2	-0.325	1.108E-2	0.325
16.350	0.425	-2.182E-3	0.425	4.292E-2	1.816E-4	4.292E-2	0.274	-0.324	0.425
16.366	0.426	-2.194E-3	0.426	5.314E-2	-7.587E-3	5.368E-2	0.132	-7.146E-2	0.150
16.383	0.427	-2.435E-3	0.427	5.290E-2	-5.327E-3	5.316E-2	-0.117	-0.175	0.210
16.400	0.427	-2.372E-3	0.427	4.348E-2	-8.133E-3	4.423E-2	-0.325	-0.324	0.458
16.416	0.428	-2.707E-3	0.428	4.496E-2	-2.073E-2	4.951E-2	8.780E-2	-0.288	0.301
16.433	0.429	-3.064E-3	0.429	4.525E-2	-1.689E-2	4.830E-2	-7.450E-2	0.164	0.180
16.450	0.430	-3.270E-3	0.430	4.372E-2	-1.368E-2	4.581E-2	-8.101E-2	5.889E-2	0.100
16.466	0.430	-3.520E-3	0.430	4.118E-2	-1.583E-2	4.412E-2	0.128	-0.279	0.307
16.483	0.431	-3.798E-3	0.431	4.790E-2	-2.224E-2	5.281E-2	6.437E-2	6.534E-3	6.470E-2
16.500	0.432	-4.262E-3	0.432	4.599E-2	-1.842E-2	4.954E-2	-4.142E-2	0.172	0.177
16.517	0.433	-4.413E-3	0.433	4.281E-2	-1.252E-2	4.460E-2	-2.476E-2	-3.138E-3	2.495E-2
16.533	0.433	-4.680E-3	0.433	4.756E-2	-2.025E-2	5.169E-2	0.120	-0.269	0.295
16.550	0.434	-5.089E-3	0.434	4.639E-2	-2.250E-2	5.156E-2	7.527E-2	-8.058E-2	0.110
16.567	0.435	-5.431E-3	0.435	4.909E-2	-2.160E-2	5.363E-2	-4.377E-2	-0.121	0.129
16.583	0.436	-5.810E-3	0.436	4.713E-2	-2.659E-2	5.411E-2	-9.970E-2	-0.269	0.287
16.600	0.436	-6.318E-3	0.436	4.318E-2	-3.140E-2	5.339E-2	-0.135	0.168	0.216
16.617	0.437	-6.857E-3	0.437	4.420E-2	-2.215E-2	4.944E-2	1.687E-3	0.359	0.359
16.633	0.438	-7.057E-3	0.438	4.272E-2	-1.584E-2	4.556E-2	0.226	8.578E-2	0.242
16.650	0.439	-7.386E-3	0.439	5.057E-2	-2.158E-2	5.498E-2	0.198	-0.224	0.299
16.667	0.440	-7.777E-3	0.440	5.266E-2	-2.332E-2	5.760E-2	-0.137	-0.217	0.256
16.683	0.440	-8.164E-3	0.440	4.346E-2	-2.784E-2	5.161E-2	-0.454	-0.123	0.470
16.700	0.441	-8.706E-3	0.441	3.792E-2	-2.924E-2	4.788E-2	8.220E-2	-0.274	0.286
16.717	0.442	-9.139E-3	0.442	4.458E-2	-3.422E-2	5.620E-2	0.166	-0.256	0.305
16.733	0.443	-9.848E-3	0.443	4.737E-2	-4.082E-2	6.253E-2	0.113	-0.406	0.422
16.750	0.443	-1.050E-2	0.443	4.467E-2	-4.527E-2	6.360E-2	-6.376E-2	-0.424	0.429
16.767	0.444	-1.136E-2	0.444	4.737E-2	-5.625E-2	7.354E-2	-0.117	-0.453	0.468
16.783	0.445	-1.238E-2	0.445	4.075E-2	-6.095E-2	7.332E-2	-0.230	-0.199	0.304
16.800	0.445	-1.339E-2	0.446	3.785E-2	-6.196E-2	7.261E-2	0.218	8.625E-2	0.234
16.817	0.446	-1.445E-2	0.446	4.845E-2	-5.904E-2	7.637E-2	0.317	0.442	0.544
16.833	0.447	-1.536E-2	0.447	5.107E-2	-4.699E-2	6.940E-2	-0.126	1.033	1.041
16.850	0.448	-1.601E-2	0.448	4.214E-2	-2.492E-2	4.896E-2	-0.488	1.692	1.761
16.867	0.448	-1.619E-2	0.449	3.501E-2	9.492E-3	3.627E-2	-0.135	1.987	1.992
16.884	0.449	-1.570E-2	0.449	3.644E-2	4.323E-2	5.654E-2	0.298	1.100	1.139
16.900	0.450	-1.475E-2	0.450	4.617E-2	4.834E-2	6.685E-2	0.188	-0.167	0.251
16.917	0.450	-1.408E-2	0.451	4.433E-2	3.418E-2	5.598E-2	-0.128	-9.850E-2	0.162
16.934	0.451	-1.361E-2	0.451	3.910E-2	4.257E-2	5.780E-2	-0.111	0.561	0.572
16.950	0.452	-1.266E-2	0.452	4.179E-2	5.765E-2	7.120E-2	-5.734E-2	0.662	0.665
16.967	0.452	-1.169E-2	0.453	3.806E-2	6.236E-2	7.306E-2	-0.207	0.173	0.270
16.984	0.453	-1.058E-2	0.453	3.324E-2	6.462E-2	7.266E-2	-5.827E-2	0.138	0.150
17.000	0.454	-9.531E-3	0.454	3.644E-2	6.562E-2	7.506E-2	0.411	-7.951E-2	0.419
17.017	0.454	-8.393E-3	0.454	4.675E-2	6.358E-2	7.892E-2	0.349	-0.405	0.535
17.034	0.455	-7.410E-3	0.455	5.027E-2	5.148E-2	7.196E-2	1.474E-2	-0.342	0.343
17.050	0.456	-6.676E-3	0.456	4.530E-2	4.985E-2	6.736E-2	-0.150	-0.270	0.308
17.067	0.457	-5.746E-3	0.457	4.530E-2	4.653E-2	6.494E-2	0.151	-1.598E-2	0.152
17.084	0.457	-5.123E-3	0.457	5.032E-2	4.480E-2	6.737E-2	-2.889E-2	-0.206	0.208
17.100	0.458	-4.252E-3	0.458	4.636E-2	4.422E-2	6.407E-2	9.186E-2	-8.165E-2	0.123
17.117	0.459	-3.648E-3	0.459	4.911E-2	3.841E-2	6.235E-2	-1.672E-2	-0.260	0.261
17.134	0.460	-2.970E-3	0.460	5.114E-2	3.772E-2	6.355E-2	0.195	-0.148	0.245
17.150	0.461	-2.389E-3	0.461	5.054E-2	3.264E-2	6.017E-2	0.105	-0.413	0.426
17.167	0.462	-1.881E-3	0.462	5.817E-2	2.456E-2	6.314E-2	-0.173	-0.446	0.479
17.184	0.463	-1.569E-3	0.463	4.535E-2	1.667E-2	4.832E-2	-0.499	-0.287	0.576
17.201	0.463	-1.325E-3	0.463	3.732E-2	1.517E-2	4.029E-2	-0.128	-3.174E-2	0.132
17.217	0.464	-1.063E-3	0.464	4.386E-2	1.600E-2	4.669E-2	0.391	-2.722E-2	0.392
17.234	0.465	-7.911E-4	0.465	4.977E-2	1.453E-2	5.185E-2	0.300	-8.344E-2	0.312
17.251	0.466	-5.785E-4	0.466	5.457E-2	1.267E-2	5.602E-2	0.147	-0.116	0.187
17.267	0.466	-3.683E-4	0.466	5.451E-2	1.111E-2	5.563E-2	-0.325	-0.412	0.525
17.284	0.467	-2.077E-4	0.467	4.459E-2	-1.006E-4	4.459E-2	-0.414	-0.362	0.550
17.301	0.468	-3.717E-4	0.468	3.795E-2	-4.310E-3	3.819E-2	-3.989E-2	-4.787E-2	6.232E-2
17.317	0.469	-3.515E-4	0.469	4.457E-2	1.262E-3	4.459E-2	0.224	0.166	0.279
17.334	0.469	-3.296E-4	0.469	4.666E-2	5.579E-4	4.666E-2	0.119	-0.108	0.161
17.351	0.470	-3.328E-4	0.470	4.692E-2	-2.270E-3	4.697E-2	0.152	-0.190	0.243
17.367	0.471	-4.053E-4	0.471	5.235E-2	-6.029E-3	5.270E-2	0.266	-0.238	0.357
17.384	0.472	-5.340E-4	0.472	5.616E-2	-1.005E-2	5.705E-2	-0.178	-0.474	0.506
17.401	0.473	-7.406E-4	0.473	4.760E-2	-2.102E-2	5.203E-2	-0.493	-0.163	0.519
17.417	0.474	-1.235E-3	0.474	3.706E-2	-1.913E-2	4.170E-2	-0.128	0.138	0.188
17.434	0.474	-1.379E-3	0.474	4.330E-2	-1.174E-2	4.486E-2	0.160	3.431E-2	0.164
17.451	0.475	-1.627E-3	0.475	4.540E-2	-1.970E-2	4.949E-2	0.198	-0.349	0.401
17.467	0.476	-2.036E-3	0.476	4.647E-2	-2.432E-2	5.245E-2	0.144	-0.127	0.191
17.484	0.477	-2.439E-3	0.477	5.275E-2	-2.329E-2	5.766E-2	0.184	-4.662E-2	0.190
17.501	0.477	-2.813E-3	0.477	5.184E-2	-2.527E-2	5.767E-2	-0.112	-0.244	0.268
17.518	0.478	-3.282E-3	0.478	4.904E-2	-3.181E-2	5.845E-2	-0.166	-0.203	0.263
17.534	0.479	-3.875E-3	0.479	4.603E-2	-3.307E-2	5.668E-2	-0.214	-8.651E-2	0.231
17.551	0.480	-4.385E-3	0.480	4.224E-2	-3.310E-2	5.367E-2	-0.154	4.522E-2	0.161
17.568	0.480	-4.979E-3	0.480	4.018E-2	-3.300E-2	5.200E-2	0.105	-0.141	0.176
17.584	0.481	-5.487E-3	0.481	4.562E-2	-3.592E-2	5.806E-2	3.953E-2	-0.180	0.184
17.601	0.482	-6.178E-3	0.482	4.374E-2	-4.102E-2	5.997E-2	-3.396E-2	-8.229E-2	8.902E-2
17.618	0.483	-6.855E-3	0.483	4.128E-2	-3.812E-2	5.619E-2	-5.895E-2	7.462E-2	9.509E-2
17.634	0.483	-7.450E-3	0.483	4.414E-2	-3.759E-2	5.798E-2	0.175	1.263E-2	0.175
17.651	0.484	-8.110E-3	0.484	4.569E-2	-3.873E-2	5.990E-2	-0.155	-6.027E-2	0.167
17.668	0.485	-8.742E-3	0.485	4.107E-2	-3.894E-2	5.659E-2	-0.120	-3.643E-3	0.120
17.684	0.485	-9.409E-3	0.486	3.841E-2	-3.936E-2	5.499E-2	3.721E-2	-5.084E-2	6.301E-2
17.701	0.486	-1.006E-2	0.486	4.460E-2	-4.011E-2	5.998E-2	0.166	0.165	0.234
17.718	0.487	-1.075E-2	0.487	4.391E-2	-3.522E-2	5.629E-2	-0.152	0.118	0.193
17.734	0.488	-1.123E-2	0.488	3.916E-2	-3.353E-2	5.156E-2	-0.263	0.140	0.298
17.751	0.488	-1.187E-2	0.488	3.486E-2	-3.342E-2	4.829E-2	0.110	-9.011E-2	0.142
17.768	0.489	-1.235E-2	0.489	4.160E-2	-3.382E-2	5.361E-2	0.308	-3.824E-2	0.311
17.784	0.490	-1.299E-2	0.490	4.800E-2	-3.708E-2	6.066E-2	-1.254E-2	-4.538E-2	4.708E-2
17.801	0.490	-1.358E-2	0.491	4.029E-2	-3.423E-2	5.287E-2	-0.310	0.221	0.381
17.818	0.491	-1.414E-2	0.491	3.603E-2	-3.012E-2	4.696E-2	-3.557E-2	7.735E-2	8.514E-2
17.834	0.492	-1.459E-2	0.492	4.004E-2	-3.042E-2	5.029E-2	6.704E-2	-7.964E-2	0.104
17.851	0.492	-1.515E-2	0.493	3.920E-2	-3.414E-2	5.199E-2	2.253E-2	-0.190	0.191
17.868	0.493	-1.573E-2	0.493	3.906E-2	-3.612E-2	5.320E-2	-0.212	8.030E-2	0.227
17.885	0.494	-1.636E-2	0.494	3.458E-2	-3.263E-2	4.754E-2	-3.828E-2	0.133	0.138
17.901	0.494	-1.682E-2	0.494	3.414E-2	-2.968E-2	4.523E-2	1.856E-2	0.138	0.139
17.918	0.495	-1.735E-2	0.495	3.871E-2	-2.970E-2	4.879E-2	0.196	-1.203E-2	0.196
17.935	0.495	-1.781E-2	0.496	3.856E-2	-2.894E-2	4.821E-2	4.001E-2	-6.424E-2	7.568E-2
17.951	0.496	-1.831E-2	0.496	4.110E-2	-3.229E-2	5.226E-2	5.726E-2	-0.386	0.390
17.968	0.497	-1.888E-2	0.497	4.028E-2	-4.117E-2	5.760E-2	0.105	-0.724	0.731
17.985	0.497	-1.969E-2	0.498	4.371E-2	-5.690E-2	7.175E-2	0.143	-0.692	0.707
18.001	0.498	-2.078E-2	0.499	4.663E-2	-6.576E-2	8.062E-2	-6.987E-2	-0.417	0.423
18.018	0.499	-2.188E-2	0.499	4.096E-2	-6.914E-2	8.036E-2	0.130	-0.229	0.263
18.035	0.500	-2.309E-2	0.500	4.830E-2	-7.408E-2	8.843E-2	0.247	-0.314	0.399
18.051	0.501	-2.435E-2	0.501	5.397E-2	-7.913E-2	9.579E-2	0.109	0.278	0.299
18.068	0.501	-2.573E-2	0.502	4.852E-2	-6.764E-2	8.324E-2	-0.476	1.114	1.211
18.085	0.502	-2.661E-2	0.503	4.030E-2	-3.918E-2	5.621E-2	-0.195	1.130	1.146
18.101	0.503	-2.704E-2	0.503	3.850E-2	-2.786E-2	4.752E-2	-8.270E-2	0.460	0.467
18.118	0.503	-2.754E-2	0.504	4.132E-2	-2.690E-2	4.931E-2	-2.824E-2	-3.639E-2	4.607E-2
18.135	0.504	-2.793E-2	0.505	3.565E-2	-2.730E-2	4.490E-2	-0.149	0.118	0.190
18.151	0.505	-2.845E-2	0.505	3.615E-2	-2.527E-2	4.411E-2	-7.948E-2	0.113	0.138
18.168	0.505	-2.878E-2	0.506	3.439E-2	-2.118E-2	4.039E-2	-3.654E-2	0.332	0.334
18.185	0.506	-2.916E-2	0.507	3.314E-2	-1.636E-2	3.696E-2	1.717E-2	0.389	0.389
18.202	0.506	-2.932E-2	0.507	3.621E-2	-6.624E-3	3.681E-2	0.285	0.480	0.558
18.218	0.507	-2.938E-2	0.508	4.167E-2	-6.650E-4	4.168E-2	-2.008E-2	0.133	0.135
18.235	0.508	-2.935E-2	0.509	3.814E-2	-1.426E-3	3.816E-2	-0.349	2.511E-2	0.349
18.252	0.508	-2.943E-2	0.509	2.722E-2	-1.620E-3	2.727E-2	-0.161	-0.120	0.200
18.268	0.509	-2.940E-2	0.510	3.227E-2	-3.331E-3	3.244E-2	0.175	-0.131	0.218
18.285	0.509	-2.954E-2	0.510	3.604E-2	-7.877E-3	3.689E-2	0.233	-0.221	0.321
18.302	0.510	-2.966E-2	0.511	3.724E-2	-9.612E-3	3.846E-2	4.938E-2	-8.477E-2	9.811E-2
18.318	0.511	-2.986E-2	0.511	3.990E-2	-1.139E-2	4.149E-2	-4.414E-2	-9.043E-2	0.101
18.335	0.511	-3.004E-2	0.512	3.486E-2	-1.210E-2	3.690E-2	-0.176	3.620E-2	0.180
18.352	0.512	-3.026E-2	0.513	3.332E-2	-1.084E-2	3.504E-2	1.991E-2	-0.108	0.110
18.368	0.512	-3.040E-2	0.513	3.610E-2	-1.412E-2	3.877E-2	3.839E-2	-0.179	0.183
18.385	0.513	-3.073E-2	0.514	3.517E-2	-1.884E-2	3.990E-2	6.809E-2	-0.188	0.200
18.402	0.513	-3.103E-2	0.514	3.689E-2	-1.919E-2	4.159E-2	-0.166	-7.238E-2	0.181
18.418	0.514	-3.137E-2	0.515	3.240E-2	-2.155E-2	3.891E-2	-0.366	-0.829	0.906
18.435	0.515	-3.175E-2	0.516	2.190E-2	-4.398E-2	4.913E-2	-0.127	-0.277	0.305
18.452	0.515	-3.284E-2	0.516	2.775E-2	-4.027E-2	4.891E-2	0.217	0.496	0.541
18.468	0.516	-3.310E-2	0.517	3.209E-2	-1.701E-2	3.632E-2	0.412	0.520	0.664
18.485	0.516	-3.341E-2	0.517	3.810E-2	-2.595E-2	4.610E-2	0.171	1.747E-2	0.172
18.502	0.517	-3.396E-2	0.518	4.178E-2	-2.012E-2	4.637E-2	-1.886E-2	2.003E-2	2.751E-2
18.519	0.517	-3.408E-2	0.518	3.469E-2	-1.884E-2	3.947E-2	-9.187E-2	7.987E-3	9.221E-2
18.535	0.518	-3.459E-2	0.519	3.841E-2	-2.578E-2	4.626E-2	-4.381E-2	-9.200E-2	0.102
18.552	0.519	-3.494E-2	0.520	3.596E-2	-1.910E-2	4.072E-2	0.207	6.953E-2	0.218
18.569	0.519	-3.523E-2	0.520	4.068E-2	-2.283E-2	4.665E-2	0.149	0.229	0.274
18.585	0.520	-3.570E-2	0.521	4.645E-2	-1.519E-2	4.887E-2	-4.668E-2	0.567	0.569
18.602	0.521	-3.573E-2	0.522	3.607E-2	3.284E-4	3.607E-2	-0.593	0.831	1.021
18.619	0.521	-3.569E-2	0.522	2.720E-2	1.024E-2	2.907E-2	-0.314	0.998	1.046
18.635	0.522	-3.539E-2	0.523	2.440E-2	3.325E-2	4.124E-2	-0.208	1.135	1.153
18.652	0.522	-3.458E-2	0.523	2.222E-2	5.107E-2	5.570E-2	-7.072E-2	0.402	0.408
18.669	0.522	-3.369E-2	0.523	2.016E-2	4.619E-2	5.040E-2	-0.185	0.162	0.246
18.685	0.523	-3.304E-2	0.524	1.796E-2	5.215E-2	5.516E-2	1.669E-3	7.856E-2	7.857E-2
18.702	0.523	-3.195E-2	0.524	1.796E-2	5.511E-2	5.797E-2	-0.167	-0.157	0.230
18.719	0.523	-3.120E-2	0.524	1.532E-2	4.242E-2	4.511E-2	-0.144	-0.401	0.426
18.735	0.523	-3.053E-2	0.524	1.019E-2	4.219E-2	4.341E-2	-9.659E-2	9.726E-2	0.137
18.752	0.524	-2.979E-2	0.524	1.350E-2	4.635E-2	4.827E-2	0.319	-8.746E-2	0.331
18.769	0.524	-2.899E-2	0.525	2.016E-2	4.063E-2	4.536E-2	-4.118E-2	-0.210	0.214
18.785	0.524	-2.844E-2	0.525	1.498E-2	3.637E-2	3.934E-2	-0.163	-0.151	0.222
18.802	0.524	-2.777E-2	0.525	1.013E-2	3.794E-2	3.927E-2	4.517E-2	4.558E-2	6.417E-2
18.819	0.525	-2.717E-2	0.525	1.914E-2	3.676E-2	4.145E-2	0.142	-0.187	0.235
18.835	0.525	-2.655E-2	0.526	1.593E-2	3.283E-2	3.650E-2	2.681E-3	-0.203	0.203
18.852	0.525	-2.608E-2	0.526	1.596E-2	2.851E-2	3.267E-2	8.233E-2	-0.281	0.293
18.869	0.526	-2.559E-2	0.526	2.161E-2	2.479E-2	3.289E-2	5.706E-2	-0.320	0.325
18.886	0.526	-2.525E-2	0.527	1.718E-2	1.717E-2	2.428E-2	-0.269	-0.230	0.354
18.902	0.526	-2.502E-2	0.527	1.199E-2	1.629E-2	2.023E-2	-0.370	0.324	0.492
18.919	0.526	-2.470E-2	0.527	5.547E-3	2.798E-2	2.853E-2	-2.233E-2	0.430	0.431
18.936	0.526	-2.409E-2	0.527	8.938E-3	3.334E-2	3.452E-2	0.172	0.239	0.294
18.952	0.527	-2.359E-2	0.527	1.467E-2	3.315E-2	3.625E-2	-4.953E-2	1.836E-2	5.282E-2
18.969	0.527	-2.298E-2	0.527	6.262E-3	3.559E-2	3.613E-2	-0.317	0.105	0.334
18.986	0.527	-2.240E-2	0.527	2.440E-3	3.573E-2	3.581E-2	-9.052E-2	7.373E-2	0.117
19.002	0.527	-2.179E-2	0.527	4.685E-3	3.830E-2	3.859E-2	-8.857E-2	0.103	0.136
19.019	0.527	-2.113E-2	0.527	-8.859E-5	3.946E-2	3.946E-2	-0.134	-0.184	0.228
19.036	0.527	-2.047E-2	0.527	-1.675E-3	3.279E-2	3.283E-2	-7.437E-2	-0.520	0.525
19.052	0.527	-2.003E-2	0.527	-6.093E-4	2.109E-2	2.110E-2	5.908E-3	-0.522	0.522
19.069	0.527	-1.977E-2	0.527	-2.620E-3	1.488E-2	1.511E-2	0.118	-0.165	0.203
19.086	0.527	-1.954E-2	0.527	2.961E-3	1.584E-2	1.611E-2	0.107	0.137	0.173
19.102	0.527	-1.924E-2	0.527	3.174E-3	1.979E-2	2.005E-2	-7.711E-2	-3.975E-2	8.675E-2
19.119	0.527	-1.888E-2	0.527	-1.862E-3	1.573E-2	1.584E-2	-0.125	-0.301	0.325
19.136	0.527	-1.872E-2	0.527	-4.094E-4	7.936E-3	7.946E-3	9.100E-2	-0.315	0.328
19.152	0.527	-1.861E-2	0.527	1.468E-3	5.721E-3	5.906E-3	6.973E-2	-0.224	0.234
19.169	0.527	-1.853E-2	0.527	1.892E-3	1.109E-3	2.193E-3	6.217E-2	-0.161	0.173
19.186	0.527	-1.857E-2	0.527	3.229E-3	-9.961E-4	3.379E-3	0.259	0.214	0.336
19.203	0.527	-1.856E-2	0.527	1.018E-2	8.317E-3	1.315E-2	7.025E-2	0.416	0.422
19.219	0.527	-1.830E-2	0.528	8.035E-3	1.484E-2	1.687E-2	-1.544E-2	0.271	0.271
19.236	0.527	-1.806E-2	0.528	5.904E-3	1.579E-2	1.686E-2	1.469E-2	-0.235	0.236
19.253	0.528	-1.777E-2	0.528	1.123E-2	8.878E-3	1.431E-2	0.208	-0.359	0.415
19.269	0.528	-1.777E-2	0.528	1.187E-2	9.278E-4	1.191E-2	-7.708E-2	-0.209	0.223
19.286	0.528	-1.774E-2	0.528	9.400E-3	3.162E-3	9.917E-3	0.300	0.477	0.563
19.303	0.528	-1.766E-2	0.528	1.897E-2	1.557E-2	2.455E-2	0.228	0.280	0.361
19.319	0.529	-1.722E-2	0.529	2.249E-2	1.682E-2	2.808E-2	-0.111	-0.168	0.202
19.336	0.529	-1.710E-2	0.529	1.103E-2	5.800E-3	1.246E-2	8.581E-2	-2.050E-2	8.822E-2
19.353	0.529	-1.703E-2	0.529	2.395E-2	1.557E-2	2.857E-2	0.319	0.167	0.360
19.369	0.530	-1.658E-2	0.530	2.785E-2	1.621E-2	3.222E-2	-8.846E-2	-0.245	0.260
19.386	0.530	-1.648E-2	0.530	1.582E-2	3.203E-3	1.614E-2	-0.360	-0.256	0.442
19.403	0.530	-1.647E-2	0.530	1.688E-2	7.440E-3	1.845E-2	0.131	-0.117	0.176
19.419	0.530	-1.624E-2	0.531	2.063E-2	3.189E-3	2.088E-2	0.231	-0.284	0.366
19.436	0.531	-1.637E-2	0.531	2.451E-2	-6.372E-3	2.532E-2	0.189	-1.167	1.182
19.453	0.531	-1.645E-2	0.531	2.721E-2	-3.013E-2	4.060E-2	-0.300	-1.142	1.181
19.469	0.532	-1.737E-2	0.532	1.604E-2	-5.235E-2	5.475E-2	-0.288	6.071E-2	0.294
19.486	0.532	-1.820E-2	0.532	1.292E-2	-2.684E-2	2.979E-2	-3.903E-2	1.423	1.423
19.503	0.532	-1.827E-2	0.532	1.922E-2	4.211E-4	1.923E-2	0.172	1.371	1.382
19.520	0.532	-1.818E-2	0.533	1.677E-2	1.559E-2	2.290E-2	-0.215	0.918	0.943
19.536	0.533	-1.775E-2	0.533	1.289E-2	3.241E-2	3.488E-2	2.819E-2	0.989	0.990
19.553	0.533	-1.710E-2	0.533	1.570E-2	4.770E-2	5.022E-2	0.237	0.712	0.751
19.570	0.533	-1.616E-2	0.533	2.309E-2	5.763E-2	6.208E-2	0.218	0.629	0.666
19.586	0.534	-1.518E-2	0.534	2.248E-2	6.661E-2	7.031E-2	0.298	0.496	0.579
19.603	0.534	-1.393E-2	0.534	3.108E-2	7.607E-2	8.217E-2	0.260	0.694	0.741
19.620	0.535	-1.264E-2	0.535	3.509E-2	8.766E-2	9.442E-2	0.165	0.457	0.486
19.636	0.535	-1.101E-2	0.535	3.289E-2	9.442E-2	9.999E-2			
19.653	0.536	-9.489E-3	0.536						
