	mass C									
t	x	y	r	vx	vy	v	ax	ay	a	
0.000	3.427E-3	-1.323E-2	1.367E-2						
0.017	3.576E-3	-1.263E-2	1.313E-2	8.300E-3	3.580E-2	3.675E-2			
0.033	3.704E-3	-1.204E-2	1.259E-2	-2.054E-3	3.043E-2	3.050E-2	6.428E-2	-3.291E-2	7.222E-2
0.050	3.508E-3	-1.161E-2	1.213E-2	5.341E-3	3.229E-2	3.273E-2	-0.124	2.706E-2	0.127
0.067	3.882E-3	-1.096E-2	1.163E-2	2.869E-3	3.470E-2	3.482E-2	-0.199	0.151	0.250
0.083	3.604E-3	-1.046E-2	1.106E-2	-1.025E-2	3.444E-2	3.593E-2	0.160	-5.673E-2	0.170
0.100	3.540E-3	-9.810E-3	1.043E-2	1.076E-2	3.519E-2	3.680E-2	0.725	-8.209E-2	0.730
0.117	3.963E-3	-9.282E-3	1.009E-2	1.821E-2	3.027E-2	3.533E-2	0.505	9.604E-2	0.514
0.133	4.147E-3	-8.800E-3	9.728E-3	2.192E-2	3.730E-2	4.327E-2	-0.807	0.137	0.818
0.150	4.694E-3	-8.038E-3	9.308E-3	7.732E-5	3.848E-2	3.848E-2	-0.951	0.106	0.957
0.167	4.150E-3	-7.516E-3	8.586E-3	-2.219E-2	3.680E-2	4.297E-2	-0.121	-0.126	0.175
0.184	3.954E-3	-6.810E-3	7.874E-3	1.743E-3	3.756E-2	3.760E-2	0.817	0.146	0.830
0.200	4.208E-3	-6.263E-3	7.545E-3	8.410E-3	3.866E-2	3.956E-2	0.418	-0.151	0.444
0.217	4.234E-3	-5.520E-3	6.957E-3	1.053E-2	3.611E-2	3.761E-2	-0.199	-0.207	0.287
0.234	4.559E-3	-5.058E-3	6.810E-3	7.083E-3	2.841E-2	2.928E-2	-0.275	-9.445E-2	0.291
0.250	4.471E-3	-4.572E-3	6.394E-3	-3.713E-3	3.372E-2	3.392E-2	-4.972E-2	0.391	0.394
0.267	4.435E-3	-3.933E-3	5.928E-3	6.433E-3	4.210E-2	4.259E-2	0.240	0.118	0.268
0.284	4.685E-3	-3.167E-3	5.655E-3	7.573E-3	3.908E-2	3.981E-2	-0.143	-6.867E-2	0.159
0.300	4.688E-3	-2.629E-3	5.375E-3	-1.445E-3	3.668E-2	3.671E-2	-8.925E-2	-9.307E-2	0.129
0.317	4.637E-3	-1.943E-3	5.028E-3	4.160E-3	3.858E-2	3.880E-2	-4.615E-2	-5.886E-2	7.479E-2
0.334	4.827E-3	-1.342E-3	5.010E-3	8.177E-4	3.369E-2	3.370E-2	-3.147E-3	-0.306	0.306
0.350	4.664E-3	-8.190E-4	4.736E-3	-1.212E-3	2.847E-2	2.849E-2	-4.561E-2	-0.151	0.158
0.367	4.786E-3	-3.920E-4	4.802E-3	3.752E-3	2.785E-2	2.810E-2	0.347	-0.231	0.416
0.384	4.790E-3	1.103E-4	4.791E-3	7.126E-3	2.286E-2	2.394E-2	1.040E-2	-4.111E-2	4.240E-2
0.400	5.024E-3	3.707E-4	5.038E-3	7.526E-3	2.303E-2	2.423E-2	0.398	0.113	0.414
0.417	5.041E-3	8.787E-4	5.117E-3	1.548E-2	2.987E-2	3.364E-2	-0.188	0.111	0.219
0.434	5.541E-3	1.367E-3	5.707E-3	9.274E-3	2.598E-2	2.758E-2	-9.008E-2	-9.212E-2	0.129
0.450	5.350E-3	1.745E-3	5.628E-3	2.499E-3	2.552E-2	2.564E-2	-0.173	-0.223	0.282
0.467	5.624E-3	2.219E-3	6.046E-3	1.119E-2	2.089E-2	2.370E-2	0.344	-0.559	0.657
0.484	5.723E-3	2.442E-3	6.223E-3	9.926E-3	5.447E-3	1.132E-2	0.181	-0.433	0.469
0.501	5.955E-3	2.401E-3	6.421E-3	1.847E-2	4.277E-3	1.895E-2	-0.277	7.512E-2	0.287
0.517	6.340E-3	2.585E-3	6.846E-3	4.114E-3	1.103E-2	1.178E-2	-0.333	0.123	0.355
0.534	6.093E-3	2.769E-3	6.692E-3	-7.122E-4	7.840E-3	7.872E-3	-0.154	-0.258	0.300
0.551	6.316E-3	2.847E-3	6.928E-3	6.668E-3	1.933E-3	6.942E-3	0.368	-0.193	0.415
0.567	6.315E-3	2.833E-3	6.922E-3	6.665E-3	8.322E-4	6.717E-3	-0.124	-0.134	0.182
0.584	6.538E-3	2.874E-3	7.142E-3	6.401E-3	-1.146E-3	6.503E-3	-0.194	-0.122	0.229
0.601	6.529E-3	2.795E-3	7.102E-3	-2.477E-3	-4.533E-3	5.166E-3	-3.962E-2	-0.564	0.565
0.617	6.456E-3	2.723E-3	7.006E-3	4.289E-3	-1.749E-2	1.800E-2	0.957	-0.990	1.377
0.634	6.672E-3	2.212E-3	7.029E-3	2.980E-2	-4.002E-2	4.989E-2	0.317	-0.967	1.017
0.651	7.450E-3	1.388E-3	7.578E-3	2.196E-2	-5.038E-2	5.496E-2	0.170	-0.797	0.814
0.667	7.405E-3	5.305E-4	7.424E-3	2.242E-2	-6.378E-2	6.760E-2	1.920E-2	-0.636	0.637
0.684	8.198E-3	-7.401E-4	8.231E-3	3.509E-2	-7.514E-2	8.293E-2	4.284E-2	-0.688	0.689
0.701	8.575E-3	-1.977E-3	8.800E-3	1.744E-2	-8.335E-2	8.516E-2	-0.359	-3.497E-2	0.361
0.717	8.780E-3	-3.521E-3	9.460E-3	2.200E-2	-8.078E-2	8.372E-2	-9.131E-2	-0.159	0.183
0.734	9.310E-3	-4.672E-3	1.042E-2	1.965E-2	-8.209E-2	8.441E-2	-0.355	0.133	0.379
0.751	9.435E-3	-6.260E-3	1.132E-2	5.577E-3	-8.346E-2	8.364E-2	-0.137	2.044E-2	0.139
0.767	9.496E-3	-7.457E-3	1.207E-2	1.466E-2	-7.562E-2	7.703E-2	0.418	-1.225E-3	0.418
0.784	9.924E-3	-8.784E-3	1.325E-2	2.330E-2	-8.545E-2	8.856E-2	7.990E-2	0.247	0.260
0.801	1.027E-2	-1.031E-2	1.455E-2	1.579E-2	-7.137E-2	7.309E-2	-0.836	0.258	0.875
0.817	1.045E-2	-1.116E-2	1.529E-2	-3.658E-3	-6.791E-2	6.801E-2	-0.465	0.248	0.527
0.834	1.015E-2	-1.257E-2	1.616E-2	-4.952E-3	-7.239E-2	7.255E-2	1.027	-0.182	1.043
0.851	1.029E-2	-1.358E-2	1.704E-2	3.286E-2	-6.718E-2	7.478E-2	1.020	0.241	1.048
0.868	1.125E-2	-1.482E-2	1.860E-2	3.720E-2	-6.879E-2	7.820E-2	-0.765	0.762	1.080
0.884	1.153E-2	-1.588E-2	1.962E-2	3.011E-4	-4.231E-2	4.231E-2	-0.366	1.782	1.819
0.901	1.126E-2	-1.623E-2	1.975E-2	1.829E-2	-6.141E-3	1.929E-2	0.939	2.183	2.377
0.918	1.214E-2	-1.608E-2	2.015E-2	4.495E-2	2.890E-2	5.344E-2	-0.538	2.552	2.608
0.934	1.276E-2	-1.526E-2	1.989E-2	-1.334E-3	7.841E-2	7.842E-2	-1.469	2.179	2.628
0.951	1.209E-2	-1.346E-2	1.810E-2	-1.719E-2	0.107	0.109	-2.135E-2	0.697	0.697
0.968	1.218E-2	-1.168E-2	1.688E-2	9.348E-3	9.847E-2	9.891E-2	1.753	-0.820	1.935
0.984	1.241E-2	-1.018E-2	1.605E-2	3.596E-2	7.919E-2	8.697E-2	-0.108	-0.511	0.523
1.001	1.338E-2	-9.043E-3	1.615E-2	1.755E-2	7.799E-2	7.994E-2	-1.073	0.355	1.130
1.018	1.299E-2	-7.576E-3	1.504E-2	-1.591E-2	9.449E-2	9.582E-2	-0.794	0.112	0.802
1.034	1.285E-2	-5.890E-3	1.414E-2	-1.829E-3	8.457E-2	8.459E-2	1.152	-0.475	1.246
1.051	1.293E-2	-4.755E-3	1.378E-2	2.094E-2	7.235E-2	7.532E-2	0.512	-1.087	1.202
1.068	1.355E-2	-3.476E-3	1.399E-2	2.128E-2	5.498E-2	5.895E-2	0.448	-0.162	0.477
1.084	1.364E-2	-2.920E-3	1.395E-2	2.603E-2	5.676E-2	6.245E-2	-1.012	0.571	1.162
1.101	1.442E-2	-1.582E-3	1.451E-2	2.087E-3	8.338E-2	8.341E-2	-0.675	0.580	0.890
1.118	1.371E-2	-1.381E-4	1.371E-2	-1.603E-2	7.528E-2	7.697E-2	-0.126	-0.434	0.452
1.134	1.388E-2	9.301E-4	1.392E-2	1.168E-2	6.508E-2	6.612E-2	0.593	-0.641	0.873
1.151	1.410E-2	2.034E-3	1.424E-2	1.846E-3	5.709E-2	5.712E-2	3.436E-2	-0.691	0.691
1.168	1.395E-2	2.835E-3	1.423E-2	7.193E-3	4.040E-2	4.103E-2	-0.102	-0.700	0.708
1.185	1.434E-2	3.381E-3	1.473E-2	7.032E-3	3.282E-2	3.357E-2	0.247	-0.867	0.901
1.201	1.418E-2	3.930E-3	1.472E-2	6.159E-3	1.513E-2	1.633E-2	-3.758E-2	-0.779	0.780
1.218	1.454E-2	3.886E-3	1.505E-2	1.374E-2	1.184E-3	1.379E-2	0.120	-0.443	0.459
1.235	1.464E-2	3.970E-3	1.517E-2	5.655E-3	4.095E-3	6.982E-3	-0.237	0.140	0.275
1.251	1.473E-2	4.023E-3	1.527E-2	6.790E-3	4.817E-3	8.325E-3	-1.420E-2	-2.411E-2	2.798E-2
1.268	1.487E-2	4.130E-3	1.543E-2	5.835E-3	4.208E-3	7.195E-3	0.155	9.566E-2	0.182
1.285	1.493E-2	4.163E-3	1.550E-2	1.023E-2	6.489E-3	1.212E-2	2.810E-3	8.231E-2	8.236E-2
1.301	1.521E-2	4.347E-3	1.582E-2	9.188E-3	8.873E-3	1.277E-2	-0.141	-0.172	0.223
1.318	1.523E-2	4.459E-3	1.587E-2	2.309E-3	4.006E-4	2.343E-3	-0.424	-0.443	0.613
1.335	1.528E-2	4.360E-3	1.589E-2	-2.842E-3	-7.228E-3	7.767E-3	-0.294	-0.387	0.486
1.351	1.514E-2	4.218E-3	1.572E-2	-9.194E-3	-1.155E-2	1.476E-2	-0.295	-0.148	0.330
1.368	1.498E-2	3.975E-3	1.550E-2	-1.171E-2	-1.308E-2	1.755E-2	0.792	-0.394	0.884
1.385	1.475E-2	3.782E-3	1.523E-2	1.291E-2	-2.230E-2	2.577E-2	0.750	-1.105	1.335
1.401	1.541E-2	3.231E-3	1.574E-2	2.350E-2	-5.070E-2	5.588E-2	0.306	-0.972	1.019
1.418	1.553E-2	2.090E-3	1.567E-2	1.382E-2	-5.951E-2	6.109E-2	-0.718	-0.572	0.918
1.435	1.587E-2	1.245E-3	1.592E-2	5.726E-3	-6.297E-2	6.323E-2	0.180	-0.266	0.321
1.451	1.572E-2	-1.117E-5	1.572E-2	1.184E-2	-7.345E-2	7.440E-2	-0.326	-0.722	0.793
1.468	1.626E-2	-1.206E-3	1.631E-2	6.484E-3	-8.314E-2	8.339E-2	-0.678	-0.182	0.702
1.485	1.594E-2	-2.785E-3	1.618E-2	-2.093E-2	-8.454E-2	8.709E-2	-0.880	0.536	1.031
1.502	1.557E-2	-4.026E-3	1.608E-2	-1.996E-2	-6.242E-2	6.554E-2	0.330	0.243	0.409
1.518	1.527E-2	-4.868E-3	1.603E-2	-1.008E-2	-7.146E-2	7.217E-2	-0.192	-0.335	0.386
1.535	1.523E-2	-6.411E-3	1.652E-2	-2.184E-2	-8.273E-2	8.556E-2	6.597E-2	6.276E-2	9.105E-2
1.552	1.455E-2	-7.628E-3	1.642E-2	-1.775E-2	-6.475E-2	6.714E-2	8.848E-3	0.604	0.604
1.568	1.464E-2	-8.571E-3	1.696E-2	-9.947E-3	-6.098E-2	6.179E-2	0.162	-0.256	0.302
1.585	1.421E-2	-9.663E-3	1.719E-2	-2.077E-2	-7.444E-2	7.728E-2	-0.214	-0.698	0.730
1.602	1.394E-2	-1.106E-2	1.780E-2	-1.388E-2	-8.587E-2	8.699E-2	0.488	0.286	0.565
1.618	1.375E-2	-1.253E-2	1.860E-2	-5.412E-3	-6.732E-2	6.754E-2	0.228	0.793	0.825
1.635	1.376E-2	-1.330E-2	1.914E-2	-4.125E-3	-5.222E-2	5.238E-2	-0.469	0.691	0.835
1.652	1.361E-2	-1.427E-2	1.972E-2	-2.157E-2	-5.008E-2	5.453E-2	-0.160	0.106	0.192
1.668	1.304E-2	-1.497E-2	1.986E-2	-1.504E-2	-4.511E-2	4.755E-2	6.972E-3	0.298	0.299
1.685	1.311E-2	-1.578E-2	2.051E-2	-1.185E-2	-4.289E-2	4.450E-2	0.169	0.324	0.365
1.702	1.265E-2	-1.640E-2	2.071E-2	-1.804E-2	-3.303E-2	3.764E-2	-0.199	0.351	0.404
1.718	1.251E-2	-1.688E-2	2.101E-2	-1.284E-2	-3.033E-2	3.294E-2	0.266	0.203	0.335
1.735	1.222E-2	-1.742E-2	2.128E-2	-1.250E-2	-2.805E-2	3.071E-2	0.112	8.822E-2	0.142
1.752	1.209E-2	-1.781E-2	2.153E-2	-7.182E-3	-2.566E-2	2.665E-2	5.369E-2	0.270	0.275
1.768	1.198E-2	-1.827E-2	2.185E-2	-1.067E-2	-2.107E-2	2.362E-2	0.139	0.132	0.192
1.785	1.174E-2	-1.852E-2	2.192E-2	-5.120E-3	-1.862E-2	1.931E-2	-0.204	0.242	0.316
1.802	1.181E-2	-1.889E-2	2.228E-2	-1.185E-2	-1.599E-2	1.990E-2	-0.241	0.179	0.300
1.818	1.134E-2	-1.905E-2	2.217E-2	-2.031E-2	-1.012E-2	2.269E-2	-0.150	0.307	0.342
1.835	1.113E-2	-1.923E-2	2.222E-2	-1.230E-2	-7.372E-3	1.434E-2	0.841	0.306	0.895
1.852	1.093E-2	-1.930E-2	2.218E-2	4.341E-3	5.434E-4	4.375E-3	-3.888E-2	0.288	0.290
1.869	1.128E-2	-1.921E-2	2.228E-2	-5.197E-3	3.258E-3	6.134E-3	-0.242	-2.500E-2	0.244
1.885	1.076E-2	-1.919E-2	2.200E-2	-1.574E-2	-1.065E-3	1.577E-2	-0.242	6.114E-2	0.250
1.902	1.075E-2	-1.925E-2	2.205E-2	-4.539E-3	3.760E-3	5.894E-3	0.186	0.204	0.276
1.919	1.060E-2	-1.906E-2	2.181E-2	-1.243E-2	8.583E-3	1.511E-2	-0.120	0.177	0.214
1.935	1.034E-2	-1.896E-2	2.160E-2	-9.863E-3	7.650E-3	1.248E-2	0.460	8.817E-2	0.468
1.952	1.028E-2	-1.881E-2	2.143E-2	4.085E-3	1.197E-2	1.265E-2	-0.138	-2.057E-2	0.140
1.969	1.047E-2	-1.856E-2	2.131E-2	-1.002E-2	8.394E-3	1.307E-2	-0.211	0.218	0.303
1.985	9.941E-3	-1.853E-2	2.103E-2	-1.300E-2	1.519E-2	2.000E-2	0.112	0.304	0.324
2.002	1.004E-2	-1.806E-2	2.066E-2	2.698E-3	2.381E-2	2.396E-2	0.207	0.117	0.238
2.019	1.003E-2	-1.773E-2	2.037E-2	-8.551E-3	1.639E-2	1.849E-2	-6.591E-2	0.141	0.156
2.035	9.754E-3	-1.751E-2	2.004E-2	-3.256E-3	2.645E-2	2.665E-2	3.065E-2	0.220	0.222
2.052	9.923E-3	-1.685E-2	1.955E-2	-9.784E-4	2.932E-2	2.933E-2	0.292	0.134	0.321
2.069	9.722E-3	-1.653E-2	1.918E-2	-2.684E-4	2.529E-2	2.529E-2	-0.424	2.184E-2	0.425
2.085	9.914E-3	-1.601E-2	1.883E-2	-7.470E-3	3.302E-2	3.385E-2	-9.276E-2	0.294	0.308
2.102	9.472E-3	-1.543E-2	1.810E-2	-1.247E-2	3.467E-2	3.684E-2	-0.356	-9.157E-2	0.368
2.119	9.498E-3	-1.485E-2	1.763E-2	-1.088E-2	3.037E-2	3.226E-2	0.461	-0.143	0.482
2.135	9.109E-3	-1.441E-2	1.705E-2	-5.215E-3	2.832E-2	2.880E-2	-0.135	-7.037E-2	0.152
2.152	9.324E-3	-1.390E-2	1.674E-2	-5.784E-3	2.947E-2	3.003E-2	-0.312	0.496	0.586
2.169	8.916E-3	-1.343E-2	1.612E-2	-2.363E-2	4.223E-2	4.839E-2	-0.291	0.215	0.361
2.186	8.535E-3	-1.249E-2	1.513E-2	-1.388E-2	4.269E-2	4.489E-2	0.435	-0.222	0.488
2.202	8.453E-3	-1.201E-2	1.468E-2	-6.442E-3	2.903E-2	2.974E-2	0.449	-0.421	0.616
2.219	8.320E-3	-1.153E-2	1.422E-2	-1.528E-3	3.030E-2	3.034E-2	-0.338	-0.100	0.352
2.236	8.402E-3	-1.100E-2	1.384E-2	-1.308E-2	2.685E-2	2.986E-2	-9.292E-2	-0.207	0.227
2.252	7.884E-3	-1.063E-2	1.323E-2	-1.324E-2	2.180E-2	2.551E-2	0.261	5.262E-2	0.266
2.269	7.961E-3	-1.027E-2	1.299E-2	3.449E-3	2.832E-2	2.853E-2	0.623	0.331	0.706
2.286	7.999E-3	-9.685E-3	1.256E-2	4.379E-3	3.480E-2	3.507E-2	-0.312	6.340E-2	0.319
2.302	8.107E-3	-9.107E-3	1.219E-2	-4.627E-3	3.009E-2	3.045E-2	-0.112	-0.147	0.185
2.319	7.845E-3	-8.681E-3	1.170E-2	-4.446E-3	2.825E-2	2.860E-2	-0.383	0.134	0.405
2.336	7.958E-3	-8.165E-3	1.140E-2	-1.017E-2	3.535E-2	3.678E-2	-0.419	0.259	0.493
2.352	7.505E-3	-7.502E-3	1.061E-2	-2.518E-2	3.800E-2	4.559E-2	9.044E-2	-0.123	0.153
2.369	7.118E-3	-6.897E-3	9.911E-3	-6.538E-3	3.089E-2	3.157E-2	0.531	-0.563	0.774
2.386	7.287E-3	-6.471E-3	9.746E-3	-1.331E-3	1.889E-2	1.893E-2	9.064E-2	-0.407	0.417
2.402	7.074E-3	-6.267E-3	9.450E-3	-9.622E-3	1.568E-2	1.839E-2	-0.208	9.141E-3	0.208
2.419	6.966E-3	-5.948E-3	9.160E-3	-5.824E-3	2.087E-2	2.167E-2	0.273	-0.155	0.314
2.436	6.879E-3	-5.570E-3	8.852E-3	-1.331E-3	1.203E-2	1.210E-2	0.205	-0.526	0.565
2.452	6.922E-3	-5.547E-3	8.870E-3	2.106E-3	2.015E-4	2.116E-3	-0.214	-0.227	0.312
2.469	6.950E-3	-5.564E-3	8.902E-3	-7.803E-3	4.792E-3	9.157E-3	-0.598	-0.322	0.679
2.486	6.661E-3	-5.387E-3	8.567E-3	-2.009E-2	-6.295E-3	2.106E-2	-0.273	-0.464	0.538
2.503	6.279E-3	-5.774E-3	8.530E-3	-1.718E-2	-1.719E-2	2.431E-2	0.651	-0.269	0.705
2.519	6.088E-3	-5.960E-3	8.520E-3	1.775E-3	-1.116E-2	1.130E-2	0.434	-7.153E-2	0.439
2.536	6.338E-3	-6.146E-3	8.829E-3	2.093E-3	-1.926E-2	1.937E-2	-0.481	-0.175	0.512
2.553	6.158E-3	-6.603E-3	9.029E-3	-1.873E-2	-2.033E-2	2.764E-2	-0.352	-0.221	0.416
2.569	5.714E-3	-6.824E-3	8.900E-3	-1.213E-2	-2.218E-2	2.529E-2	0.355	-0.214	0.415
2.586	5.753E-3	-7.343E-3	9.329E-3	-1.122E-3	-3.106E-2	3.108E-2	8.399E-2	-0.582	0.588
2.603	5.676E-3	-7.860E-3	9.696E-3	-1.142E-2	-3.916E-2	4.079E-2	-0.191	-0.723	0.748
2.619	5.372E-3	-8.650E-3	1.018E-2	-1.011E-2	-5.625E-2	5.715E-2	0.671	-1.007	1.210
2.636	5.339E-3	-9.737E-3	1.110E-2	1.222E-2	-7.303E-2	7.404E-2	0.854	-1.235	1.502
2.653	5.780E-3	-1.109E-2	1.250E-2	2.192E-2	-9.623E-2	9.870E-2	-4.793E-3	-0.854	0.854
2.669	6.070E-3	-1.295E-2	1.430E-2	9.830E-3	-0.106	0.106	-0.569	-0.440	0.720
2.686	6.108E-3	-1.461E-2	1.584E-2	1.497E-3	-0.106	0.106	-0.193	0.582	0.613
2.703	6.120E-3	-1.649E-2	1.759E-2	3.814E-3	-9.187E-2	9.195E-2	2.908E-3	7.156E-2	7.162E-2
2.719	6.235E-3	-1.768E-2	1.874E-2	3.113E-3	-9.369E-2	9.375E-2	9.537E-3	0.108	0.109
2.736	6.224E-3	-1.962E-2	2.058E-2	2.210E-3	-9.995E-2	9.998E-2	0.138	-0.102	0.172
2.753	6.309E-3	-2.101E-2	2.194E-2	8.580E-3	-8.855E-2	8.896E-2	-5.436E-2	0.471	0.474
2.769	6.510E-3	-2.257E-2	2.349E-2	2.378E-3	-8.860E-2	8.863E-2	-0.298	0.394	0.494
2.786	6.388E-3	-2.397E-2	2.480E-2	-4.977E-3	-7.465E-2	7.482E-2	-0.219	1.016	1.039
2.803	6.344E-3	-2.506E-2	2.585E-2	-2.837E-3	-5.435E-2	5.442E-2	0.485	1.893	1.954
2.819	6.293E-3	-2.578E-2	2.654E-2	9.072E-3	-1.382E-2	1.653E-2	0.335	2.741	2.761
2.836	6.647E-3	-2.552E-2	2.637E-2	1.299E-2	4.038E-2	4.242E-2	-0.368	2.548	2.575
2.853	6.727E-3	-2.443E-2	2.534E-2	-5.787E-3	7.297E-2	7.320E-2	-0.421	1.964	2.008
2.870	6.454E-3	-2.309E-2	2.397E-2	-4.576E-3	0.102	0.102	-0.261	0.923	0.959
2.886	6.574E-3	-2.104E-2	2.205E-2	-7.508E-3	0.110	0.111	0.162	-0.362	0.397
2.903	6.203E-3	-1.941E-2	2.037E-2	-7.199E-3	8.498E-2	8.528E-2	0.180	-1.063	1.078
2.920	6.334E-3	-1.821E-2	1.928E-2	5.256E-3	7.267E-2	7.286E-2	0.439	-0.710	0.835
2.936	6.379E-3	-1.698E-2	1.814E-2	4.346E-3	6.471E-2	6.485E-2	-0.107	-0.561	0.571
2.953	6.479E-3	-1.605E-2	1.731E-2	2.973E-3	5.186E-2	5.194E-2	-0.141	-0.598	0.614
2.970	6.478E-3	-1.525E-2	1.657E-2	-1.283E-3	4.527E-2	4.529E-2	0.266	-0.517	0.581
2.986	6.436E-3	-1.454E-2	1.590E-2	1.014E-2	3.545E-2	3.687E-2	0.425	-0.134	0.445
3.003	6.816E-3	-1.407E-2	1.563E-2	1.744E-2	3.776E-2	4.159E-2	-0.254	0.242	0.351
3.020	7.018E-3	-1.328E-2	1.502E-2	4.938E-5	4.727E-2	4.727E-2	0.115	0.158	0.196
3.036	6.818E-3	-1.249E-2	1.423E-2	1.478E-2	4.238E-2	4.489E-2	-6.060E-2	-0.511	0.514
3.053	7.511E-3	-1.186E-2	1.404E-2	1.167E-2	2.992E-2	3.211E-2	-0.302	-0.148	0.336
3.070	7.207E-3	-1.149E-2	1.356E-2	-8.995E-3	3.429E-2	3.545E-2	-0.136	0.190	0.234
3.086	7.211E-3	-1.072E-2	1.292E-2	1.231E-2	4.144E-2	4.323E-2	0.307	0.164	0.348
3.103	7.618E-3	-1.011E-2	1.266E-2	6.020E-3	3.667E-2	3.716E-2	0.521	-0.403	0.658
3.120	7.412E-3	-9.497E-3	1.205E-2	1.832E-2	2.969E-2	3.488E-2	-7.693E-2	-0.198	0.212
3.136	8.229E-3	-9.119E-3	1.228E-2	1.911E-2	2.739E-2	3.340E-2	-6.259E-2	-9.854E-2	0.117
3.153	8.049E-3	-8.583E-3	1.177E-2	1.554E-3	2.916E-2	2.920E-2	-0.604	0.107	0.613
3.170	8.281E-3	-8.145E-3	1.162E-2	7.651E-3	2.906E-2	3.005E-2	0.680	-0.209	0.711
3.187	8.305E-3	-7.613E-3	1.127E-2	1.828E-2	2.448E-2	3.055E-2	-0.536	4.436E-2	0.538
3.203	8.891E-3	-7.329E-3	1.152E-2	4.226E-4	2.665E-2	2.665E-2	-0.460	1.286E-2	0.460
3.220	8.319E-3	-6.724E-3	1.070E-2	-1.251E-2	2.965E-2	3.218E-2	-0.112	-0.117	0.162
3.237	8.474E-3	-6.339E-3	1.058E-2	8.053E-3	1.995E-2	2.151E-2	0.616	-0.259	0.669
3.253	8.588E-3	-6.059E-3	1.051E-2	4.873E-3	2.051E-2	2.108E-2	0.183	-0.132	0.226
3.270	8.636E-3	-5.655E-3	1.032E-2	1.242E-2	1.793E-2	2.181E-2	1.084	-0.292	1.122
3.287	9.002E-3	-5.461E-3	1.053E-2	4.127E-2	8.850E-3	4.220E-2	-0.546	8.758E-2	0.553
3.303	1.001E-2	-5.360E-3	1.136E-2	6.136E-3	1.908E-2	2.004E-2	-1.143	0.445	1.226
3.320	9.207E-3	-4.824E-3	1.039E-2	-1.934E-2	2.835E-2	3.432E-2	-0.383	8.767E-2	0.393
3.337	9.368E-3	-4.414E-3	1.036E-2	9.449E-3	1.976E-2	2.190E-2	0.507	-0.505	0.715
3.353	9.522E-3	-4.165E-3	1.039E-2	-4.644E-3	1.119E-2	1.212E-2	7.279E-2	-0.101	0.124
3.370	9.213E-3	-4.040E-3	1.006E-2	4.629E-3	1.494E-2	1.564E-2	0.223	-0.109	0.248
3.387	9.677E-3	-3.666E-3	1.035E-2	1.346E-2	1.176E-2	1.787E-2	0.437	-0.330	0.548
3.403	9.662E-3	-3.648E-3	1.033E-2	1.021E-2	-4.062E-5	1.021E-2	0.109	-0.202	0.229
3.420	1.002E-2	-3.668E-3	1.067E-2	2.218E-2	5.301E-3	2.280E-2	7.953E-2	0.119	0.143
3.437	1.040E-2	-3.471E-3	1.097E-2	1.297E-2	6.677E-3	1.459E-2	-0.449	2.582E-2	0.450
3.453	1.045E-2	-3.445E-3	1.100E-2	4.020E-3	3.508E-3	5.335E-3	-0.260	-0.155	0.302
3.470	1.054E-2	-3.354E-3	1.106E-2	5.954E-3	3.109E-3	6.717E-3	-0.289	-0.288	0.408
3.487	1.065E-2	-3.341E-3	1.116E-2	-4.026E-3	-6.063E-3	7.278E-3	-0.474	-0.553	0.729
3.504	1.040E-2	-3.557E-3	1.099E-2	-1.328E-2	-1.647E-2	2.115E-2	0.876	-0.507	1.013
3.520	1.021E-2	-3.891E-3	1.092E-2	2.233E-2	-2.264E-2	3.180E-2	0.303	-0.129	0.330
3.537	1.115E-2	-4.312E-3	1.195E-2	1.262E-2	-2.153E-2	2.496E-2	5.875E-2	-0.205	0.214
3.554	1.063E-2	-4.609E-3	1.158E-2	2.150E-3	-2.677E-2	2.686E-2	-0.911	-0.410	0.999
3.570	1.122E-2	-5.205E-3	1.237E-2	2.680E-3	-3.800E-2	3.809E-2	0.409	-0.225	0.467
3.587	1.072E-2	-5.877E-3	1.222E-2	-2.303E-3	-3.447E-2	3.454E-2	-1.421E-2	7.234E-3	1.595E-2
3.604	1.114E-2	-6.355E-3	1.283E-2	1.617E-2	-3.489E-2	3.846E-2	1.683E-2	-0.226	0.227
3.620	1.126E-2	-7.041E-3	1.328E-2	-6.480E-3	-4.418E-2	4.465E-2	-0.785	-0.326	0.850
3.637	1.093E-2	-7.829E-3	1.344E-2	-1.341E-2	-4.595E-2	4.787E-2	-0.589	-0.334	0.678
3.654	1.081E-2	-8.574E-3	1.380E-2	-2.050E-2	-5.329E-2	5.710E-2	-2.876E-2	-0.262	0.264
3.670	1.024E-2	-9.607E-3	1.404E-2	-2.099E-2	-5.792E-2	6.161E-2	0.555	9.848E-2	0.564
3.687	1.011E-2	-1.051E-2	1.458E-2	2.198E-3	-4.841E-2	4.846E-2	0.904	0.474	1.021
3.704	1.031E-2	-1.122E-2	1.524E-2	1.051E-2	-4.134E-2	4.266E-2	-0.677	0.322	0.749
3.720	1.046E-2	-1.189E-2	1.583E-2	-1.851E-2	-3.824E-2	4.248E-2	-0.598	1.597E-2	0.599
3.737	9.697E-3	-1.250E-2	1.582E-2	-2.052E-2	-4.011E-2	4.505E-2	4.392E-2	0.376	0.378
3.754	9.774E-3	-1.322E-2	1.644E-2	-4.667E-3	-2.897E-2	2.934E-2	0.444	0.355	0.569
3.770	9.542E-3	-1.347E-2	1.650E-2	-1.218E-2	-2.246E-2	2.555E-2	-0.406	2.273E-2	0.407
3.787	9.367E-3	-1.397E-2	1.682E-2	-1.566E-2	-3.233E-2	3.592E-2	0.363	0.149	0.392
3.804	9.019E-3	-1.454E-2	1.711E-2	-4.196E-3	-1.902E-2	1.947E-2	0.652	0.438	0.786
3.820	9.227E-3	-1.461E-2	1.728E-2	1.173E-2	-1.199E-2	1.677E-2	0.170	0.145	0.223
3.837	9.411E-3	-1.494E-2	1.766E-2	3.906E-4	-1.884E-2	1.884E-2	-0.376	0.102	0.390
3.854	9.240E-3	-1.524E-2	1.782E-2	-4.554E-3	-8.391E-3	9.547E-3	-0.104	0.423	0.436
3.871	9.259E-3	-1.522E-2	1.782E-2	1.754E-4	-1.888E-3	1.896E-3	0.444	0.120	0.460
3.887	9.246E-3	-1.530E-2	1.788E-2	7.949E-3	-6.240E-3	1.011E-2	4.206E-2	-1.672E-2	4.526E-2
3.904	9.524E-3	-1.543E-2	1.813E-2	5.750E-3	-3.203E-3	6.582E-3	-0.185	0.175	0.255
3.921	9.438E-3	-1.541E-2	1.807E-2	-2.902E-3	1.217E-3	3.147E-3	-0.259	0.394	0.472
3.937	9.427E-3	-1.539E-2	1.805E-2	-6.947E-4	8.177E-3	8.206E-3	0.122	0.101	0.158
3.954	9.415E-3	-1.513E-2	1.782E-2	6.375E-4	7.772E-3	7.798E-3	0.231	3.955E-2	0.235
3.971	9.448E-3	-1.513E-2	1.784E-2	6.740E-3	5.514E-3	8.708E-3	0.520	1.229E-2	0.520
3.987	9.640E-3	-1.495E-2	1.779E-2	1.819E-2	1.082E-2	2.116E-2	-0.128	0.181	0.222
4.004	1.006E-2	-1.477E-2	1.787E-2	6.349E-3	1.075E-2	1.249E-2	-0.305	0.216	0.374
4.021	9.852E-3	-1.459E-2	1.761E-2	4.491E-7	1.712E-2	1.712E-2	-0.110	0.169	0.202
4.037	1.006E-2	-1.420E-2	1.740E-2	9.227E-3	1.886E-2	2.100E-2	-6.517E-2	0.150	0.164
4.054	1.016E-2	-1.396E-2	1.727E-2	-3.391E-3	1.919E-2	1.949E-2	-0.144	0.122	0.189
4.071	9.942E-3	-1.356E-2	1.681E-2	1.954E-4	2.491E-2	2.491E-2	9.447E-2	0.217	0.237
4.087	1.017E-2	-1.313E-2	1.661E-2	5.981E-3	2.592E-2	2.660E-2	0.231	0.129	0.264
4.104	1.014E-2	-1.269E-2	1.625E-2	3.212E-3	2.879E-2	2.897E-2	-0.297	0.174	0.344
4.121	1.027E-2	-1.217E-2	1.593E-2	-3.416E-4	3.230E-2	3.230E-2	0.211	0.122	0.243
4.137	1.013E-2	-1.162E-2	1.541E-2	5.250E-3	3.278E-2	3.320E-2	-0.264	-0.339	0.430
4.154	1.045E-2	-1.108E-2	1.523E-2	-1.141E-3	2.220E-2	2.223E-2	0.150	-0.174	0.230
4.171	1.009E-2	-1.088E-2	1.484E-2	-4.655E-4	2.261E-2	2.262E-2	0.397	-5.934E-4	0.397
4.188	1.043E-2	-1.032E-2	1.468E-2	2.088E-2	2.748E-2	3.451E-2	0.682	0.222	0.717
4.204	1.079E-2	-9.959E-3	1.468E-2	1.969E-2	2.621E-2	3.278E-2	-0.286	9.222E-3	0.286
4.221	1.109E-2	-9.448E-3	1.457E-2	1.171E-2	2.998E-2	3.218E-2	-0.517	0.188	0.550
4.238	1.118E-2	-8.959E-3	1.433E-2	1.427E-3	3.134E-2	3.137E-2	-0.508	0.125	0.523
4.254	1.114E-2	-8.402E-3	1.395E-2	-5.108E-3	3.466E-2	3.503E-2	0.117	0.301	0.323
4.271	1.101E-2	-7.803E-3	1.349E-2	3.547E-3	4.075E-2	4.090E-2	0.222	-0.234	0.323
4.288	1.126E-2	-7.042E-3	1.328E-2	6.995E-3	3.024E-2	3.104E-2	0.111	-0.187	0.217
4.304	1.124E-2	-6.794E-3	1.314E-2	2.884E-3	2.761E-2	2.776E-2	-0.247	-0.121	0.275
4.321	1.135E-2	-6.121E-3	1.290E-2	1.627E-3	3.307E-2	3.311E-2	-0.309	7.480E-2	0.318
4.338	1.130E-2	-5.690E-3	1.265E-2	-8.598E-3	2.617E-2	2.754E-2	-7.279E-2	-0.157	0.173
4.354	1.107E-2	-5.248E-3	1.225E-2	-3.146E-3	2.868E-2	2.885E-2	0.230	0.425	0.483
4.371	1.119E-2	-4.733E-3	1.215E-2	3.480E-3	3.966E-2	3.981E-2	0.323	0.255	0.411
4.388	1.118E-2	-3.924E-3	1.185E-2	4.223E-3	4.052E-2	4.074E-2	-0.288	-0.350	0.453
4.404	1.133E-2	-3.381E-3	1.183E-2	-2.485E-3	2.546E-2	2.558E-2	0.232	-0.345	0.416
4.421	1.110E-2	-3.075E-3	1.152E-2	5.200E-3	2.689E-2	2.739E-2	0.417	-0.197	0.462
4.438	1.151E-2	-2.484E-3	1.177E-2	1.933E-2	2.398E-2	3.080E-2	0.192	-0.199	0.276
4.454	1.174E-2	-2.275E-3	1.196E-2	8.230E-3	1.536E-2	1.743E-2	-0.396	-0.120	0.414
4.471	1.178E-2	-1.971E-3	1.194E-2	4.784E-3	2.189E-2	2.240E-2	-0.491	0.453	0.668
4.488	1.190E-2	-1.544E-3	1.200E-2	-4.848E-3	3.044E-2	3.083E-2	-0.360	5.914E-3	0.360
4.505	1.162E-2	-9.555E-4	1.166E-2	-1.182E-2	2.449E-2	2.719E-2	-0.146	-0.469	0.491
4.521	1.151E-2	-7.273E-4	1.153E-2	-6.523E-3	1.136E-2	1.310E-2	0.307	-0.483	0.572
4.538	1.140E-2	-5.766E-4	1.142E-2	-2.810E-3	9.234E-3	9.652E-3	0.192	-7.371E-2	0.206
4.555	1.141E-2	-4.192E-4	1.142E-2	8.942E-4	9.305E-3	9.347E-3	-4.693E-2	-0.217	0.222
4.571	1.143E-2	-2.661E-4	1.143E-2	-4.135E-3	2.846E-3	5.020E-3	-9.260E-2	1.004E-2	9.314E-2
4.588	1.128E-2	-3.242E-4	1.128E-2	-4.369E-3	6.435E-3	7.778E-3	0.254	5.753E-2	0.260
4.605	1.129E-2	-5.142E-5	1.129E-2	5.715E-3	9.483E-3	1.107E-2	0.364	-0.911	0.981
4.621	1.147E-2	-7.768E-6	1.147E-2	8.845E-3	-2.360E-2	2.520E-2	0.636	-2.165	2.256
4.638	1.158E-2	-8.389E-4	1.161E-2	2.324E-2	-6.682E-2	7.075E-2	-0.233	-1.526	1.544
4.655	1.224E-2	-2.237E-3	1.245E-2	1.026E-2	-7.665E-2	7.733E-2	5.230E-3	-0.424	0.424
4.671	1.192E-2	-3.396E-3	1.240E-2	8.671E-3	-7.562E-2	7.611E-2	6.023E-2	-0.502	0.506
4.688	1.253E-2	-4.761E-3	1.341E-2	2.594E-2	-9.438E-2	9.788E-2	0.122	-0.263	0.290
4.705	1.279E-2	-6.546E-3	1.437E-2	6.940E-3	-8.961E-2	8.987E-2	-0.978	0.764	1.241
4.721	1.276E-2	-7.750E-3	1.493E-2	-6.835E-3	-6.338E-2	6.374E-2	0.122	0.502	0.517
4.738	1.256E-2	-8.660E-3	1.526E-2	7.815E-3	-7.052E-2	7.095E-2	-7.298E-2	-0.369	0.376
4.755	1.302E-2	-1.010E-2	1.648E-2	1.032E-3	-8.212E-2	8.213E-2	-0.120	-0.296	0.319
4.771	1.260E-2	-1.140E-2	1.699E-2	-9.072E-3	-7.697E-2	7.750E-2	-2.270E-2	0.275	0.276
4.788	1.272E-2	-1.267E-2	1.796E-2	8.707E-3	-7.371E-2	7.422E-2	0.706	0.124	0.717
4.805	1.289E-2	-1.386E-2	1.892E-2	1.210E-2	-7.212E-2	7.313E-2	-0.300	0.276	0.408
4.821	1.313E-2	-1.508E-2	1.999E-2	1.082E-3	-6.609E-2	6.610E-2	-0.190	0.124	0.227
4.838	1.292E-2	-1.606E-2	2.062E-2	-1.107E-4	-6.503E-2	6.503E-2	6.470E-2	0.276	0.283
4.855	1.312E-2	-1.725E-2	2.167E-2	9.028E-3	-6.097E-2	6.163E-2	9.651E-2	1.009	1.013
4.872	1.322E-2	-1.810E-2	2.241E-2	1.219E-3	-3.062E-2	3.064E-2	-4.909E-2	2.023	2.024
4.888	1.316E-2	-1.827E-2	2.252E-2	5.178E-3	8.316E-3	9.797E-3	0.124	2.323	2.326
4.905	1.340E-2	-1.782E-2	2.229E-2	9.226E-3	4.645E-2	4.736E-2	-0.519	2.055	2.120
4.922	1.347E-2	-1.672E-2	2.147E-2	-1.236E-2	7.814E-2	7.911E-2	-0.686	1.519	1.667
4.938	1.298E-2	-1.521E-2	2.000E-2	-1.922E-2	9.682E-2	9.871E-2	0.348	0.619	0.710
4.955	1.283E-2	-1.349E-2	1.862E-2	2.780E-3	9.952E-2	9.956E-2	0.496	-0.325	0.592
4.972	1.308E-2	-1.189E-2	1.768E-2	1.261E-3	8.539E-2	8.540E-2	0.391	-0.435	0.585
4.988	1.287E-2	-1.064E-2	1.670E-2	7.412E-3	8.171E-2	8.205E-2	0.578	-0.471	0.746
5.005	1.332E-2	-9.167E-3	1.617E-2	2.799E-2	7.491E-2	7.997E-2	-0.258	1.684E-3	0.258
5.022	1.381E-2	-8.140E-3	1.603E-2	3.172E-4	7.510E-2	7.510E-2	-1.236	-0.488	1.329
5.038	1.333E-2	-6.662E-3	1.491E-2	-2.238E-2	6.742E-2	7.104E-2	-0.486	-0.115	0.499
5.055	1.306E-2	-5.890E-3	1.433E-2	-1.093E-2	6.114E-2	6.211E-2	0.493	-0.498	0.701
5.072	1.297E-2	-4.622E-3	1.377E-2	-5.182E-3	6.033E-2	6.056E-2	0.618	-0.439	0.758
5.088	1.289E-2	-3.877E-3	1.346E-2	7.197E-3	4.047E-2	4.110E-2	0.101	-0.909	0.915
5.105	1.321E-2	-3.271E-3	1.361E-2	3.860E-3	3.171E-2	3.194E-2	0.122	-0.338	0.360
5.122	1.301E-2	-2.819E-3	1.332E-2	2.974E-3	2.828E-2	2.844E-2	-0.646	-0.160	0.666
5.138	1.331E-2	-2.328E-3	1.351E-2	-7.674E-3	2.763E-2	2.867E-2	0.142	-2.347E-2	0.144
5.155	1.276E-2	-1.898E-3	1.290E-2	-5.530E-3	2.668E-2	2.724E-2	-0.220	2.932E-2	0.222
5.172	1.312E-2	-1.438E-3	1.320E-2	-3.601E-4	2.893E-2	2.893E-2	0.402	-8.638E-2	0.412
5.189	1.275E-2	-9.323E-4	1.278E-2	-4.924E-3	2.483E-2	2.532E-2	8.219E-2	-0.307	0.318
5.205	1.296E-2	-6.090E-4	1.297E-2	1.090E-2	1.723E-2	2.038E-2	-0.243	-9.802E-2	0.262
5.222	1.311E-2	-3.575E-4	1.311E-2	-1.298E-2	2.090E-2	2.460E-2	-0.864	5.644E-2	0.866
5.239	1.253E-2	8.826E-5	1.253E-2	-2.532E-2	2.179E-2	3.340E-2	3.836E-2	-0.215	0.218
5.255	1.227E-2	3.694E-4	1.227E-2	-7.039E-3	1.217E-2	1.406E-2	0.920	-0.260	0.957
5.272	1.229E-2	4.942E-4	1.230E-2	5.871E-3	1.184E-2	1.321E-2	-0.142	-0.114	0.182
5.289	1.246E-2	7.644E-4	1.248E-2	-9.039E-3	1.102E-2	1.425E-2	-0.211	2.427E-2	0.212
5.305	1.199E-2	8.618E-4	1.202E-2	-9.867E-3	9.957E-3	1.402E-2	7.951E-2	-0.214	0.228
5.322	1.213E-2	1.097E-3	1.218E-2	2.458E-3	6.825E-3	7.254E-3	0.377	-0.137	0.402
5.339	1.207E-2	1.090E-3	1.212E-2	-1.860E-3	2.329E-3	2.981E-3	-0.460	-0.221	0.510
5.355	1.207E-2	1.174E-3	1.213E-2	-1.011E-2	1.746E-3	1.026E-2	-5.152E-2	-8.351E-2	9.812E-2
5.372	1.173E-2	1.148E-3	1.179E-2	-8.342E-3	-1.778E-3	8.529E-3	0.182	-0.138	0.228
5.389	1.179E-2	1.115E-3	1.184E-2	1.058E-3	-2.368E-3	2.594E-3	-0.419	-0.127	0.438
5.405	1.177E-2	1.069E-3	1.182E-2	-2.174E-2	-5.691E-3	2.248E-2	0.194	-0.812	0.835
5.422	1.107E-2	9.251E-4	1.110E-2	-3.519E-3	-2.753E-2	2.775E-2	0.711	-1.222	1.413
5.439	1.165E-2	1.502E-4	1.165E-2	1.836E-2	-5.082E-2	5.403E-2	0.373	-0.693	0.787
5.455	1.168E-2	-7.705E-4	1.170E-2	-1.046E-3	-4.996E-2	4.997E-2	-1.244	-0.603	1.383
5.472	1.162E-2	-1.517E-3	1.172E-2	-1.925E-2	-6.582E-2	6.858E-2	-0.222	-0.300	0.373
5.489	1.104E-2	-2.967E-3	1.143E-2	-1.534E-2	-6.927E-2	7.095E-2	0.329	-0.375	0.499
5.506	1.111E-2	-3.828E-3	1.175E-2	1.320E-4	-6.795E-2	6.795E-2	0.601	0.218	0.639
5.522	1.104E-2	-5.234E-3	1.222E-2	1.627E-4	-7.107E-2	7.107E-2	-0.784	0.563	0.965
5.539	1.111E-2	-6.200E-3	1.272E-2	-2.072E-2	-4.492E-2	4.947E-2	-0.475	0.856	0.980
5.556	1.035E-2	-6.733E-3	1.235E-2	-2.620E-2	-3.958E-2	4.747E-2	-0.134	0.279	0.309
5.572	1.024E-2	-7.520E-3	1.270E-2	-1.488E-2	-4.060E-2	4.324E-2	0.130	6.671E-2	0.146
5.589	9.853E-3	-8.088E-3	1.275E-2	-2.648E-2	-3.433E-2	4.336E-2	-0.284	-9.539E-2	0.300
5.606	9.354E-3	-8.666E-3	1.275E-2	-2.490E-2	-4.356E-2	5.017E-2	0.329	-0.212	0.391
5.622	9.022E-3	-9.541E-3	1.313E-2	-1.437E-2	-4.498E-2	4.722E-2	0.210	0.343	0.402
5.639	8.874E-3	-1.017E-2	1.349E-2	-1.601E-2	-2.981E-2	3.384E-2	-0.408	0.232	0.469
5.656	8.488E-3	-1.054E-2	1.353E-2	-2.985E-2	-3.436E-2	4.552E-2	-4.895E-2	-0.432	0.435
5.672	7.878E-3	-1.131E-2	1.379E-2	-2.079E-2	-4.856E-2	5.282E-2	0.438	0.128	0.456
5.689	7.794E-3	-1.216E-2	1.444E-2	-9.176E-3	-3.161E-2	3.291E-2	0.455	0.713	0.846
5.706	7.572E-3	-1.237E-2	1.450E-2	-9.572E-3	-1.829E-2	2.065E-2	-0.214	0.129	0.250
5.722	7.475E-3	-1.277E-2	1.479E-2	-1.356E-2	-3.064E-2	3.350E-2	-0.150	-0.185	0.238
5.739	7.120E-3	-1.339E-2	1.517E-2	-1.782E-2	-2.708E-2	3.242E-2	0.277	0.451	0.529
5.756	6.880E-3	-1.367E-2	1.530E-2	-3.735E-3	-1.231E-2	1.286E-2	0.272	0.314	0.415
5.772	6.995E-3	-1.380E-2	1.547E-2	-4.566E-3	-1.570E-2	1.635E-2	-0.515	-3.227E-2	0.516
5.789	6.728E-3	-1.419E-2	1.571E-2	-2.450E-2	-1.717E-2	2.992E-2	-0.341	0.148	0.372
5.806	6.177E-3	-1.437E-2	1.564E-2	-1.877E-2	-8.194E-3	2.048E-2	0.416	0.381	0.564
5.822	6.101E-3	-1.447E-2	1.570E-2	-5.249E-3	-4.737E-3	7.070E-3	0.498	0.188	0.532
5.839	6.002E-3	-1.453E-2	1.572E-2	-4.589E-3	-2.295E-3	5.131E-3	2.677E-2	0.121	0.123
5.856	5.948E-3	-1.454E-2	1.571E-2	-3.794E-3	-4.219E-4	3.817E-3	0.144	8.196E-2	0.166
5.873	5.876E-3	-1.455E-2	1.569E-2	-6.512E-4	2.374E-4	6.932E-4	3.856E-2	2.658E-2	4.684E-2
5.889	5.926E-3	-1.454E-2	1.570E-2	-8.212E-4	5.442E-4	9.851E-4	1.412E-2	0.143	0.143
5.906	5.848E-3	-1.453E-2	1.566E-2	-2.171E-3	4.364E-3	4.874E-3	-7.244E-2	9.845E-2	0.122
5.923	5.854E-3	-1.439E-2	1.553E-2	-1.679E-3	5.365E-3	5.622E-3	-0.148	4.598E-3	0.148
5.939	5.792E-3	-1.435E-2	1.547E-2	-7.515E-3	3.052E-3	8.111E-3	-9.336E-2	0.169	0.193
5.956	5.603E-3	-1.429E-2	1.535E-2	-6.311E-3	1.058E-2	1.232E-2	-6.955E-3	8.932E-2	8.959E-2
5.973	5.582E-3	-1.400E-2	1.507E-2	-5.209E-3	9.133E-3	1.051E-2	-1.828E-3	-0.137	0.137
5.989	5.429E-3	-1.398E-2	1.500E-2	-8.322E-3	2.376E-3	8.655E-3	0.231	-8.365E-2	0.246
6.006	5.304E-3	-1.392E-2	1.489E-2	1.944E-3	7.506E-3	7.754E-3	1.919E-4	0.268	0.268
6.023	5.494E-3	-1.373E-2	1.479E-2	-3.584E-3	1.194E-2	1.247E-2	1.511E-2	0.391	0.391
6.039	5.184E-3	-1.352E-2	1.448E-2	-5.111E-3	1.938E-2	2.005E-2	6.078E-2	0.186	0.196
6.056	5.324E-3	-1.309E-2	1.413E-2	4.923E-3	2.062E-2	2.120E-2	-4.914E-2	7.313E-2	8.811E-2
6.073	5.349E-3	-1.283E-2	1.390E-2	-8.262E-3	1.889E-2	2.061E-2	-0.178	-2.487E-2	0.180
6.089	5.048E-3	-1.246E-2	1.344E-2	-5.160E-3	2.166E-2	2.227E-2	0.170	0.131	0.215
6.106	5.177E-3	-1.211E-2	1.317E-2	3.136E-3	2.234E-2	2.256E-2	0.304	0.148	0.338
6.123	5.153E-3	-1.171E-2	1.279E-2	1.433E-3	2.670E-2	2.674E-2	0.112	-6.950E-2	0.132
6.139	5.224E-3	-1.122E-2	1.237E-2	7.829E-3	2.177E-2	2.314E-2	-0.108	-0.226	0.250
6.156	5.414E-3	-1.098E-2	1.225E-2	5.163E-5	1.619E-2	1.619E-2	-0.292	-2.210E-2	0.293
6.173	5.226E-3	-1.068E-2	1.189E-2	-6.359E-3	2.226E-2	2.315E-2	-0.341	-8.055E-2	0.350
6.190	5.202E-3	-1.024E-2	1.149E-2	-7.444E-3	1.574E-2	1.741E-2	0.153	-4.146E-2	0.158
6.206	4.978E-3	-1.015E-2	1.131E-2	-4.893E-3	1.588E-2	1.662E-2	0.287	4.860E-2	0.291
6.223	5.039E-3	-9.711E-3	1.094E-2	5.218E-3	2.239E-2	2.299E-2	0.298	0.147	0.332
6.240	5.152E-3	-9.404E-3	1.072E-2	4.587E-3	1.819E-2	1.876E-2	-0.297	-0.171	0.343
6.256	5.192E-3	-9.105E-3	1.048E-2	-4.556E-3	1.727E-2	1.786E-2	4.814E-2	0.358	0.361
6.273	5.000E-3	-8.827E-3	1.015E-2	2.519E-3	2.829E-2	2.840E-2	0.350	-0.115	0.368
6.290	5.276E-3	-8.161E-3	9.717E-3	1.267E-2	1.975E-2	2.347E-2	8.988E-2	-0.426	0.435
6.306	5.422E-3	-8.168E-3	9.804E-3	3.207E-3	5.749E-3	6.583E-3	-0.511	-0.485	0.705
6.323	5.383E-3	-7.969E-3	9.616E-3	-5.057E-3	8.708E-3	1.007E-2	-0.122	0.585	0.598
6.340	5.254E-3	-7.878E-3	9.469E-3	-1.683E-3	2.120E-2	2.127E-2	0.128	0.212	0.247
6.356	5.327E-3	-7.261E-3	9.006E-3	1.700E-3	2.276E-2	2.283E-2	0.228	-0.194	0.299
6.373	5.310E-3	-7.118E-3	8.881E-3	3.630E-3	8.440E-3	9.188E-3	-0.325	-0.460	0.563
6.390	5.448E-3	-6.980E-3	8.854E-3	-5.499E-3	9.276E-3	1.078E-2	-7.948E-2	4.497E-2	9.132E-2
6.406	5.127E-3	-6.809E-3	8.523E-3	-5.553E-3	1.024E-2	1.164E-2	0.647	0.329	0.726
6.423	5.262E-3	-6.638E-3	8.471E-3	2.023E-2	1.888E-2	2.767E-2	0.359	0.100	0.373
6.440	5.802E-3	-6.179E-3	8.476E-3	1.099E-2	1.749E-2	2.066E-2	-0.417	-0.364	0.553
6.456	5.629E-3	-6.055E-3	8.267E-3	-2.607E-3	3.248E-3	4.165E-3	-0.545	-0.651	0.849
6.473	5.715E-3	-6.071E-3	8.337E-3	-1.039E-3	-3.624E-3	3.770E-3	-0.106	-0.312	0.330
6.490	5.595E-3	-6.175E-3	8.333E-3	-8.784E-3	-7.196E-3	1.136E-2	3.474E-2	5.777E-2	6.741E-2
6.507	5.422E-3	-6.311E-3	8.320E-3	-8.104E-4	-2.392E-3	2.526E-3	0.303	-2.811E-3	0.303
6.523	5.568E-3	-6.255E-3	8.374E-3	4.831E-3	-4.421E-3	6.549E-3	-0.124	-1.601E-3	0.124
6.540	5.583E-3	-6.458E-3	8.537E-3	-6.392E-3	-6.310E-3	8.981E-3	-0.457	-0.233	0.513
6.557	5.354E-3	-6.466E-3	8.395E-3	-1.216E-2	-8.286E-3	1.472E-2	0.214	-0.624	0.660
6.573	5.177E-3	-6.735E-3	8.495E-3	6.428E-4	-2.845E-2	2.846E-2	0.717	-1.095	1.309
6.590	5.376E-3	-7.415E-3	9.159E-3	1.441E-2	-4.642E-2	4.861E-2	0.698	-1.149	1.344
6.607	5.658E-3	-8.284E-3	1.003E-2	2.228E-2	-6.481E-2	6.853E-2	0.143	-0.653	0.669
6.623	6.119E-3	-9.578E-3	1.137E-2	2.126E-2	-7.187E-2	7.495E-2	-0.511	-1.893E-2	0.511
6.640	6.367E-3	-1.068E-2	1.244E-2	4.175E-3	-6.251E-2	6.265E-2	4.497E-3	-0.439	0.439
6.657	6.258E-3	-1.166E-2	1.324E-2	1.604E-2	-8.286E-2	8.440E-2	0.472	-0.833	0.958
6.673	6.903E-3	-1.345E-2	1.511E-2	2.925E-2	-9.884E-2	0.103	-0.120	-0.410	0.427
6.690	7.234E-3	-1.496E-2	1.662E-2	7.837E-3	-9.081E-2	9.115E-2	-0.287	0.580	0.647
6.707	7.164E-3	-1.648E-2	1.797E-2	1.484E-2	-8.191E-2	8.325E-2	-0.443	0.384	0.586
6.723	7.729E-3	-1.769E-2	1.931E-2	4.427E-3	-7.517E-2	7.530E-2	-0.137	0.545	0.562
6.740	7.312E-3	-1.898E-2	2.034E-2	-3.900E-3	-6.708E-2	6.719E-2	7.570E-2	0.134	0.154
6.757	7.599E-3	-1.993E-2	2.133E-2	1.720E-2	-6.615E-2	6.835E-2	0.858	0.264	0.898
6.773	7.886E-3	-2.119E-2	2.261E-2	2.114E-2	-6.402E-2	6.742E-2	-0.102	0.627	0.636
6.790	8.305E-3	-2.207E-2	2.358E-2	1.621E-2	-4.211E-2	4.512E-2	0.441	1.422	1.489
6.807	8.427E-3	-2.260E-2	2.412E-2	2.957E-2	-1.727E-2	3.425E-2	0.182	2.063	2.071
6.823	9.291E-3	-2.265E-2	2.448E-2	3.265E-2	2.530E-2	4.131E-2	0.574	2.115	2.192
6.840	9.516E-3	-2.175E-2	2.374E-2	3.675E-2	5.859E-2	6.916E-2	-0.224	1.701	1.716
6.857	1.052E-2	-2.069E-2	2.321E-2	3.774E-2	7.751E-2	8.621E-2	-0.980	1.459	1.758
6.874	1.078E-2	-1.917E-2	2.199E-2	-3.013E-3	0.108	0.108	-0.769	1.083	1.328
6.890	1.042E-2	-1.708E-2	2.001E-2	6.067E-3	0.118	0.118	0.173	0.293	0.340
6.907	1.098E-2	-1.525E-2	1.879E-2	1.582E-2	0.113	0.114	0.201	-0.216	0.295
6.924	1.094E-2	-1.331E-2	1.723E-2	3.042E-3	0.113	0.113	-0.329	-0.604	0.687
6.940	1.108E-2	-1.149E-2	1.596E-2	8.732E-3	9.376E-2	9.417E-2	0.830	-1.303	1.545
6.957	1.124E-2	-1.018E-2	1.517E-2	2.762E-2	6.675E-2	7.224E-2	0.245	-1.135	1.161
6.974	1.200E-2	-9.260E-3	1.516E-2	2.498E-2	5.494E-2	6.035E-2	-0.582	-0.570	0.814
6.990	1.207E-2	-8.351E-3	1.468E-2	2.007E-4	4.989E-2	4.989E-2	-0.749	-9.617E-2	0.755
7.007	1.201E-2	-7.596E-3	1.421E-2	1.142E-3	4.983E-2	4.985E-2	-4.406E-2	9.331E-2	0.103
7.024	1.211E-2	-6.689E-3	1.383E-2	1.354E-3	5.488E-2	5.490E-2	0.501	-0.110	0.513
7.040	1.205E-2	-5.764E-3	1.336E-2	1.343E-2	4.687E-2	4.876E-2	0.336	-0.966	1.023
7.057	1.256E-2	-5.124E-3	1.356E-2	1.955E-2	2.242E-2	2.975E-2	0.184	-5.756E-2	0.193
7.074	1.270E-2	-5.016E-3	1.366E-2	1.350E-2	3.723E-2	3.960E-2	0.425	0.118	0.441
7.090	1.301E-2	-3.882E-3	1.357E-2	3.424E-2	4.125E-2	5.361E-2	0.513	-0.288	0.589
7.107	1.385E-2	-3.640E-3	1.432E-2	3.657E-2	1.546E-2	3.971E-2	-0.857	-0.646	1.073
7.124	1.423E-2	-3.366E-3	1.462E-2	2.306E-3	2.285E-2	2.296E-2	-0.576	-0.127	0.590
7.140	1.392E-2	-2.878E-3	1.422E-2	9.540E-3	1.498E-2	1.776E-2	0.970	7.964E-3	0.970
7.157	1.455E-2	-2.867E-3	1.482E-2	4.446E-2	1.592E-2	4.722E-2	-0.110	0.317	0.335
7.174	1.541E-2	-2.346E-3	1.559E-2	9.973E-3	3.186E-2	3.339E-2	-0.955	0.359	1.020
7.191	1.488E-2	-1.803E-3	1.499E-2	-4.294E-3	2.675E-2	2.709E-2	-0.339	-0.534	0.633
7.207	1.526E-2	-1.454E-3	1.533E-2	1.381E-2	1.336E-2	1.922E-2	-0.174	-0.414	0.449
7.224	1.534E-2	-1.357E-3	1.540E-2	-1.407E-2	1.089E-2	1.779E-2	-0.249	8.979E-2	0.265
7.241	1.480E-2	-1.091E-3	1.484E-2	-2.719E-3	1.853E-2	1.873E-2	0.790	-0.361	0.868
7.257	1.525E-2	-7.390E-4	1.527E-2	2.392E-2	1.620E-3	2.397E-2	0.909	-0.372	0.982
7.274	1.559E-2	-1.037E-3	1.563E-2	2.221E-2	-2.057E-3	2.230E-2	-0.217	0.108	0.243
7.291	1.599E-2	-8.077E-4	1.601E-2	1.834E-2	1.268E-2	2.229E-2	-0.202	0.413	0.460
7.307	1.621E-2	-6.137E-4	1.622E-2	1.360E-2	9.478E-3	1.658E-2	-0.310	-0.602	0.677
7.324	1.644E-2	-4.914E-4	1.645E-2	9.625E-3	-5.971E-3	1.133E-2	-0.122	-0.423	0.440
7.341	1.653E-2	-8.129E-4	1.655E-2	7.722E-3	-9.519E-3	1.226E-2	-6.018E-2	6.126E-2	8.587E-2
7.357	1.670E-2	-8.090E-4	1.672E-2	9.232E-3	6.941E-4	9.258E-3	0.291	0.426	0.516
7.374	1.683E-2	-7.898E-4	1.685E-2	1.561E-2	3.153E-3	1.592E-2	0.106	-6.669E-2	0.125
7.391	1.722E-2	-7.038E-4	1.724E-2	1.611E-2	-2.533E-4	1.611E-2	-0.473	-0.284	0.552
7.407	1.737E-2	-7.982E-4	1.739E-2	-1.739E-3	-7.843E-3	8.034E-3	7.604E-2	-0.764	0.768
7.424	1.716E-2	-9.655E-4	1.719E-2	1.295E-2	-2.365E-2	2.696E-2	0.388	-0.345	0.519
7.441	1.780E-2	-1.587E-3	1.787E-2	2.232E-2	-2.472E-2	3.330E-2	-0.375	8.754E-2	0.385
7.457	1.791E-2	-1.790E-3	1.800E-2	-6.036E-3	-1.482E-2	1.600E-2	-0.336	0.441	0.554
7.474	1.760E-2	-2.082E-3	1.773E-2	6.379E-3	-1.317E-2	1.464E-2	0.196	-0.120	0.229
7.491	1.812E-2	-2.230E-3	1.826E-2	1.202E-2	-1.616E-2	2.014E-2	-0.477	-0.125	0.493
7.508	1.800E-2	-2.621E-3	1.819E-2	-1.706E-2	-2.045E-2	2.663E-2	-1.092	0.205	1.111
7.524	1.755E-2	-2.912E-3	1.779E-2	-2.489E-2	-8.695E-3	2.636E-2	3.702E-2	0.124	0.129
7.541	1.717E-2	-2.911E-3	1.742E-2	-1.487E-2	-1.246E-2	1.940E-2	5.358E-2	-0.634	0.636
7.558	1.706E-2	-3.328E-3	1.738E-2	-1.942E-2	-3.348E-2	3.870E-2	0.507	-0.742	0.899
7.574	1.653E-2	-4.028E-3	1.701E-2	-6.234E-3	-3.835E-2	3.885E-2	0.602	-6.038E-2	0.605
7.591	1.685E-2	-4.608E-3	1.747E-2	1.092E-2	-3.344E-2	3.518E-2	-0.120	0.243	0.271
7.608	1.689E-2	-5.144E-3	1.766E-2	-1.392E-2	-3.059E-2	3.361E-2	-1.631	0.469	1.697
7.624	1.638E-2	-5.629E-3	1.732E-2	-4.492E-2	-1.898E-2	4.877E-2	-0.385	0.458	0.598
7.641	1.539E-2	-5.777E-3	1.644E-2	-3.243E-2	-1.220E-2	3.465E-2	0.461	-0.127	0.478
7.658	1.530E-2	-6.036E-3	1.645E-2	-1.796E-2	-2.434E-2	3.024E-2	0.628	-0.350	0.719
7.674	1.479E-2	-6.589E-3	1.619E-2	-2.037E-2	-2.685E-2	3.370E-2	-0.365	0.406	0.546
7.691	1.462E-2	-6.931E-3	1.618E-2	-2.353E-2	-9.317E-3	2.531E-2	0.262	-8.544E-2	0.275
7.708	1.401E-2	-6.900E-3	1.561E-2	-1.939E-2	-2.375E-2	3.066E-2	0.128	-0.274	0.303
7.724	1.397E-2	-7.724E-3	1.597E-2	-1.106E-2	-3.013E-2	3.209E-2	0.683	0.186	0.707
7.741	1.364E-2	-7.905E-3	1.576E-2	-4.028E-3	-8.707E-3	9.594E-3	-5.011E-2	0.742	0.744
7.758	1.384E-2	-8.014E-3	1.599E-2	-4.437E-3	-7.362E-3	8.596E-3	-0.454	-6.777E-2	0.459
7.774	1.349E-2	-8.151E-3	1.576E-2	-2.558E-2	-1.110E-2	2.789E-2	-0.576	3.830E-2	0.577
7.791	1.299E-2	-8.385E-3	1.546E-2	-2.354E-2	-7.697E-3	2.476E-2	0.210	0.193	0.286
7.808	1.270E-2	-8.408E-3	1.523E-2	-1.613E-2	-2.303E-3	1.630E-2	-9.223E-2	-6.195E-2	0.111
7.824	1.245E-2	-8.462E-3	1.505E-2	-2.583E-2	-9.965E-3	2.769E-2	8.459E-2	-0.135	0.159
7.841	1.184E-2	-8.740E-3	1.472E-2	-1.891E-2	-9.614E-3	2.122E-2	-0.255	0.132	0.287
7.858	1.182E-2	-8.782E-3	1.472E-2	-2.456E-2	-2.559E-3	2.469E-2	9.377E-2	0.319	0.332
7.875	1.102E-2	-8.826E-3	1.412E-2	-2.770E-2	-3.207E-4	2.771E-2	0.265	0.171	0.315
7.891	1.089E-2	-8.793E-3	1.400E-2	-6.870E-3	3.558E-3	7.736E-3	0.865	6.479E-2	0.867
7.908	1.079E-2	-8.707E-3	1.387E-2	-1.999E-3	2.372E-3	3.102E-3	-7.662E-2	-8.557E-2	0.115
7.925	1.083E-2	-8.714E-3	1.390E-2	-7.134E-3	-3.343E-4	7.141E-3	-0.589	-1.737E-2	0.589
7.941	1.056E-2	-8.718E-3	1.369E-2	-2.372E-2	1.906E-3	2.380E-2	-0.150	7.833E-2	0.170
7.958	1.003E-2	-8.650E-3	1.325E-2	-1.528E-2	3.032E-3	1.558E-2	0.266	-2.018E-2	0.267
7.975	1.005E-2	-8.617E-3	1.323E-2	-7.979E-3	8.004E-4	8.020E-3	0.410	-0.223	0.467
7.991	9.768E-3	-8.624E-3	1.303E-2	-7.630E-3	-4.090E-3	8.657E-3	3.314E-2	0.196	0.198
8.008	9.791E-3	-8.753E-3	1.313E-2	-2.513E-3	4.668E-3	5.302E-3	-0.168	0.181	0.247
8.025	9.684E-3	-8.468E-3	1.286E-2	-1.448E-2	7.431E-3	1.627E-2	-0.184	8.777E-4	0.184
8.041	9.308E-3	-8.506E-3	1.261E-2	-1.193E-2	-1.496E-4	1.193E-2	0.169	-0.251	0.303
8.058	9.286E-3	-8.473E-3	1.257E-2	-4.216E-3	1.151E-3	4.371E-3	0.197	6.960E-2	0.209
8.075	9.167E-3	-8.467E-3	1.248E-2	-7.633E-3	1.480E-3	7.775E-3	2.089E-3	-3.481E-2	3.488E-2
8.091	9.031E-3	-8.424E-3	1.235E-2	-4.408E-3	7.017E-4	4.464E-3	0.284	3.683E-2	0.287
8.108	9.020E-3	-8.444E-3	1.236E-2	2.531E-3	1.599E-3	2.994E-3	0.160	4.850E-2	0.167
8.125	9.116E-3	-8.370E-3	1.238E-2	1.863E-3	3.522E-3	3.985E-3	-9.939E-2	-2.394E-2	0.102
8.141	9.082E-3	-8.326E-3	1.232E-2	-2.309E-3	4.572E-4	2.354E-3	-0.143	-4.457E-2	0.150
8.158	9.039E-3	-8.355E-3	1.231E-2	-2.462E-3	1.132E-3	2.710E-3	-0.440	0.198	0.483
8.175	9.000E-3	-8.288E-3	1.224E-2	-1.509E-2	7.654E-3	1.692E-2	-0.369	0.107	0.384
8.192	8.535E-3	-8.099E-3	1.177E-2	-1.962E-2	6.089E-3	2.054E-2	-5.461E-2	-0.290	0.295
8.208	8.346E-3	-8.085E-3	1.162E-2	-1.256E-2	-3.429E-3	1.302E-2	0.430	-0.220	0.483
8.225	8.116E-3	-8.214E-3	1.155E-2	-7.665E-3	-2.469E-3	8.053E-3	0.225	7.754E-3	0.225
8.242	8.090E-3	-8.168E-3	1.150E-2	-2.950E-3	-5.808E-4	3.007E-3	0.230	2.814E-3	0.230
8.258	8.018E-3	-8.233E-3	1.149E-2	-1.651E-3	-4.065E-3	4.387E-3	9.812E-2	1.794E-3	9.814E-2
8.275	8.035E-3	-8.303E-3	1.155E-2	1.254E-3	-5.923E-4	1.387E-3	-3.091E-2	0.130	0.134
8.292	8.059E-3	-8.253E-3	1.154E-2	-2.441E-3	1.539E-3	2.885E-3	-0.128	-4.526E-2	0.136
8.308	7.953E-3	-8.252E-3	1.146E-2	-4.440E-3	-2.648E-3	5.169E-3	6.017E-2	-6.291E-2	8.705E-2
8.325	7.911E-3	-8.341E-3	1.150E-2	2.768E-4	-1.657E-3	1.680E-3	0.154	-6.159E-2	0.166
8.342	7.962E-3	-8.307E-3	1.151E-2	1.452E-3	-2.591E-3	2.970E-3	-0.193	0.226	0.298
8.358	7.960E-3	-8.428E-3	1.159E-2	-6.166E-3	2.633E-3	6.705E-3	-0.215	9.989E-2	0.237
8.375	7.757E-3	-8.219E-3	1.130E-2	-7.810E-3	5.259E-3	9.416E-3	-0.273	-0.161	0.317
8.392	7.699E-3	-8.252E-3	1.129E-2	-1.197E-2	-5.701E-3	1.326E-2	-6.859E-2	-0.334	0.341
8.408	7.357E-3	-8.410E-3	1.117E-2	-1.407E-2	-6.347E-3	1.543E-2	-4.718E-3	-8.344E-2	8.358E-2
8.425	7.230E-3	-8.464E-3	1.113E-2	-8.901E-3	-6.602E-3	1.108E-2	3.500E-2	0.122	0.126
8.442	7.060E-3	-8.630E-3	1.115E-2	-1.367E-2	-4.463E-3	1.438E-2	-0.127	6.105E-2	0.141
8.458	6.774E-3	-8.613E-3	1.096E-2	-1.438E-2	-2.087E-3	1.453E-2	6.992E-2	-2.062E-2	7.290E-2
8.475	6.580E-3	-8.699E-3	1.091E-2	-1.022E-2	-6.609E-3	1.217E-2	0.161	-0.483	0.509
8.492	6.432E-3	-8.834E-3	1.093E-2	-8.999E-3	-1.689E-2	1.914E-2	-6.439E-2	-0.492	0.497
8.509	6.280E-3	-9.263E-3	1.119E-2	-1.217E-2	-2.541E-2	2.817E-2	-0.113	0.158	0.194
8.525	6.027E-3	-9.681E-3	1.140E-2	-1.381E-2	-1.212E-2	1.838E-2	0.217	3.779E-2	0.220
8.542	5.819E-3	-9.668E-3	1.128E-2	-5.138E-3	-1.783E-2	1.856E-2	0.211	-0.194	0.286
8.559	5.855E-3	-1.028E-2	1.183E-2	-4.008E-3	-2.710E-2	2.740E-2	-0.390	-4.850E-2	0.393
8.575	5.686E-3	-1.057E-2	1.200E-2	-1.959E-2	-1.455E-2	2.440E-2	0.138	0.277	0.309
8.592	5.202E-3	-1.076E-2	1.195E-2	-4.701E-3	-1.743E-2	1.805E-2	-0.204	-0.338	0.395
8.609	5.529E-3	-1.115E-2	1.245E-2	-1.339E-2	-2.746E-2	3.055E-2	-0.682	-0.913	1.139
8.625	4.755E-3	-1.168E-2	1.261E-2	-4.110E-2	-4.606E-2	6.173E-2	0.550	-1.299	1.410
8.642	4.157E-3	-1.269E-2	1.335E-2	5.304E-3	-7.268E-2	7.288E-2	1.742	-1.458	2.271
8.659	4.932E-3	-1.410E-2	1.494E-2	3.031E-2	-9.463E-2	9.936E-2	-0.441	-0.862	0.968
8.675	5.169E-3	-1.585E-2	1.667E-2	-1.563E-2	-0.103	0.104	-1.678	4.388E-2	1.678
8.692	4.410E-3	-1.753E-2	1.808E-2	-3.359E-2	-9.246E-2	9.838E-2	-4.691E-2	-8.814E-2	9.985E-2
8.709	4.048E-3	-1.893E-2	1.936E-2	-1.107E-2	-0.101	0.102	1.781	-0.418	1.830
8.725	4.041E-3	-2.091E-2	2.129E-2	2.374E-2	-0.113	0.116	0.822	-0.428	0.927
8.742	4.840E-3	-2.271E-2	2.322E-2	2.502E-2	-0.111	0.114	-0.593	0.581	0.830
8.759	4.876E-3	-2.461E-2	2.509E-2	-5.009E-3	-9.772E-2	9.785E-2	-0.780	0.751	1.083
8.775	4.673E-3	-2.597E-2	2.639E-2	-1.316E-3	-8.106E-2	8.107E-2	-0.201	1.604	1.616
8.792	4.832E-3	-2.732E-2	2.774E-2	-5.461E-3	-5.067E-2	5.096E-2	0.214	2.252	2.262
8.809	4.491E-3	-2.766E-2	2.803E-2	-2.549E-3	-3.560E-4	2.574E-3	2.373E-2	2.657	2.657
8.825	4.747E-3	-2.733E-2	2.774E-2	4.177E-3	3.711E-2	3.734E-2	0.116	1.615	1.619
8.842	4.630E-3	-2.643E-2	2.683E-2	-4.738E-3	5.534E-2	5.554E-2	-0.469	0.727	0.865
8.859	4.589E-3	-2.548E-2	2.589E-2	-8.402E-3	5.890E-2	5.949E-2	0.206	6.173E-2	0.215
8.876	4.350E-3	-2.446E-2	2.484E-2	-1.673E-3	5.834E-2	5.837E-2	0.229	-0.209	0.311
8.892	4.533E-3	-2.354E-2	2.397E-2	4.617E-3	5.131E-2	5.151E-2	0.131	-0.158	0.205
8.909	4.504E-3	-2.275E-2	2.319E-2	-1.037E-3	5.170E-2	5.171E-2	-0.289	0.284	0.405
8.926	4.498E-3	-2.181E-2	2.227E-2	-3.461E-3	6.182E-2	6.192E-2	-0.113	0.325	0.344
8.942	4.388E-3	-2.069E-2	2.115E-2	-5.906E-3	6.402E-2	6.429E-2	-0.181	0.385	0.425
8.959	4.301E-3	-1.968E-2	2.014E-2	-8.398E-3	7.134E-2	7.183E-2	-0.170	1.199	1.211
8.976	4.108E-3	-1.831E-2	1.876E-2	-1.244E-2	0.104	0.105	-0.180	0.501	0.532
8.992	3.886E-3	-1.619E-2	1.665E-2	-1.408E-2	9.711E-2	9.813E-2	-0.254	-0.520	0.579
9.009	3.638E-3	-1.507E-2	1.550E-2	-2.024E-2	7.444E-2	7.714E-2	0.503	-0.561	0.754
9.026	3.211E-3	-1.371E-2	1.408E-2	-2.086E-3	8.419E-2	8.422E-2	1.002	0.165	1.016
9.042	3.569E-3	-1.226E-2	1.277E-2	2.080E-2	8.068E-2	8.332E-2	0.499	-0.814	0.955
9.059	3.905E-3	-1.102E-2	1.169E-2	1.214E-2	5.725E-2	5.853E-2	0.103	-0.565	0.574
9.076	3.974E-3	-1.035E-2	1.108E-2	1.982E-2	5.566E-2	5.908E-2	-0.451	-0.538	0.702
9.092	4.566E-3	-9.159E-3	1.023E-2	6.822E-3	4.928E-2	4.975E-2	-0.918	0.459	1.026
9.109	4.201E-3	-8.702E-3	9.663E-3	-2.131E-2	5.813E-2	6.191E-2	-0.685	0.375	0.781
9.126	3.855E-3	-7.219E-3	8.184E-3	-1.291E-2	7.560E-2	7.670E-2	0.300	-0.179	0.349
9.142	3.770E-3	-6.179E-3	7.238E-3	-8.626E-3	4.629E-2	4.709E-2	0.107	-1.004	1.010
9.159	3.567E-3	-5.675E-3	6.703E-3	-1.158E-2	3.824E-2	3.996E-2	4.935E-2	1.450E-2	5.144E-2
9.176	3.384E-3	-4.903E-3	5.957E-3	-6.884E-3	5.072E-2	5.119E-2	0.661	8.020E-2	0.666
9.193	3.338E-3	-3.982E-3	5.196E-3	9.763E-3	4.281E-2	4.391E-2	1.411	-0.749	1.597
9.209	3.710E-3	-3.474E-3	5.083E-3	4.059E-2	2.269E-2	4.650E-2	0.129	-0.571	0.586
9.226	4.692E-3	-3.225E-3	5.693E-3	2.266E-2	2.225E-2	3.175E-2	-1.315	0.293	1.347
9.243	4.466E-3	-2.732E-3	5.235E-3	-1.591E-2	3.490E-2	3.835E-2	-0.433	0.600	0.740
9.259	4.161E-3	-2.061E-3	4.643E-3	8.833E-3	4.244E-2	4.335E-2	1.281	-0.470	1.365
9.276	4.760E-3	-1.316E-3	4.939E-3	3.505E-2	2.228E-2	4.153E-2	0.211	-0.750	0.779
9.293	5.330E-3	-1.317E-3	5.491E-3	1.453E-2	9.346E-3	1.728E-2	-0.853	0.336	0.917
9.309	5.245E-3	-1.004E-3	5.341E-3	3.365E-4	3.682E-2	3.682E-2	-0.582	0.571	0.816
9.326	5.341E-3	-8.873E-5	5.342E-3	2.551E-4	3.505E-2	3.505E-2	0.734	-0.658	0.985
9.343	5.254E-3	1.654E-4	5.257E-3	1.900E-2	7.708E-3	2.051E-2	0.451	-1.062	1.154
9.359	5.976E-3	1.685E-4	5.978E-3	2.556E-2	2.879E-4	2.556E-2	-0.137	-0.212	0.253
9.376	6.107E-3	1.750E-4	6.109E-3	6.149E-3	1.562E-3	6.345E-3	-0.746	-1.008E-4	0.746
9.393	6.181E-3	2.206E-4	6.185E-3	2.908E-3	8.701E-4	3.035E-3	0.198	0.174	0.264
9.409	6.204E-3	2.040E-4	6.207E-3	1.117E-2	5.708E-3	1.255E-2	-1.580E-2	-3.128E-2	3.504E-2
9.426	6.554E-3	4.110E-4	6.566E-3	7.341E-3	3.307E-3	8.051E-3	0.455	-0.146	0.478
9.443	6.449E-3	3.144E-4	6.456E-3	1.764E-2	-3.119E-3	1.792E-2	0.274	-9.208E-2	0.290
9.459	7.142E-3	3.070E-4	7.149E-3	2.732E-2	1.956E-3	2.739E-2	-0.200	7.360E-2	0.213
9.476	7.360E-3	3.796E-4	7.370E-3	4.686E-3	2.298E-4	4.691E-3	-1.313	-0.286	1.343
9.493	7.299E-3	3.146E-4	7.305E-3	-1.520E-2	-8.457E-3	1.739E-2	7.848E-2	-0.528	0.534
9.510	6.853E-3	9.747E-5	6.854E-3	1.225E-3	-1.747E-2	1.751E-2	0.480	-0.732	0.875
9.526	7.339E-3	-2.683E-4	7.344E-3	1.277E-2	-3.205E-2	3.450E-2	0.333	-0.783	0.850
9.543	7.279E-3	-9.720E-4	7.344E-3	2.746E-3	-4.538E-2	4.546E-2	-0.541	-0.600	0.808
9.560	7.431E-3	-1.782E-3	7.642E-3	1.488E-4	-5.118E-2	5.118E-2	-5.132E-2	-0.600	0.602
9.576	7.284E-3	-2.680E-3	7.762E-3	-3.226E-3	-6.420E-2	6.428E-2	1.120E-2	-0.222	0.222
9.593	7.323E-3	-3.925E-3	8.309E-3	3.261E-3	-6.286E-2	6.294E-2	0.214	-0.152	0.263
9.610	7.393E-3	-4.777E-3	8.802E-3	3.492E-3	-6.276E-2	6.286E-2	-0.343	-0.725	0.802
9.626	7.440E-3	-6.019E-3	9.570E-3	-7.103E-3	-8.987E-2	9.015E-2	-0.758	-7.336E-2	0.762
9.643	7.156E-3	-7.776E-3	1.057E-2	-2.360E-2	-7.262E-2	7.636E-2	-0.465	0.850	0.968
9.660	6.653E-3	-8.442E-3	1.075E-2	-2.396E-2	-4.872E-2	5.429E-2	-0.175	0.746	0.766
9.676	6.357E-3	-9.401E-3	1.135E-2	-2.560E-2	-5.524E-2	6.089E-2	-0.238	-0.163	0.288
9.693	5.798E-3	-1.029E-2	1.181E-2	-3.484E-2	-5.233E-2	6.287E-2	0.124	-7.044E-2	0.143
9.710	5.194E-3	-1.115E-2	1.230E-2	-2.266E-2	-5.697E-2	6.131E-2	0.100	8.252E-2	0.130
9.726	5.042E-3	-1.219E-2	1.319E-2	-2.514E-2	-5.257E-2	5.827E-2	8.438E-2	-0.180	0.199
9.743	4.355E-3	-1.290E-2	1.362E-2	-2.821E-2	-5.738E-2	6.394E-2	-0.428	-0.318	0.533
9.760	4.101E-3	-1.410E-2	1.468E-2	-3.116E-2	-6.912E-2	7.581E-2	-0.274	-0.128	0.302
9.776	3.316E-3	-1.521E-2	1.556E-2	-4.416E-2	-5.972E-2	7.428E-2	0.275	0.513	0.582
9.793	2.627E-3	-1.609E-2	1.631E-2	-2.168E-2	-5.082E-2	5.525E-2	0.366	0.221	0.428
9.810	2.593E-3	-1.690E-2	1.710E-2	-2.367E-2	-5.213E-2	5.725E-2	-4.188E-2	-0.354	0.357
9.826	1.838E-3	-1.783E-2	1.793E-2	-3.369E-2	-6.295E-2	7.140E-2	0.313	-0.218	0.381
9.843	1.468E-3	-1.900E-2	1.906E-2	-8.762E-3	-6.210E-2	6.272E-2	0.694	0.450	0.827
9.860	1.545E-3	-1.990E-2	1.996E-2	-6.741E-3	-4.576E-2	4.625E-2	-5.188E-3	0.461	0.461
9.877	1.244E-3	-2.053E-2	2.057E-2	-1.459E-2	-4.452E-2	4.685E-2	-0.459	0.107	0.471
9.893	1.059E-3	-2.139E-2	2.142E-2	-1.839E-2	-4.614E-2	4.967E-2	-0.116	2.662E-2	0.119
9.910	6.298E-4	-2.207E-2	2.208E-2	-2.163E-2	-4.105E-2	4.639E-2	0.143	8.398E-2	0.166
9.927	3.369E-4	-2.276E-2	2.276E-2	-1.219E-2	-4.384E-2	4.550E-2	0.422	-0.115	0.437
9.943	2.230E-4	-2.353E-2	2.353E-2	-6.635E-3	-4.566E-2	4.614E-2	-0.228	0.452	0.506
9.960	1.155E-4	-2.428E-2	2.428E-2	-1.875E-2	-3.031E-2	3.564E-2	-8.446E-2	0.506	0.513
9.977	-4.027E-4	-2.454E-2	2.455E-2	-1.526E-2	-2.356E-2	2.807E-2	0.122	0.264	0.291
9.993	-3.935E-4	-2.507E-2	2.507E-2	-7.281E-3	-2.655E-2	2.753E-2	0.392	-1.788E-2	0.393
10.010	-6.457E-4	-2.543E-2	2.544E-2	-7.716E-3	-2.161E-2	2.295E-2	-7.371E-2	0.186	0.200
10.027	-6.510E-4	-2.579E-2	2.580E-2	-5.735E-3	-2.113E-2	2.190E-2	-2.678E-2	-7.286E-3	2.776E-2
10.043	-8.370E-4	-2.614E-2	2.615E-2	-1.121E-2	-2.159E-2	2.432E-2	-0.848	2.685E-2	0.848
10.060	-1.025E-3	-2.651E-2	2.653E-2	-3.051E-2	-2.081E-2	3.693E-2	1.039E-2	-1.106E-2	1.517E-2
10.077	-1.855E-3	-2.683E-2	2.689E-2	-2.053E-2	-2.106E-2	2.941E-2	0.836	0.187	0.857
10.093	-1.710E-3	-2.721E-2	2.727E-2	8.511E-3	-1.631E-2	1.840E-2	0.856	0.216	0.883
10.110	-1.571E-3	-2.737E-2	2.742E-2	4.367E-3	-1.141E-2	1.222E-2	-6.705E-2	0.198	0.209
10.127	-1.564E-3	-2.759E-2	2.764E-2	4.578E-3	-1.142E-2	1.230E-2	-6.670E-2	0.151	0.165
10.143	-1.418E-3	-2.775E-2	2.779E-2	4.501E-3	-6.121E-3	7.597E-3	-8.307E-2	0.246	0.259
10.160	-1.414E-3	-2.780E-2	2.783E-2	3.308E-5	-2.489E-3	2.489E-3	-0.418	0.289	0.508
10.177	-1.417E-3	-2.784E-2	2.787E-2	-7.820E-3	2.363E-3	8.169E-3	9.355E-3	-1.282E-2	1.587E-2
10.194	-1.675E-3	-2.772E-2	2.777E-2	-3.506E-3	-4.923E-4	3.540E-3	9.493E-2	7.940E-2	0.124
10.210	-1.534E-3	-2.785E-2	2.790E-2	9.208E-4	8.822E-4	1.275E-3	0.194	0.109	0.223
10.227	-1.644E-3	-2.769E-2	2.774E-2	-1.587E-3	7.171E-3	7.345E-3	-9.834E-2	0.215	0.237
10.244	-1.587E-3	-2.762E-2	2.766E-2	5.515E-4	5.824E-3	5.851E-3	-0.304	3.639E-2	0.306
10.260	-1.626E-3	-2.750E-2	2.754E-2	-1.190E-2	8.902E-3	1.486E-2	-0.330	-7.721E-2	0.339
10.277	-1.984E-3	-2.732E-2	2.739E-2	-1.389E-2	4.441E-3	1.458E-2	0.248	-0.109	0.271
10.294	-2.089E-3	-2.735E-2	2.743E-2	-8.618E-4	2.604E-3	2.743E-3	0.264	9.441E-2	0.281
10.310	-2.013E-3	-2.723E-2	2.731E-2	-3.459E-3	9.380E-3	9.997E-3	-0.177	0.465	0.497
10.327	-2.204E-3	-2.703E-2	2.712E-2	-1.004E-2	1.738E-2	2.007E-2	0.114	6.416E-2	0.131
10.344	-2.348E-3	-2.665E-2	2.675E-2	6.020E-4	1.405E-2	1.406E-2	0.350	-0.155	0.383
10.360	-2.184E-3	-2.657E-2	2.666E-2	4.784E-3	8.392E-3	9.660E-3	-0.152	-0.203	0.253
10.377	-2.188E-3	-2.637E-2	2.646E-2	-6.332E-3	9.767E-3	1.164E-2	-0.213	0.479	0.524
10.394	-2.396E-3	-2.624E-2	2.635E-2	-4.475E-3	2.144E-2	2.190E-2	0.747	0.126	0.758
10.410	-2.337E-3	-2.566E-2	2.576E-2	1.946E-2	2.023E-2	2.807E-2	0.418	-0.281	0.503
10.427	-1.746E-3	-2.556E-2	2.562E-2	1.570E-2	5.854E-3	1.676E-2	-0.882	-0.198	0.904
10.444	-1.813E-3	-2.546E-2	2.552E-2	-1.617E-2	1.464E-2	2.181E-2	-0.950	0.367	1.019
10.460	-2.286E-3	-2.508E-2	2.518E-2	-1.811E-2	2.076E-2	2.755E-2	0.418	2.494E-2	0.419
10.477	-2.418E-3	-2.477E-2	2.489E-2	1.138E-3	1.423E-2	1.428E-2	0.577	-0.350	0.675
10.494	-2.248E-3	-2.460E-2	2.470E-2	3.267E-3	8.407E-3	9.019E-3	-0.110	-0.285	0.306
10.511	-2.309E-3	-2.449E-2	2.460E-2	-5.534E-3	5.116E-3	7.537E-3	-0.106	-0.296	0.314
10.527	-2.432E-3	-2.443E-2	2.455E-2	-7.685E-4	-1.084E-3	1.329E-3	-0.314	-0.391	0.501
10.544	-2.334E-3	-2.452E-2	2.463E-2	-1.137E-2	-8.538E-3	1.422E-2	-0.719	-0.434	0.839
10.561	-2.812E-3	-2.472E-2	2.487E-2	-3.037E-2	-1.523E-2	3.398E-2	-0.131	-0.630	0.644
10.577	-3.348E-3	-2.503E-2	2.525E-2	-1.608E-2	-2.879E-2	3.298E-2	-0.275	-0.359	0.453
10.594	-3.348E-3	-2.568E-2	2.589E-2	-3.037E-2	-3.065E-2	4.315E-2	-1.627E-2	-8.312E-3	1.827E-2
10.611	-4.361E-3	-2.605E-2	2.642E-2	-3.172E-2	-2.504E-2	4.042E-2	0.722	-0.190	0.747
10.627	-4.407E-3	-2.651E-2	2.688E-2	5.207E-3	-3.739E-2	3.775E-2	0.563	-0.265	0.622
10.644	-4.187E-3	-2.730E-2	2.762E-2	-1.131E-2	-3.777E-2	3.943E-2	-0.917	7.496E-2	0.920
10.661	-4.784E-3	-2.777E-2	2.818E-2	-3.379E-2	-3.041E-2	4.546E-2	-0.701	0.367	0.791
10.677	-5.315E-3	-2.832E-2	2.881E-2	-3.078E-2	-2.816E-2	4.172E-2	0.431	0.533	0.686
10.694	-5.811E-3	-2.871E-2	2.929E-2	-2.069E-2	-1.260E-2	2.423E-2	0.552	0.839	1.005
10.711	-6.005E-3	-2.874E-2	2.936E-2	-1.013E-2	1.895E-3	1.031E-2	0.392	0.988	1.062
10.727	-6.149E-3	-2.865E-2	2.930E-2	-8.507E-3	1.794E-2	1.985E-2	5.956E-2	0.716	0.719
10.744	-6.289E-3	-2.814E-2	2.883E-2	-8.332E-3	2.913E-2	3.030E-2	0.166	0.632	0.654
10.761	-6.427E-3	-2.768E-2	2.841E-2	-3.633E-3	3.568E-2	3.586E-2	-0.688	0.374	0.783
10.777	-6.410E-3	-2.695E-2	2.770E-2	-2.610E-2	4.405E-2	5.120E-2	-0.578	-0.480	0.751
10.794	-7.298E-3	-2.621E-2	2.720E-2	-3.406E-2	2.185E-2	4.046E-2	0.331	-1.042	1.093
10.811	-7.547E-3	-2.622E-2	2.728E-2	-6.871E-3	2.345E-3	7.260E-3	0.909	-0.608	1.094
10.827	-7.527E-3	-2.613E-2	2.719E-2	-3.497E-3	5.645E-3	6.641E-3	0.427	0.588	0.727
10.844	-7.663E-3	-2.603E-2	2.714E-2	3.277E-3	1.962E-2	1.989E-2	-0.136	0.850	0.861
10.861	-7.418E-3	-2.547E-2	2.653E-2	-1.747E-3	3.735E-2	3.739E-2	-0.645	0.983	1.176
10.878	-7.722E-3	-2.478E-2	2.596E-2	-2.379E-2	5.032E-2	5.566E-2	-0.474	0.654	0.808
10.894	-8.212E-3	-2.380E-2	2.517E-2	-1.838E-2	6.095E-2	6.366E-2	-0.775	0.964	1.236
10.911	-8.335E-3	-2.275E-2	2.423E-2	-4.090E-2	7.927E-2	8.920E-2	-0.790	0.566	0.972
10.928	-9.577E-3	-2.115E-2	2.322E-2	-5.822E-2	8.580E-2	0.104	-0.547	0.257	0.604
10.944	-1.028E-2	-1.989E-2	2.239E-2	-4.876E-2	8.171E-2	9.516E-2	0.954	-0.346	1.014
10.961	-1.120E-2	-1.842E-2	2.156E-2	-3.376E-2	7.874E-2	8.567E-2	1.278	-0.349	1.324
10.978	-1.140E-2	-1.726E-2	2.069E-2	-5.795E-4	6.701E-2	6.701E-2	0.277	0.132	0.307
10.994	-1.122E-2	-1.619E-2	1.970E-2	-1.995E-2	8.124E-2	8.366E-2	-0.339	0.312	0.461
11.011	-1.207E-2	-1.455E-2	1.890E-2	-2.587E-2	8.459E-2	8.846E-2	-0.215	-0.237	0.320
11.028	-1.209E-2	-1.337E-2	1.802E-2	-1.381E-2	6.753E-2	6.893E-2	0.501	-0.449	0.672
11.044	-1.253E-2	-1.230E-2	1.756E-2	-1.766E-2	6.974E-2	7.194E-2	9.098E-2	-0.239	0.256
11.061	-1.268E-2	-1.104E-2	1.681E-2	-6.673E-3	6.340E-2	6.375E-2	-1.411	0.330	1.449
11.078	-1.275E-2	-1.018E-2	1.632E-2	-5.783E-2	7.335E-2	9.340E-2	-0.833	0.182	0.853
11.094	-1.461E-2	-8.591E-3	1.694E-2	-5.760E-2	7.971E-2	9.834E-2	0.589	-5.105E-2	0.592
11.111	-1.467E-2	-7.522E-3	1.649E-2	-1.391E-2	6.404E-2	6.554E-2	1.397	-0.661	1.546
11.128	-1.507E-2	-6.454E-3	1.639E-2	-2.168E-2	6.039E-2	6.416E-2	-0.212	-0.456	0.503
11.144	-1.540E-2	-5.507E-3	1.635E-2	-1.912E-2	4.891E-2	5.251E-2	-0.524	-4.155E-2	0.526
11.161	-1.571E-2	-4.822E-3	1.643E-2	-3.669E-2	5.525E-2	6.632E-2	-7.941E-2	0.340	0.349
11.178	-1.662E-2	-3.663E-3	1.702E-2	-3.052E-2	6.592E-2	7.265E-2	-0.386	3.799E-2	0.388
11.195	-1.673E-2	-2.622E-3	1.693E-2	-3.581E-2	5.460E-2	6.529E-2	1.199	-0.947	1.528
11.211	-1.782E-2	-1.842E-3	1.791E-2	-1.033E-2	3.436E-2	3.588E-2	0.783	-0.405	0.882
11.228	-1.707E-2	-1.476E-3	1.713E-2	1.461E-2	3.655E-2	3.936E-2	9.963E-2	0.288	0.305
11.245	-1.733E-2	-6.220E-4	1.734E-2	-2.250E-2	5.008E-2	5.491E-2	-1.608	0.575	1.708
11.261	-1.782E-2	1.954E-4	1.782E-2	-3.581E-2	5.278E-2	6.379E-2	0.885	-0.524	1.028
11.278	-1.852E-2	1.139E-3	1.856E-2	1.424E-4	3.669E-2	3.669E-2	0.709	-0.354	0.793
11.295	-1.782E-2	1.420E-3	1.787E-2	6.064E-3	3.250E-2	3.306E-2	-0.101	-0.246	0.266
11.311	-1.832E-2	2.223E-3	1.846E-2	-2.101E-2	3.734E-2	4.285E-2	-1.054	-0.247	1.083
11.328	-1.852E-2	2.666E-3	1.871E-2	-2.005E-2	1.986E-2	2.822E-2	1.115	-0.530	1.234
11.345	-1.899E-2	2.886E-3	1.921E-2	7.352E-3	1.856E-2	1.996E-2	1.437	-4.163E-2	1.438
11.361	-1.827E-2	3.285E-3	1.857E-2	3.979E-2	2.131E-2	4.514E-2	1.516E-2	9.242E-2	9.366E-2
11.378	-1.766E-2	3.597E-3	1.803E-2	6.126E-3	1.996E-2	2.088E-2	-1.146	-0.128	1.153
11.395	-1.807E-2	3.951E-3	1.849E-2	-8.835E-3	1.818E-2	2.022E-2	-1.023	0.356	1.083
11.411	-1.796E-2	4.204E-3	1.844E-2	-1.605E-2	2.885E-2	3.301E-2	-4.554E-2	5.279E-2	6.972E-2
11.428	-1.860E-2	4.914E-3	1.924E-2	-2.146E-2	2.657E-2	3.415E-2	-2.505E-2	-0.622	0.622
11.445	-1.867E-2	5.090E-3	1.936E-2	-8.195E-3	2.707E-3	8.631E-3	0.531	-0.715	0.891
11.461	-1.888E-2	5.004E-3	1.953E-2	-7.911E-3	1.747E-3	8.102E-3	0.379	0.147	0.406
11.478	-1.894E-2	5.149E-3	1.963E-2	4.972E-3	1.045E-2	1.158E-2	0.106	-7.800E-2	0.132
11.495	-1.871E-2	5.353E-3	1.946E-2	-4.684E-4	3.549E-4	5.877E-4	-0.114	-0.324	0.344
11.512	-1.895E-2	5.161E-3	1.964E-2	-5.423E-3	-4.954E-3	7.345E-3	-0.151	-1.220E-2	0.151
11.528	-1.889E-2	5.187E-3	1.959E-2	-2.907E-4	3.278E-3	3.291E-3	0.245	2.668E-2	0.247
11.545	-1.896E-2	5.270E-3	1.968E-2	-2.764E-4	-3.338E-3	3.350E-3	-2.309E-3	-0.176	0.176
11.562	-1.890E-2	5.076E-3	1.957E-2	1.666E-3	-5.993E-3	6.221E-3	1.360E-2	-0.186	0.187
11.578	-1.891E-2	5.070E-3	1.958E-2	-9.324E-4	-5.962E-3	6.035E-3	0.123	0.322	0.345
11.595	-1.893E-2	4.877E-3	1.955E-2	5.013E-3	6.027E-4	5.049E-3	-0.352	0.124	0.373
11.612	-1.874E-2	5.090E-3	1.942E-2	-8.002E-3	3.733E-3	8.830E-3	-1.146	-8.297E-2	1.149
11.628	-1.920E-2	5.002E-3	1.984E-2	-3.816E-2	-6.338E-3	3.868E-2	-0.795	-0.469	0.923
11.645	-2.001E-2	4.879E-3	2.060E-2	-3.656E-2	-1.048E-2	3.803E-2	3.432E-2	-0.771	0.772
11.662	-2.042E-2	4.652E-3	2.094E-2	-3.100E-2	-3.040E-2	4.342E-2	0.281	-0.947	0.987
11.678	-2.105E-2	3.864E-3	2.140E-2	-3.173E-2	-4.652E-2	5.631E-2	0.446	-1.010	1.104
11.695	-2.148E-2	3.100E-3	2.170E-2	-1.496E-2	-5.954E-2	6.139E-2	7.042E-2	-0.194	0.207
11.712	-2.155E-2	1.878E-3	2.163E-2	-2.431E-2	-5.905E-2	6.386E-2	-3.640E-2	0.300	0.302
11.728	-2.229E-2	1.129E-3	2.232E-2	-2.607E-2	-4.367E-2	5.086E-2	-0.159	0.391	0.422
11.745	-2.242E-2	4.203E-4	2.242E-2	-1.978E-2	-4.706E-2	5.105E-2	-0.122	5.454E-2	0.134
11.762	-2.295E-2	-4.408E-4	2.295E-2	-3.566E-2	-4.436E-2	5.692E-2	-0.898	6.522E-2	0.900
11.778	-2.361E-2	-1.060E-3	2.363E-2	-4.792E-2	-4.153E-2	6.341E-2	0.649	0.173	0.672
11.795	-2.455E-2	-1.826E-3	2.462E-2	-2.091E-2	-4.152E-2	4.648E-2	1.097	-0.534	1.220
11.812	-2.431E-2	-2.445E-3	2.443E-2	1.806E-3	-5.490E-2	5.493E-2	-8.517E-2	-0.329	0.340
11.828	-2.449E-2	-3.658E-3	2.476E-2	-2.975E-2	-6.003E-2	6.699E-2	-1.132	-5.227E-2	1.134
11.845	-2.530E-2	-4.448E-3	2.569E-2	-4.068E-2	-5.008E-2	6.452E-2	0.261	0.482	0.548
11.862	-2.584E-2	-5.329E-3	2.639E-2	-1.817E-2	-4.732E-2	5.069E-2	1.512	3.396E-2	1.512
11.879	-2.590E-2	-6.027E-3	2.660E-2	1.075E-2	-4.634E-2	4.757E-2	0.139	0.337	0.364
11.895	-2.549E-2	-6.875E-3	2.640E-2	-6.953E-3	-3.974E-2	4.035E-2	-1.118	-1.702E-2	1.118
11.912	-2.614E-2	-7.353E-3	2.715E-2	-3.790E-2	-4.128E-2	5.604E-2	-0.834	-0.362	0.909
11.929	-2.675E-2	-8.253E-3	2.799E-2	-3.077E-2	-5.665E-2	6.446E-2	0.681	-0.455	0.819
11.945	-2.716E-2	-9.243E-3	2.869E-2	-1.500E-2	-5.593E-2	5.790E-2	0.237	5.287E-3	0.237
11.962	-2.725E-2	-1.012E-2	2.907E-2	-1.898E-2	-5.477E-2	5.797E-2	0.217	2.016E-2	0.218
11.979	-2.780E-2	-1.107E-2	2.992E-2	-1.551E-2	-5.648E-2	5.857E-2	0.118	0.509	0.522
11.995	-2.777E-2	-1.200E-2	3.025E-2	-6.939E-3	-3.963E-2	4.023E-2	-5.195E-2	0.724	0.726
12.012	-2.803E-2	-1.239E-2	3.065E-2	-2.133E-2	-2.721E-2	3.457E-2	-2.729E-2	-0.129	0.132
12.029	-2.848E-2	-1.291E-2	3.127E-2	-1.062E-2	-4.531E-2	4.654E-2	0.273	-0.411	0.493
12.045	-2.838E-2	-1.390E-2	3.161E-2	-5.103E-3	-4.632E-2	4.660E-2	3.436E-2	0.300	0.302
12.062	-2.865E-2	-1.446E-2	3.209E-2	-1.510E-2	-2.992E-2	3.351E-2	0.325	0.551	0.640
12.079	-2.889E-2	-1.490E-2	3.250E-2	4.867E-3	-2.866E-2	2.907E-2	0.264	3.909E-2	0.267
12.095	-2.849E-2	-1.541E-2	3.239E-2	2.104E-3	-2.973E-2	2.980E-2	0.246	5.758E-2	0.253
12.112	-2.882E-2	-1.590E-2	3.291E-2	1.174E-3	-2.656E-2	2.659E-2	-0.172	0.352	0.392
12.129	-2.845E-2	-1.630E-2	3.279E-2	7.497E-3	-1.828E-2	1.975E-2	0.136	0.709	0.722
12.145	-2.857E-2	-1.650E-2	3.299E-2	-2.128E-3	-2.892E-3	3.591E-3	-0.354	0.388	0.526
12.162	-2.852E-2	-1.640E-2	3.290E-2	-3.951E-4	-2.222E-3	2.257E-3	-0.602	-1.234	1.373
12.179	-2.858E-2	-1.658E-2	3.304E-2	-2.127E-2	-4.330E-2	4.825E-2	-0.530	-1.064	1.189
12.196	-2.923E-2	-1.784E-2	3.424E-2	-2.473E-2	-4.946E-2	5.530E-2	0.279	0.791	0.839
12.212	-2.940E-2	-1.823E-2	3.460E-2	-6.010E-3	-7.129E-3	9.324E-3	0.832	1.483	1.700
12.229	-2.943E-2	-1.808E-2	3.454E-2	1.787E-3	1.913E-3	2.618E-3	0.215	0.318	0.384
12.246	-2.934E-2	-1.817E-2	3.451E-2	1.948E-3	-1.415E-3	2.408E-3	3.478E-2	-0.298	0.300
12.262	-2.937E-2	-1.813E-2	3.451E-2	1.213E-3	-4.901E-3	5.048E-3	-0.165	-0.172	0.238
12.279	-2.930E-2	-1.833E-2	3.456E-2	-1.661E-3	-1.007E-2	1.020E-2	-0.256	-0.134	0.289
12.296	-2.942E-2	-1.846E-2	3.473E-2	-8.930E-3	-7.770E-3	1.184E-2	-2.945E-2	-0.166	0.169
12.312	-2.960E-2	-1.859E-2	3.495E-2	-3.497E-3	-1.482E-2	1.523E-2	0.447	-0.111	0.460
12.329	-2.954E-2	-1.896E-2	3.510E-2	7.803E-3	-1.463E-2	1.658E-2	0.236	0.264	0.354
12.346	-2.934E-2	-1.908E-2	3.500E-2	5.360E-3	-3.402E-3	6.349E-3	2.224E-2	0.491	0.491
12.362	-2.936E-2	-1.907E-2	3.501E-2	5.273E-3	1.590E-3	5.508E-3	-0.389	4.572E-2	0.392
12.379	-2.917E-2	-1.902E-2	3.482E-2	-2.864E-3	-1.468E-3	3.218E-3	-0.169	-9.554E-2	0.194
12.396	-2.945E-2	-1.912E-2	3.511E-2	-6.870E-3	-3.327E-3	7.633E-3	-0.240	8.517E-3	0.240
12.412	-2.940E-2	-1.913E-2	3.507E-2	-4.666E-3	-2.108E-5	4.666E-3	0.160	2.267E-2	0.161
12.429	-2.961E-2	-1.912E-2	3.525E-2	-6.312E-3	-2.211E-3	6.688E-3	5.323E-2	-6.880E-2	8.699E-2
12.446	-2.961E-2	-1.921E-2	3.529E-2	1.644E-4	-3.579E-3	3.583E-3	0.396	-0.150	0.424
12.462	-2.960E-2	-1.924E-2	3.531E-2	5.212E-3	-5.736E-3	7.750E-3	0.102	0.236	0.258
12.479	-2.943E-2	-1.940E-2	3.525E-2	5.709E-3	1.380E-3	5.873E-3	-0.335	0.141	0.364
12.496	-2.941E-2	-1.919E-2	3.512E-2	-6.893E-3	3.878E-3	7.909E-3	-0.237	1.152E-2	0.238
12.513	-2.966E-2	-1.927E-2	3.537E-2	-5.205E-3	-2.536E-3	5.790E-3	-5.667E-2	-0.262	0.268
12.529	-2.959E-2	-1.928E-2	3.531E-2	-3.717E-3	-2.725E-3	4.609E-3	-0.120	0.117	0.167
12.546	-2.979E-2	-1.936E-2	3.553E-2	-1.280E-2	-2.695E-4	1.280E-2	-0.377	-7.729E-2	0.385
12.563	-3.001E-2	-1.929E-2	3.568E-2	-1.519E-2	-2.614E-3	1.541E-2	0.381	-7.054E-2	0.387
12.579	-3.029E-2	-1.945E-2	3.600E-2	-2.418E-3	-5.869E-3	6.347E-3	0.256	-0.849	0.886
12.596	-3.010E-2	-1.948E-2	3.585E-2	-6.013E-4	-2.548E-2	2.549E-2	-5.551E-2	-0.381	0.385
12.613	-3.031E-2	-2.030E-2	3.648E-2	-1.025E-2	-2.871E-2	3.049E-2	-1.043	-0.509	1.161
12.629	-3.044E-2	-2.044E-2	3.666E-2	-2.967E-2	-3.025E-2	4.237E-2	-0.123	-0.180	0.218
12.646	-3.130E-2	-2.131E-2	3.787E-2	-2.495E-2	-4.484E-2	5.132E-2	0.397	-0.178	0.435
12.663	-3.127E-2	-2.194E-2	3.820E-2	-4.631E-3	-3.186E-2	3.219E-2	0.791	0.345	0.863
12.679	-3.146E-2	-2.237E-2	3.860E-2	-5.142E-3	-3.186E-2	3.227E-2	-0.806	0.265	0.848
12.696	-3.144E-2	-2.300E-2	3.896E-2	-2.513E-2	-2.704E-2	3.692E-2	0.196	0.445	0.486
12.713	-3.230E-2	-2.327E-2	3.981E-2	-1.244E-2	-1.354E-2	1.839E-2	0.616	0.618	0.872
12.729	-3.186E-2	-2.345E-2	3.956E-2	1.222E-2	-7.585E-3	1.438E-2	0.534	0.404	0.670
12.746	-3.189E-2	-2.353E-2	3.963E-2	-3.896E-3	-1.777E-4	3.900E-3	-0.770	0.275	0.818
12.763	-3.199E-2	-2.346E-2	3.967E-2	-1.127E-2	2.602E-3	1.157E-2	-0.749	0.752	1.062
12.779	-3.226E-2	-2.344E-2	3.988E-2	-2.845E-2	2.103E-2	3.537E-2	-0.138	0.646	0.660
12.796	-3.294E-2	-2.276E-2	4.003E-2	-2.120E-2	3.143E-2	3.791E-2	0.145	0.316	0.348
12.813	-3.297E-2	-2.239E-2	3.986E-2	-1.467E-2	2.549E-2	2.941E-2	-3.424E-2	-0.538	0.539
12.829	-3.342E-2	-2.191E-2	3.996E-2	-2.847E-2	1.752E-2	3.343E-2	-0.180	-0.869	0.888
12.846	-3.392E-2	-2.181E-2	4.033E-2	-2.054E-2	-5.674E-3	2.131E-2	0.514	-0.389	0.644
12.863	-3.411E-2	-2.209E-2	4.064E-2	-8.881E-3	3.672E-4	8.888E-3	0.391	0.500	0.635
12.880	-3.422E-2	-2.179E-2	4.057E-2	-7.877E-3	1.777E-2	1.943E-2	-0.317	0.912	0.966
12.896	-3.437E-2	-2.150E-2	4.054E-2	-1.886E-2	2.687E-2	3.283E-2	-0.415	1.111	1.186
12.913	-3.485E-2	-2.090E-2	4.063E-2	-2.476E-2	5.488E-2	6.021E-2	4.454E-2	0.769	0.770
12.930	-3.520E-2	-1.967E-2	4.032E-2	-1.575E-2	5.863E-2	6.071E-2	4.129E-2	0.255	0.258
12.946	-3.537E-2	-1.894E-2	4.012E-2	-2.086E-2	5.487E-2	5.870E-2	-1.373E-2	-0.256	0.257
12.963	-3.590E-2	-1.784E-2	4.008E-2	-2.140E-2	5.672E-2	6.062E-2	-0.147	0.262	0.301
12.980	-3.609E-2	-1.705E-2	3.991E-2	-2.018E-2	5.788E-2	6.130E-2	-0.882	0.154	0.895
12.996	-3.657E-2	-1.591E-2	3.988E-2	-5.150E-2	6.644E-2	8.406E-2	-0.777	1.158E-2	0.777
13.013	-3.780E-2	-1.483E-2	4.061E-2	-5.417E-2	5.727E-2	7.883E-2	0.876	-0.177	0.894
13.030	-3.838E-2	-1.400E-2	4.085E-2	-1.596E-2	5.762E-2	5.979E-2	0.886	0.120	0.894
13.046	-3.834E-2	-1.291E-2	4.045E-2	-1.917E-2	6.458E-2	6.736E-2	0.197	7.670E-2	0.211
13.063	-3.902E-2	-1.184E-2	4.077E-2	-2.095E-2	5.953E-2	6.311E-2	-0.447	-0.133	0.466
13.080	-3.904E-2	-1.092E-2	4.054E-2	-2.237E-2	5.850E-2	6.263E-2	0.738	-0.439	0.859
13.096	-3.976E-2	-9.891E-3	4.097E-2	-9.951E-3	4.839E-2	4.940E-2	4.724E-2	-0.112	0.122
13.113	-3.937E-2	-9.308E-3	4.045E-2	-4.227E-3	4.850E-2	4.868E-2	0.212	-0.103	0.236
13.130	-3.990E-2	-8.273E-3	4.075E-2	-1.767E-2	5.216E-2	5.507E-2	-0.848	-0.127	0.858
13.146	-3.996E-2	-7.568E-3	4.067E-2	-2.181E-2	3.983E-2	4.541E-2	-0.261	0.530	0.590
13.163	-4.063E-2	-6.944E-3	4.122E-2	-3.453E-2	6.641E-2	7.485E-2	-0.348	9.755E-2	0.361
13.180	-4.111E-2	-5.352E-3	4.146E-2	-2.908E-2	5.718E-2	6.414E-2	4.451E-3	-0.952	0.952
13.197	-4.160E-2	-5.036E-3	4.190E-2	-3.456E-2	1.950E-2	3.968E-2	0.252	-0.679	0.724
13.213	-4.226E-2	-4.702E-3	4.252E-2	-2.430E-2	3.764E-2	4.480E-2	1.242	0.509	1.343
13.230	-4.241E-2	-3.780E-3	4.258E-2	9.426E-3	4.316E-2	4.418E-2	5.070E-2	2.088E-3	5.075E-2
13.247	-4.195E-2	-3.261E-3	4.208E-2	-1.367E-2	3.167E-2	3.449E-2	-0.338	-0.428	0.546
13.263	-4.287E-2	-2.724E-3	4.295E-2	-2.114E-2	3.095E-2	3.748E-2	-0.524	-0.163	0.549
13.280	-4.265E-2	-2.229E-3	4.271E-2	-1.201E-2	2.626E-2	2.888E-2	0.569	-0.345	0.666
13.297	-4.327E-2	-1.847E-3	4.331E-2	-1.691E-2	1.916E-2	2.556E-2	-0.181	0.219	0.284
13.313	-4.322E-2	-1.589E-3	4.325E-2	-7.359E-3	3.079E-2	3.166E-2	0.237	0.460	0.518
13.330	-4.351E-2	-8.198E-4	4.352E-2	-1.515E-2	4.028E-2	4.303E-2	-0.370	-0.285	0.467
13.347	-4.372E-2	-2.456E-4	4.373E-2	-1.689E-2	1.955E-2	2.584E-2	0.115	-0.863	0.871
13.363	-4.408E-2	-1.674E-4	4.408E-2	-1.393E-2	7.640E-3	1.588E-2	0.535	-0.342	0.635
13.380	-4.419E-2	9.354E-6	4.419E-2	2.342E-3	1.104E-2	1.129E-2	0.590	0.266	0.648
13.397	-4.400E-2	2.010E-4	4.400E-2	7.825E-3	1.564E-2	1.749E-2	-0.278	-0.329	0.431
13.413	-4.393E-2	5.312E-4	4.393E-2	-7.538E-3	3.496E-3	8.310E-3	-2.706	-0.422	2.739
13.430	-4.425E-2	3.177E-4	4.425E-2	-7.709E-2	-4.840E-3	7.724E-2	-1.493	-0.111	1.497
13.447	-4.650E-2	3.697E-4	4.650E-2	-7.999E-2	4.226E-3	8.010E-2	1.289	0.204	1.305
13.463	-4.692E-2	4.587E-4	4.692E-2	-1.203E-2	1.668E-3	1.214E-2	2.236	-0.174	2.243
13.480	-4.690E-2	4.254E-4	4.690E-2	-8.145E-3	-2.691E-3	8.578E-3	0.490	-7.907E-2	0.496
13.497	-4.719E-2	3.689E-4	4.719E-2	-2.358E-3	-9.871E-4	2.557E-3	-0.618	0.140	0.634
13.514	-4.698E-2	3.925E-4	4.698E-2	-1.868E-2	2.600E-3	1.886E-2	-1.476	6.802E-2	1.477
13.530	-4.781E-2	4.557E-4	4.782E-2	-6.112E-2	1.593E-3	6.114E-2	-0.273	-0.265	0.380
13.547	-4.902E-2	4.456E-4	4.902E-2	-3.220E-2	-6.226E-3	3.280E-2	0.555	-0.226	0.599
13.564	-4.889E-2	2.479E-4	4.889E-2	-2.492E-2	-7.810E-3	2.612E-2	0.751	-0.172	0.771
13.580	-4.985E-2	1.850E-4	4.985E-2	-2.663E-2	-9.220E-3	2.818E-2	-0.126	9.407E-2	0.157
13.597	-4.978E-2	-5.972E-5	4.978E-2	-1.309E-2	-7.789E-3	1.523E-2	0.321	0.118	0.342
13.614	-5.029E-2	-7.485E-5	5.029E-2	-2.601E-2	-2.346E-3	2.612E-2	-0.720	-1.012	1.242
13.630	-5.065E-2	-1.380E-4	5.065E-2	-3.184E-2	-3.806E-2	4.962E-2	-0.471	-1.281	1.365
13.647	-5.135E-2	-1.345E-3	5.137E-2	-4.497E-2	-5.688E-2	7.251E-2	0.154	-0.574	0.594
13.664	-5.215E-2	-2.036E-3	5.219E-2	-2.871E-2	-4.708E-2	5.514E-2	0.777	1.069E-2	0.777
13.680	-5.231E-2	-2.915E-3	5.239E-2	-1.280E-2	-5.939E-2	6.075E-2	3.000E-2	-0.160	0.163
13.697	-5.257E-2	-4.018E-3	5.273E-2	-2.938E-2	-5.509E-2	6.243E-2	-1.222	0.765	1.442
13.714	-5.329E-2	-4.754E-3	5.350E-2	-5.522E-2	-3.157E-2	6.361E-2	7.035E-2	0.755	0.758
13.730	-5.442E-2	-5.071E-3	5.465E-2	-3.350E-2	-2.678E-2	4.288E-2	0.842	-0.524	0.992
13.747	-5.441E-2	-5.647E-3	5.470E-2	-1.359E-2	-5.075E-2	5.254E-2	0.157	-0.617	0.637
13.764	-5.487E-2	-6.764E-3	5.528E-2	-3.599E-2	-5.290E-2	6.398E-2	-0.744	-6.913E-2	0.747
13.780	-5.561E-2	-7.412E-3	5.610E-2	-3.941E-2	-4.573E-2	6.037E-2	-0.869	0.469	0.987
13.797	-5.618E-2	-8.290E-3	5.679E-2	-5.895E-2	-4.266E-2	7.277E-2	-0.264	0.558	0.618
13.814	-5.757E-2	-8.835E-3	5.825E-2	-5.931E-2	-2.444E-2	6.414E-2	1.972	0.474	2.028
13.830	-5.816E-2	-9.106E-3	5.887E-2	1.063E-2	-2.471E-2	2.690E-2	1.320	-0.217	1.338
13.847	-5.722E-2	-9.660E-3	5.803E-2	2.204E-3	-3.502E-2	3.509E-2	-1.767	-0.194	1.777
13.864	-5.809E-2	-1.027E-2	5.899E-2	-6.813E-2	-3.127E-2	7.496E-2	-1.880	6.425E-2	1.881
13.881	-5.949E-2	-1.070E-2	6.045E-2	-6.068E-2	-3.037E-2	6.785E-2	0.947	-0.230	0.975
13.897	-6.011E-2	-1.129E-2	6.116E-2	-2.877E-2	-4.030E-2	4.951E-2	0.839	-0.601	1.032
13.914	-6.045E-2	-1.205E-2	6.164E-2	-3.194E-2	-5.056E-2	5.981E-2	0.298	-0.369	0.474
13.931	-6.118E-2	-1.297E-2	6.254E-2	-2.591E-2	-5.356E-2	5.950E-2	0.228	-0.304	0.380
13.947	-6.132E-2	-1.384E-2	6.286E-2	-1.644E-2	-5.844E-2	6.071E-2	0.152	5.457E-2	0.161
13.964	-6.173E-2	-1.492E-2	6.351E-2	-2.559E-2	-5.540E-2	6.102E-2	-0.627	8.158E-2	0.632
13.981	-6.217E-2	-1.568E-2	6.412E-2	-3.520E-2	-5.110E-2	6.205E-2	0.103	0.249	0.270
13.997	-6.290E-2	-1.663E-2	6.506E-2	-2.691E-2	-5.094E-2	5.761E-2	2.968E-2	7.581E-2	8.141E-2
14.014	-6.307E-2	-1.738E-2	6.542E-2	-2.584E-2	-4.600E-2	5.276E-2	0.411	0.461	0.618
14.031	-6.376E-2	-1.816E-2	6.630E-2	-2.287E-2	-3.789E-2	4.426E-2	-0.370	-0.206	0.423
14.047	-6.383E-2	-1.865E-2	6.650E-2	-2.720E-2	-4.753E-2	5.476E-2	-5.901E-2	0.148	0.159
14.064	-6.467E-2	-1.975E-2	6.762E-2	-3.620E-2	-4.286E-2	5.610E-2	3.078E-2	0.458	0.459
14.081	-6.504E-2	-2.008E-2	6.807E-2	-1.920E-2	-2.255E-2	2.961E-2	0.571	0.394	0.694
14.097	-6.531E-2	-2.050E-2	6.846E-2	-1.814E-2	-3.283E-2	3.750E-2	0.169	-0.277	0.324
14.114	-6.564E-2	-2.117E-2	6.897E-2	-1.514E-2	-3.430E-2	3.750E-2	-0.131	1.641E-2	0.132
14.131	-6.582E-2	-2.165E-2	6.929E-2	-1.958E-2	-2.942E-2	3.534E-2	1.683E-2	0.258	0.259
14.147	-6.630E-2	-2.215E-2	6.990E-2	-1.923E-2	-2.724E-2	3.335E-2	2.913E-2	0.100	0.105
14.164	-6.646E-2	-2.256E-2	7.018E-2	-1.397E-2	-2.491E-2	2.856E-2	0.138	0.178	0.225
14.181	-6.676E-2	-2.299E-2	7.061E-2	-1.735E-2	-2.246E-2	2.838E-2	-0.186	0.124	0.223
14.198	-6.704E-2	-2.331E-2	7.097E-2	-1.895E-2	-1.965E-2	2.730E-2	-2.048E-2	8.943E-2	9.174E-2
14.214	-6.740E-2	-2.364E-2	7.142E-2	-1.919E-2	-2.007E-2	2.777E-2	0.153	0.312	0.348
14.231	-6.768E-2	-2.398E-2	7.180E-2	-1.336E-2	-1.052E-2	1.701E-2	0.274	0.225	0.355
14.248	-6.784E-2	-2.399E-2	7.196E-2	-9.396E-3	-8.727E-3	1.282E-2	0.103	2.160E-2	0.105
14.264	-6.799E-2	-2.427E-2	7.219E-2	-1.016E-2	-1.376E-2	1.710E-2	-8.767E-2	-5.012E-2	0.101
14.281	-6.818E-2	-2.445E-2	7.243E-2	-1.253E-2	-8.841E-3	1.534E-2	7.296E-2	0.352	0.359
14.298	-6.841E-2	-2.456E-2	7.269E-2	-8.639E-3	-2.385E-3	8.962E-3	0.203	0.252	0.324
14.314	-6.847E-2	-2.453E-2	7.273E-2	-4.054E-3	6.405E-4	4.105E-3	0.180	0.244	0.303
14.331	-6.855E-2	-2.454E-2	7.281E-2	-3.654E-3	4.119E-3	5.506E-3	-0.409	0.124	0.427
14.348	-6.859E-2	-2.439E-2	7.280E-2	-1.552E-2	6.593E-3	1.686E-2	-0.294	1.178E-2	0.294
14.364	-6.906E-2	-2.432E-2	7.322E-2	-1.862E-2	3.355E-3	1.892E-2	0.426	-1.367E-2	0.426
14.381	-6.921E-2	-2.428E-2	7.335E-2	1.750E-3	5.683E-3	5.946E-3	-0.252	0.283	0.379
14.398	-6.901E-2	-2.413E-2	7.310E-2	-2.065E-2	1.328E-2	2.455E-2	-0.772	0.233	0.807
14.414	-6.990E-2	-2.384E-2	7.385E-2	-3.734E-2	1.462E-2	4.010E-2	-5.292E-2	-8.626E-2	0.101
14.431	-7.025E-2	-2.364E-2	7.412E-2	-1.400E-2	9.306E-3	1.681E-2	0.903	-0.282	0.946
14.448	-7.037E-2	-2.353E-2	7.420E-2	-7.494E-3	5.184E-3	9.112E-3	0.475	-8.771E-2	0.483
14.464	-7.050E-2	-2.347E-2	7.431E-2	-3.384E-4	5.881E-3	5.891E-3	-0.840	0.232	0.872
14.481	-7.038E-2	-2.333E-2	7.415E-2	-2.822E-2	1.317E-2	3.114E-2	-0.202	0.276	0.342
14.498	-7.144E-2	-2.303E-2	7.506E-2	-2.398E-2	1.636E-2	2.903E-2	0.515	-4.069E-2	0.516
14.515	-7.118E-2	-2.279E-2	7.474E-2	6.666E-3	1.115E-2	1.299E-2	1.038	-0.158	1.050
14.531	-7.122E-2	-2.266E-2	7.474E-2	1.793E-3	9.975E-3	1.014E-2	-0.259	-0.256	0.364
14.548	-7.112E-2	-2.245E-2	7.458E-2	1.206E-3	4.857E-3	5.004E-3	-8.982E-2	-0.243	0.259
14.565	-7.118E-2	-2.250E-2	7.465E-2	-3.226E-3	-8.496E-4	3.336E-3	-0.261	-0.221	0.342
14.581	-7.123E-2	-2.248E-2	7.469E-2	-6.228E-3	-6.996E-4	6.268E-3	-0.284	8.538E-2	0.296
14.598	-7.139E-2	-2.252E-2	7.486E-2	-1.319E-2	8.299E-4	1.322E-2	-0.386	-0.194	0.432
14.615	-7.167E-2	-2.245E-2	7.510E-2	-1.929E-2	-4.778E-3	1.988E-2	-0.720	-0.272	0.770
14.631	-7.203E-2	-2.268E-2	7.552E-2	-3.547E-2	-1.150E-2	3.728E-2	0.128	-0.829	0.839
14.648	-7.285E-2	-2.284E-2	7.635E-2	-2.240E-2	-2.796E-2	3.583E-2	0.687	-0.723	0.997
14.665	-7.278E-2	-2.361E-2	7.651E-2	-2.041E-3	-4.187E-2	4.192E-2	2.072E-2	-0.168	0.169
14.681	-7.292E-2	-2.423E-2	7.684E-2	-2.499E-2	-3.056E-2	3.947E-2	-0.704	0.655	0.961
14.698	-7.361E-2	-2.463E-2	7.762E-2	-3.088E-2	-1.940E-2	3.646E-2	0.273	0.859	0.901
14.715	-7.395E-2	-2.488E-2	7.802E-2	-1.167E-2	-3.258E-3	1.212E-2	0.894	0.946	1.301
14.731	-7.400E-2	-2.474E-2	7.803E-2	-5.088E-4	1.406E-2	1.407E-2	0.466	0.862	0.980
14.748	-7.397E-2	-2.441E-2	7.789E-2	3.259E-3	2.473E-2	2.494E-2	-1.799E-2	0.319	0.319
14.765	-7.389E-2	-2.392E-2	7.767E-2	-4.630E-4	2.589E-2	2.590E-2	-0.282	-0.281	0.398
14.781	-7.398E-2	-2.355E-2	7.764E-2	-7.408E-3	1.458E-2	1.636E-2	-0.470	-0.488	0.677
14.798	-7.414E-2	-2.343E-2	7.775E-2	-1.522E-2	7.941E-3	1.717E-2	-0.354	-0.319	0.476
14.815	-7.449E-2	-2.328E-2	7.804E-2	-2.061E-2	5.675E-3	2.137E-2	-0.299	1.484E-2	0.299
14.831	-7.483E-2	-2.324E-2	7.835E-2	-2.377E-2	6.845E-3	2.474E-2	0.761	0.714	1.043
14.848	-7.528E-2	-2.306E-2	7.873E-2	-1.423E-4	2.863E-2	2.863E-2	-0.122	1.110	1.117
14.865	-7.483E-2	-2.228E-2	7.808E-2	-1.376E-2	4.804E-2	4.997E-2	-1.185	0.999	1.550
14.882	-7.574E-2	-2.145E-2	7.872E-2	-5.512E-2	5.873E-2	8.055E-2	-1.630	0.564	1.724
14.898	-7.667E-2	-2.033E-2	7.932E-2	-6.164E-2	6.894E-2	9.247E-2	1.032	0.765	1.285
14.915	-7.780E-2	-1.915E-2	8.012E-2	-2.794E-2	8.176E-2	8.640E-2	1.270	-1.552E-2	1.270
14.932	-7.760E-2	-1.760E-2	7.957E-2	-4.753E-3	7.422E-2	7.437E-2	-0.210	-1.622E-2	0.211
14.948	-7.796E-2	-1.668E-2	7.972E-2	-4.228E-2	7.178E-2	8.331E-2	-0.450	0.112	0.464
14.965	-7.901E-2	-1.520E-2	8.046E-2	-2.844E-2	8.579E-2	9.038E-2	6.173E-2	0.493	0.497
14.982	-7.891E-2	-1.381E-2	8.011E-2	-2.301E-2	8.489E-2	8.795E-2	5.457E-2	-3.380E-2	6.419E-2
14.998	-7.978E-2	-1.237E-2	8.074E-2	-4.160E-2	8.564E-2	9.521E-2	-0.495	-0.488	0.695
15.015	-8.029E-2	-1.096E-2	8.104E-2	-3.201E-2	7.019E-2	7.714E-2	0.177	0.131	0.220
15.032	-8.085E-2	-1.003E-2	8.147E-2	-3.710E-2	8.221E-2	9.019E-2	-5.488E-2	-1.580E-2	5.711E-2
15.048	-8.153E-2	-8.213E-3	8.195E-2	-3.550E-2	8.300E-2	9.027E-2	0.303	-0.118	0.325
15.065	-8.204E-2	-7.258E-3	8.236E-2	-2.556E-2	6.589E-2	7.067E-2	0.279	-1.061	1.097
15.082	-8.239E-2	-6.014E-3	8.260E-2	-2.508E-2	5.634E-2	6.167E-2	0.582	-0.246	0.632
15.098	-8.287E-2	-5.378E-3	8.305E-2	-1.062E-2	4.962E-2	5.074E-2	-0.476	0.481	0.676
15.115	-8.274E-2	-4.359E-3	8.285E-2	-2.969E-2	7.611E-2	8.170E-2	3.835E-2	0.283	0.286
15.132	-8.386E-2	-2.838E-3	8.391E-2	-2.831E-2	6.539E-2	7.126E-2	-0.269	-0.904	0.943
15.148	-8.368E-2	-2.177E-3	8.371E-2	-1.804E-2	3.685E-2	4.103E-2	0.618	-0.663	0.906
15.165	-8.446E-2	-1.609E-3	8.448E-2	-2.464E-2	4.464E-2	5.099E-2	-0.231	0.546	0.593
15.182	-8.451E-2	-6.876E-4	8.451E-2	-1.372E-2	5.808E-2	5.968E-2	-0.108	0.549	0.560
15.199	-8.492E-2	3.292E-4	8.492E-2	-3.341E-2	6.209E-2	7.051E-2	-0.873	0.190	0.894
15.215	-8.562E-2	1.384E-3	8.563E-2	-4.346E-2	6.421E-2	7.754E-2	-0.286	0.177	0.337
15.232	-8.637E-2	2.472E-3	8.641E-2	-4.256E-2	6.774E-2	8.000E-2	0.425	-0.267	0.502
15.249	-8.704E-2	3.645E-3	8.712E-2	-2.980E-2	5.769E-2	6.494E-2	0.757	-0.643	0.993
15.265	-8.737E-2	4.397E-3	8.748E-2	-1.531E-2	4.266E-2	4.533E-2	0.628	-0.945	1.135
15.282	-8.755E-2	5.068E-3	8.770E-2	-9.355E-3	2.889E-2	3.037E-2	0.869	-0.515	1.010
15.299	-8.768E-2	5.361E-3	8.784E-2	1.093E-2	2.196E-2	2.453E-2	-0.100	5.611E-4	0.100
15.315	-8.719E-2	5.801E-3	8.738E-2	-3.015E-3	3.112E-2	3.127E-2	-0.925	0.430	1.020
15.332	-8.778E-2	6.399E-3	8.801E-2	-3.233E-2	3.686E-2	4.903E-2	-1.698	0.487	1.767
15.349	-8.827E-2	7.031E-3	8.855E-2	-5.102E-2	4.584E-2	6.859E-2	0.204	-0.240	0.315
15.365	-8.948E-2	7.929E-3	8.983E-2	-3.730E-2	3.384E-2	5.036E-2	0.249	-0.207	0.324
15.382	-8.951E-2	8.160E-3	8.988E-2	-2.596E-2	2.982E-2	3.954E-2	0.721	-0.471	0.861
15.399	-9.035E-2	8.924E-3	9.079E-2	-2.837E-2	2.807E-2	3.991E-2	0.535	-0.364	0.647
15.415	-9.046E-2	9.097E-3	9.091E-2	5.721E-4	1.035E-2	1.036E-2	0.783	-0.673	1.032
15.432	-9.033E-2	9.269E-3	9.080E-2	-1.965E-3	8.422E-3	8.648E-3	-1.068E-2	0.371	0.371
15.449	-9.052E-2	9.378E-3	9.101E-2	-4.561E-3	2.022E-2	2.073E-2	0.159	0.366	0.399
15.465	-9.048E-2	9.944E-3	9.103E-2	6.212E-3	2.597E-2	2.670E-2	0.184	-0.189	0.264
15.482	-9.032E-2	1.024E-2	9.089E-2	2.682E-3	1.074E-2	1.107E-2	-1.143	0.222	1.164
15.499	-9.039E-2	1.030E-2	9.098E-2	-3.078E-2	2.881E-2	4.216E-2	-0.605	6.495E-2	0.608
15.516	-9.134E-2	1.121E-2	9.203E-2	-2.809E-2	2.530E-2	3.780E-2	0.464	-0.444	0.642
15.532	-9.133E-2	1.115E-2	9.201E-2	-2.775E-3	1.420E-3	3.117E-3	0.201	-0.878	0.901
15.549	-9.144E-2	1.125E-2	9.213E-2	-2.402E-2	2.143E-3	2.411E-2	-0.406	1.858E-2	0.407
15.566	-9.213E-2	1.122E-2	9.281E-2	-2.346E-2	-1.571E-4	2.346E-2	0.102	-7.728E-2	0.128
15.582	-9.222E-2	1.125E-2	9.290E-2	-1.192E-2	8.565E-4	1.195E-2	0.661	-9.957E-3	0.662
15.599	-9.253E-2	1.125E-2	9.321E-2	-7.485E-3	-9.106E-4	7.540E-3	0.156	-9.884E-2	0.184
15.616	-9.247E-2	1.122E-2	9.315E-2	-1.826E-3	-2.450E-3	3.056E-3	0.111	2.372E-2	0.114
15.632	-9.259E-2	1.116E-2	9.326E-2	-6.959E-3	-5.671E-4	6.983E-3	-0.584	0.158	0.605
15.649	-9.270E-2	1.120E-2	9.337E-2	-1.871E-2	3.452E-3	1.903E-2	-0.609	-0.199	0.641
15.666	-9.321E-2	1.128E-2	9.389E-2	-3.077E-2	-5.650E-3	3.129E-2	-1.042	-0.213	1.063
15.682	-9.373E-2	1.101E-2	9.437E-2	-4.912E-2	-8.044E-3	4.977E-2	-0.407	-0.581	0.709
15.699	-9.485E-2	1.101E-2	9.549E-2	-5.183E-2	-1.854E-2	5.504E-2	2.875E-2	-0.703	0.704
15.716	-9.546E-2	1.039E-2	9.602E-2	-4.046E-2	-3.790E-2	5.543E-2	0.647	-0.591	0.876
15.732	-9.620E-2	9.747E-3	9.670E-2	-3.508E-2	-3.615E-2	5.038E-2	0.812	-0.389	0.900
15.749	-9.663E-2	9.185E-3	9.706E-2	-1.192E-2	-4.801E-2	4.947E-2	-1.669E-2	-0.448	0.449
15.766	-9.660E-2	8.145E-3	9.694E-2	-2.881E-2	-5.640E-2	6.334E-2	-0.461	-2.190E-2	0.461
15.782	-9.759E-2	7.303E-3	9.786E-2	-4.058E-2	-4.569E-2	6.111E-2	-0.665	0.663	0.939
15.799	-9.795E-2	6.621E-3	9.818E-2	-3.889E-2	-3.465E-2	5.209E-2	0.689	0.530	0.870
15.816	-9.889E-2	6.147E-3	9.908E-2	-2.893E-2	-2.708E-2	3.963E-2	-7.044E-2	0.385	0.392
15.832	-9.892E-2	5.717E-3	9.908E-2	-2.749E-2	-2.274E-2	3.568E-2	-9.461E-2	-0.122	0.155
15.849	-9.980E-2	5.388E-3	9.995E-2	-4.443E-2	-2.914E-2	5.313E-2	-0.587	-0.351	0.684
15.866	-0.100	4.745E-3	0.101	-4.036E-2	-3.770E-2	5.523E-2	0.952	-0.249	0.984
15.883	-0.101	4.130E-3	0.101	-1.887E-2	-3.600E-2	4.064E-2	0.473	0.391	0.614
15.899	-0.101	3.544E-3	0.101	-1.358E-2	-2.586E-2	2.921E-2	0.136	0.174	0.221
15.916	-0.102	3.267E-3	0.102	-2.522E-2	-2.626E-2	3.641E-2	-0.172	-2.468E-2	0.174
15.933	-0.102	2.667E-3	0.102	-1.410E-2	-3.142E-2	3.444E-2	7.491E-2	1.184E-2	7.584E-2
15.949	-0.102	2.219E-3	0.102	-2.198E-2	-2.365E-2	3.229E-2	-0.761	-0.361	0.843
15.966	-0.103	1.878E-3	0.103	-4.132E-2	-4.035E-2	5.775E-2	-1.062	-0.441	1.150
15.983	-0.103	8.724E-4	0.103	-5.766E-2	-4.649E-2	7.407E-2	0.406	0.293	0.501
15.999	-0.105	3.269E-4	0.105	-3.296E-2	-2.489E-2	4.130E-2	1.103	0.868	1.404
16.016	-0.105	4.189E-5	0.105	-9.616E-3	-1.724E-2	1.974E-2	0.714	0.181	0.736
16.033	-0.105	-2.483E-4	0.105	-1.629E-2	-1.969E-2	2.556E-2	-0.478	-0.188	0.514
16.049	-0.105	-6.150E-4	0.105	-2.275E-2	-2.389E-2	3.299E-2	-0.239	-0.190	0.306
16.066	-0.106	-1.045E-3	0.106	-2.735E-2	-2.619E-2	3.786E-2	-0.255	-0.144	0.293
16.083	-0.106	-1.489E-3	0.106	-2.844E-2	-2.828E-2	4.011E-2	0.166	-0.186	0.249
16.099	-0.107	-1.989E-3	0.107	-2.481E-2	-3.247E-2	4.087E-2	0.472	0.162	0.499
16.116	-0.107	-2.572E-3	0.107	-1.055E-2	-2.480E-2	2.695E-2	0.709	0.629	0.948
16.133	-0.107	-2.817E-3	0.107	-1.112E-3	-9.028E-3	9.097E-3	0.132	0.430	0.450
16.149	-0.107	-2.873E-3	0.107	-4.983E-3	-9.433E-3	1.067E-2	-0.164	2.049E-2	0.166
16.166	-0.107	-3.131E-3	0.107	-9.558E-3	-1.144E-2	1.491E-2	-0.305	-0.107	0.324
16.183	-0.107	-3.255E-3	0.107	-1.254E-2	-1.054E-2	1.638E-2	-3.480E-2	0.309	0.311
16.200	-0.107	-3.483E-3	0.108	-1.342E-2	-3.987E-3	1.400E-2	-3.509E-2	0.111	0.116
16.216	-0.108	-3.388E-3	0.108	-1.116E-2	-2.477E-3	1.143E-2	-0.299	-0.345	0.456
16.233	-0.108	-3.566E-3	0.108	-2.343E-2	-1.812E-2	2.962E-2	-0.291	-0.457	0.542
16.250	-0.108	-3.993E-3	0.108	-2.453E-2	-1.956E-2	3.137E-2	7.011E-2	0.394	0.400
16.266	-0.109	-4.218E-3	0.109	-1.707E-2	-3.587E-3	1.744E-2	0.565	0.572	0.804
16.283	-0.109	-4.113E-3	0.109	-8.624E-3	2.101E-3	8.876E-3	0.306	0.105	0.323
16.300	-0.109	-4.148E-3	0.109	-3.342E-3	-2.638E-3	4.258E-3	0.328	-0.189	0.378
16.316	-0.109	-4.201E-3	0.109	-1.224E-3	-3.674E-3	3.872E-3	1.311E-2	4.123E-2	4.326E-2
16.333	-0.109	-4.271E-3	0.109	2.623E-4	-1.693E-3	1.713E-3	0.239	0.174	0.296
16.350	-0.109	-4.257E-3	0.109	3.285E-3	2.650E-3	4.221E-3	-0.168	0.101	0.197
16.366	-0.109	-4.182E-3	0.109	-6.608E-4	2.191E-3	2.289E-3	-0.173	-0.139	0.222
16.383	-0.109	-4.184E-3	0.109	-7.721E-3	-2.564E-3	8.135E-3	5.181E-2	-0.231	0.236
16.400	-0.109	-4.268E-3	0.109	3.285E-3	-5.765E-3	6.635E-3	0.321	0.164	0.360
16.416	-0.109	-4.377E-3	0.109	4.711E-3	1.845E-3	5.060E-3	-0.165	4.853E-2	0.172
16.433	-0.109	-4.206E-3	0.109	-3.883E-3	-1.678E-4	3.887E-3	-0.382	-4.558E-2	0.384
16.450	-0.109	-4.382E-3	0.109	-8.372E-3	-4.672E-3	9.587E-3	-0.689	4.440E-3	0.690
16.466	-0.109	-4.362E-3	0.109	-2.432E-2	2.896E-3	2.449E-2	-8.894E-2	0.176	0.197
16.483	-0.110	-4.286E-3	0.110	-1.864E-2	1.321E-3	1.868E-2	0.401	-0.110	0.416
16.500	-0.110	-4.318E-3	0.110	-2.090E-3	-1.948E-3	2.857E-3	0.557	-7.570E-2	0.562
16.517	-0.110	-4.351E-3	0.110	-4.615E-3	-8.865E-4	4.700E-3	-1.192	-0.197	1.208
16.533	-0.110	-4.348E-3	0.110	-3.593E-2	-7.158E-3	3.663E-2	-0.963	-0.146	0.974
16.550	-0.111	-4.589E-3	0.111	-4.937E-2	-8.826E-3	5.015E-2	0.122	-0.706	0.717
16.567	-0.112	-4.642E-3	0.112	-2.247E-2	-2.495E-2	3.357E-2	1.167	-1.454E-2	1.167
16.583	-0.112	-5.422E-3	0.112	-1.176E-2	-2.014E-2	2.332E-2	-0.629	0.242	0.674
16.600	-0.112	-5.314E-3	0.112	-3.903E-2	-4.574E-3	3.929E-2	-0.359	-0.141	0.385
16.617	-0.113	-5.574E-3	0.113	-3.767E-2	-2.975E-2	4.800E-2	5.136E-2	-0.739	0.741
16.633	-0.113	-6.307E-3	0.114	-2.141E-2	-3.324E-2	3.954E-2	1.018	0.439	1.109
16.650	-0.114	-6.683E-3	0.114	-1.593E-2	-1.159E-2	1.970E-2	0.457	0.459	0.648
16.667	-0.114	-6.694E-3	0.114	2.663E-3	-1.434E-2	1.459E-2	-0.103	-0.614	0.622
16.683	-0.114	-7.162E-3	0.114	-2.036E-2	-3.637E-2	4.169E-2	-0.264	-0.751	0.796
16.700	-0.115	-7.907E-3	0.115	-1.512E-2	-4.043E-2	4.317E-2	0.258	4.767E-2	0.262
16.717	-0.114	-8.511E-3	0.115	-1.401E-4	-3.285E-2	3.285E-2	0.539	0.392	0.666
16.733	-0.115	-9.004E-3	0.115	-4.606E-3	-2.733E-2	2.771E-2	-0.339	0.249	0.421
16.750	-0.115	-9.423E-3	0.115	-7.050E-3	-2.447E-2	2.547E-2	-0.310	5.843E-2	0.315
16.767	-0.115	-9.820E-3	0.115	-1.785E-2	-2.530E-2	3.096E-2	-0.447	-0.354	0.570
16.783	-0.115	-1.027E-2	0.116	-2.130E-2	-3.554E-2	4.144E-2	-9.967E-2	-6.362E-2	0.118
16.800	-0.116	-1.101E-2	0.116	-2.129E-2	-3.154E-2	3.805E-2	0.386	0.145	0.413
16.817	-0.116	-1.132E-2	0.116	-9.495E-3	-2.492E-2	2.667E-2	0.367	0.402	0.545
16.833	-0.116	-1.184E-2	0.116	-5.202E-3	-2.287E-2	2.346E-2	-0.324	-8.873E-2	0.336
16.850	-0.116	-1.208E-2	0.117	-2.218E-2	-2.341E-2	3.225E-2	-0.135	-0.627	0.641
16.867	-0.117	-1.262E-2	0.117	-1.440E-2	-4.555E-2	4.778E-2	0.553	-0.878	1.037
16.884	-0.117	-1.360E-2	0.117	3.112E-3	-5.575E-2	5.583E-2	0.247	0.259	0.358
16.900	-0.116	-1.448E-2	0.117	-7.601E-3	-3.639E-2	3.717E-2	8.033E-2	1.217	1.220
16.917	-0.117	-1.482E-2	0.118	5.020E-4	-1.214E-2	1.215E-2	0.113	1.075	1.081
16.934	-0.116	-1.488E-2	0.117	4.704E-3	-9.532E-4	4.800E-3	5.034E-2	0.735	0.737
16.950	-0.117	-1.485E-2	0.118	-4.934E-3	1.086E-2	1.193E-2	-0.347	0.773	0.847
16.967	-0.117	-1.452E-2	0.118	-3.343E-3	2.597E-2	2.619E-2	-0.570	0.912	1.075
16.984	-0.117	-1.398E-2	0.118	-2.286E-2	4.067E-2	4.665E-2	-0.179	0.752	0.773
17.000	-0.117	-1.316E-2	0.118	-1.705E-2	5.208E-2	5.480E-2	0.883	0.331	0.943
17.017	-0.117	-1.224E-2	0.118	1.431E-2	5.187E-2	5.381E-2	1.197	0.163	1.209
17.034	-0.117	-1.143E-2	0.117	2.222E-2	5.519E-2	5.950E-2	-1.096	9.341E-2	1.100
17.050	-0.117	-1.040E-2	0.117	-1.805E-2	5.791E-2	6.066E-2	-1.086	-9.339E-2	1.090
17.067	-0.118	-9.501E-3	0.118	-2.928E-2	5.051E-2	5.839E-2	0.295	-0.584	0.654
17.084	-0.118	-8.717E-3	0.118	4.743E-3	3.913E-2	3.942E-2	0.884	-0.381	0.963
17.100	-0.117	-8.196E-3	0.118	-6.176E-4	3.544E-2	3.544E-2	-2.723	0.284	2.737
17.117	-0.118	-7.534E-3	0.118	-8.027E-2	4.951E-2	9.431E-2	-1.491	0.704	1.649
17.134	-0.120	-6.544E-3	0.120	-7.847E-2	6.094E-2	9.935E-2	1.366	-0.485	1.450
17.150	-0.120	-5.501E-3	0.120	-5.168E-3	3.613E-2	3.650E-2	2.452	-0.446	2.493
17.167	-0.120	-5.338E-3	0.120	-5.424E-3	3.475E-2	3.517E-2	-0.189	-0.146	0.239
17.184	-0.120	-4.342E-3	0.120	-1.227E-2	4.435E-2	4.601E-2	-8.882E-2	-5.224E-2	0.103
17.201	-0.121	-3.858E-3	0.121	-9.867E-3	2.554E-2	2.738E-2	0.381	-0.402	0.554
17.217	-0.121	-3.489E-3	0.121	1.919E-3	3.088E-2	3.094E-2	-0.153	0.276	0.316
17.234	-0.121	-2.828E-3	0.121	-1.149E-2	3.800E-2	3.969E-2	-0.845	0.839	1.191
17.251	-0.121	-2.222E-3	0.121	-3.230E-2	5.455E-2	6.339E-2	-0.190	0.433	0.473
17.267	-0.122	-1.008E-3	0.122	-1.788E-2	5.975E-2	6.237E-2	0.813	-0.375	0.895
17.284	-0.122	-2.279E-4	0.122	-4.942E-4	3.709E-2	3.709E-2	0.118	-0.782	0.791
17.301	-0.122	2.301E-4	0.122	-1.382E-2	3.209E-2	3.494E-2	-0.183	-0.118	0.218
17.317	-0.122	8.429E-4	0.122	-1.312E-2	3.596E-2	3.828E-2	-0.172	-0.178	0.247
17.334	-0.122	1.430E-3	0.122	-1.119E-2	2.652E-2	2.879E-2	0.139	-0.556	0.573
17.351	-0.122	1.728E-3	0.122	-1.575E-2	1.539E-2	2.202E-2	0.184	-0.295	0.348
17.367	-0.123	1.943E-3	0.123	-1.418E-3	1.668E-2	1.674E-2	0.590	-0.150	0.609
17.384	-0.123	2.284E-3	0.123	4.254E-3	1.289E-2	1.357E-2	-0.344	-0.118	0.363
17.401	-0.122	2.373E-3	0.122	-1.139E-2	9.467E-3	1.481E-2	-1.358	0.643	1.502
17.417	-0.123	2.600E-3	0.123	-4.328E-2	3.373E-2	5.486E-2	-0.242	0.525	0.578
17.434	-0.124	3.499E-3	0.124	-2.651E-2	3.486E-2	4.380E-2	1.199	-0.507	1.302
17.451	-0.124	3.763E-3	0.124	8.154E-3	9.423E-3	1.246E-2	1.004	-0.974	1.399
17.467	-0.124	3.813E-3	0.124	3.713E-3	3.197E-3	4.900E-3	-0.238	-0.252	0.347
17.484	-0.124	3.870E-3	0.124	-1.905E-3	2.170E-3	2.888E-3	-0.473	0.113	0.486
17.501	-0.124	3.885E-3	0.124	-9.780E-3	5.862E-3	1.140E-2	-0.607	-0.267	0.663
17.518	-0.124	4.066E-3	0.124	-2.389E-2	-3.147E-3	2.410E-2	-0.394	-0.497	0.635
17.534	-0.124	3.780E-3	0.125	-2.410E-2	-1.563E-2	2.872E-2	-0.135	-0.943	0.952
17.551	-0.125	3.544E-3	0.125	-2.512E-2	-2.994E-2	3.908E-2	-0.359	-0.893	0.962
17.568	-0.125	2.781E-3	0.125	-3.778E-2	-4.959E-2	6.234E-2	-0.256	-0.888	0.924
17.584	-0.126	1.889E-3	0.126	-3.572E-2	-5.781E-2	6.796E-2	0.637	-0.129	0.650
17.601	-0.127	8.525E-4	0.127	-1.503E-2	-5.552E-2	5.752E-2	0.507	0.327	0.603
17.618	-0.127	3.684E-5	0.127	-1.474E-2	-4.494E-2	4.730E-2	-4.687E-3	9.911E-3	1.096E-2
17.634	-0.127	-6.470E-4	0.127	-2.121E-2	-5.326E-2	5.733E-2	-7.980E-2	-0.228	0.242
17.651	-0.127	-1.740E-3	0.127	-1.426E-2	-5.774E-2	5.948E-2	-0.227	-7.397E-3	0.227
17.668	-0.127	-2.574E-3	0.128	-2.718E-2	-4.958E-2	5.654E-2	1.966E-2	0.128	0.129
17.684	-0.128	-3.395E-3	0.128	-2.082E-2	-5.382E-2	5.771E-2	-0.349	8.361E-2	0.359
17.701	-0.128	-4.370E-3	0.128	-2.705E-2	-4.945E-2	5.637E-2	-0.471	0.447	0.650
17.718	-0.129	-5.045E-3	0.129	-4.800E-2	-3.628E-2	6.017E-2	-0.351	0.185	0.397
17.734	-0.130	-5.580E-3	0.130	-3.436E-2	-4.196E-2	5.423E-2	0.740	-0.537	0.914
17.751	-0.130	-6.445E-3	0.130	-2.252E-2	-5.688E-2	6.118E-2	0.545	-0.556	0.778
17.768	-0.131	-7.478E-3	0.131	-1.639E-2	-6.071E-2	6.289E-2	0.165	0.132	0.212
17.784	-0.131	-8.471E-3	0.131	-1.667E-2	-5.240E-2	5.499E-2	-0.779	0.454	0.902
17.801	-0.131	-9.227E-3	0.131	-4.030E-2	-4.391E-2	5.960E-2	-0.392	0.317	0.504
17.818	-0.132	-9.936E-3	0.132	-3.878E-2	-4.244E-2	5.749E-2	0.184	0.235	0.299
17.834	-0.132	-1.064E-2	0.133	-2.351E-2	-3.702E-2	4.385E-2	0.554	-0.193	0.586
17.851	-0.133	-1.117E-2	0.133	-2.640E-2	-4.540E-2	5.251E-2	-0.410	-0.236	0.474
17.868	-0.133	-1.216E-2	0.134	-3.315E-2	-5.079E-2	6.065E-2	0.310	0.378	0.489
17.885	-0.134	-1.287E-2	0.135	-2.307E-2	-3.019E-2	3.799E-2	-3.384E-2	0.625	0.626
17.901	-0.134	-1.316E-2	0.135	-2.338E-2	-2.642E-2	3.528E-2	0.332	0.142	0.361
17.918	-0.135	-1.375E-2	0.135	-2.430E-2	-3.030E-2	3.884E-2	-0.204	-5.316E-2	0.211
17.935	-0.135	-1.418E-2	0.136	-1.888E-2	-2.567E-2	3.186E-2	0.640	6.746E-2	0.644
17.951	-0.135	-1.460E-2	0.136	-1.336E-2	-2.832E-2	3.131E-2	-0.376	-0.183	0.418
17.968	-0.135	-1.512E-2	0.136	-1.935E-2	-3.233E-2	3.768E-2	-0.205	-9.509E-2	0.226
17.985	-0.136	-1.568E-2	0.137	-3.286E-2	-3.177E-2	4.570E-2	3.392E-2	0.230	0.232
18.001	-0.136	-1.618E-2	0.137	-1.161E-2	-2.467E-2	2.726E-2	0.295	0.577	0.648
18.018	-0.136	-1.651E-2	0.137	-2.036E-2	-1.232E-2	2.380E-2	3.416E-2	0.303	0.305
18.035	-0.137	-1.659E-2	0.138	-1.886E-2	-1.226E-2	2.250E-2	0.124	-0.178	0.217
18.051	-0.137	-1.691E-2	0.138	-7.740E-3	-2.106E-2	2.244E-2	0.322	-7.070E-2	0.329
18.068	-0.137	-1.729E-2	0.138	-1.292E-2	-1.518E-2	1.993E-2	-0.887	0.130	0.896
18.085	-0.138	-1.742E-2	0.139	-3.278E-2	-1.347E-2	3.544E-2	-7.642E-2	0.196	0.210
18.101	-0.138	-1.774E-2	0.140	-2.593E-2	-1.242E-2	2.875E-2	0.743	7.405E-2	0.747
18.118	-0.138	-1.784E-2	0.140	3.123E-3	-7.834E-3	8.433E-3	0.419	4.701E-2	0.421
18.135	-0.138	-1.801E-2	0.139	-1.340E-2	-1.223E-2	1.814E-2	-0.706	-0.116	0.715
18.151	-0.139	-1.824E-2	0.140	-2.607E-2	-1.222E-2	2.879E-2	-0.281	0.129	0.310
18.168	-0.139	-1.841E-2	0.140	-1.937E-2	-7.448E-3	2.075E-2	0.110	0.159	0.193
18.185	-0.139	-1.849E-2	0.141	-2.175E-2	-6.212E-3	2.262E-2	-1.192E-2	1.028E-2	1.574E-2
18.202	-0.140	-1.862E-2	0.141	-2.201E-2	-7.898E-3	2.339E-2	0.363	-5.674E-2	0.367
18.218	-0.140	-1.876E-2	0.141	-8.999E-3	-7.962E-3	1.202E-2	0.509	-0.131	0.525
18.235	-0.140	-1.889E-2	0.141	-2.816E-3	-1.166E-2	1.199E-2	-0.219	3.560E-2	0.222
18.252	-0.140	-1.914E-2	0.142	-1.666E-2	-8.831E-3	1.885E-2	-0.566	0.148	0.585
18.268	-0.141	-1.918E-2	0.142	-2.502E-2	-4.013E-3	2.534E-2			
18.285	-0.141	-1.928E-2	0.142						
