	mass C									
t	x	y	r	vx	vy	v	ax	ay	a	
0.000	1.295E-3	1.616E-3	2.071E-3						
0.017	3.815E-3	2.566E-3	4.598E-3	0.140	8.172E-2	0.162			
0.033	5.967E-3	4.343E-3	7.380E-3	0.116	8.584E-2	0.144	-0.814	0.546	0.980
0.050	7.691E-3	5.431E-3	9.415E-3	0.110	8.733E-2	0.140	-0.683	0.164	0.702
0.067	9.632E-3	7.257E-3	1.206E-2	9.949E-2	0.102	0.142	-0.949	0.543	1.093
0.083	1.101E-2	8.825E-3	1.411E-2	7.372E-2	9.931E-2	0.124	-1.355	0.797	1.572
0.100	1.209E-2	1.057E-2	1.606E-2	5.549E-2	0.128	0.139	-1.325	0.991	1.655
0.117	1.286E-2	1.308E-2	1.835E-2	3.035E-2	0.140	0.143	-1.360	0.298	1.392
0.133	1.310E-2	1.523E-2	2.009E-2	7.894E-3	0.131	0.131	-1.029	-0.373	1.095
0.150	1.313E-2	1.745E-2	2.184E-2	-3.022E-3	0.130	0.130	-0.407	-0.504	0.647
0.167	1.300E-2	1.957E-2	2.349E-2	-6.103E-3	0.115	0.115	3.173E-2	-1.031	1.032
0.184	1.292E-2	2.128E-2	2.489E-2	-1.508E-3	9.371E-2	9.372E-2	0.722	-1.125	1.337
0.200	1.295E-2	2.269E-2	2.613E-2	1.669E-2	7.742E-2	7.919E-2	1.551	-0.124	1.556
0.217	1.348E-2	2.386E-2	2.740E-2	5.116E-2	8.633E-2	0.100	1.613	-0.108	1.617
0.234	1.466E-2	2.558E-2	2.948E-2	7.364E-2	8.247E-2	0.111	1.707	-0.722	1.853
0.250	1.594E-2	2.661E-2	3.102E-2	0.102	5.512E-2	0.116	1.899	-1.246	2.271
0.267	1.808E-2	2.741E-2	3.284E-2	0.142	4.256E-2	0.148	1.991	-0.375	2.026
0.284	2.068E-2	2.803E-2	3.483E-2	0.167	4.144E-2	0.172	0.921	-0.136	0.931
0.300	2.366E-2	2.880E-2	3.727E-2	0.175	4.077E-2	0.179	6.982E-2	-4.963E-2	8.566E-2
0.317	2.651E-2	2.939E-2	3.958E-2	0.167	3.748E-2	0.171	-0.538	-1.613E-2	0.538
0.334	2.924E-2	3.005E-2	4.193E-2	0.157	4.116E-2	0.163	-0.716	0.750	1.037
0.350	3.176E-2	3.077E-2	4.422E-2	0.143	6.036E-2	0.155	-1.144	0.871	1.437
0.367	3.402E-2	3.206E-2	4.675E-2	0.120	7.521E-2	0.142	-1.359	0.980	1.675
0.384	3.577E-2	3.328E-2	4.886E-2	9.583E-2	8.777E-2	0.130	-1.128	0.323	1.173
0.400	3.722E-2	3.499E-2	5.108E-2	8.267E-2	9.213E-2	0.124	-0.930	0.425	1.023
0.417	3.853E-2	3.635E-2	5.297E-2	6.669E-2	9.487E-2	0.116	-0.973	0.505	1.096
0.434	3.944E-2	3.816E-2	5.488E-2	4.827E-2	0.114	0.123	-1.082	-0.207	1.101
0.450	4.014E-2	4.014E-2	5.677E-2	3.190E-2	9.147E-2	9.688E-2	-0.732	-0.590	0.940
0.467	4.051E-2	4.121E-2	5.778E-2	2.194E-2	8.262E-2	8.548E-2	-0.558	-0.381	0.675
0.484	4.087E-2	4.290E-2	5.925E-2	1.561E-2	8.962E-2	9.097E-2	-0.227	0.144	0.269
0.500	4.103E-2	4.420E-2	6.030E-2	1.214E-2	8.106E-2	8.197E-2	0.178	-1.002	1.017
0.517	4.128E-2	4.560E-2	6.151E-2	2.224E-2	6.186E-2	6.574E-2	1.254	-0.431	1.325
0.534	4.177E-2	4.626E-2	6.233E-2	5.236E-2	5.740E-2	7.769E-2	1.512	-0.594	1.625
0.551	4.302E-2	4.752E-2	6.410E-2	7.783E-2	5.338E-2	9.438E-2	1.849	-0.583	1.938
0.567	4.437E-2	4.804E-2	6.539E-2	0.108	2.951E-2	0.112	2.083	-1.086	2.349
0.584	4.662E-2	4.850E-2	6.727E-2	0.152	2.061E-2	0.154	1.826	-0.519	1.898
0.601	4.945E-2	4.873E-2	6.942E-2	0.170	1.099E-2	0.170	0.664	-0.421	0.786
0.617	5.228E-2	4.887E-2	7.156E-2	0.172	6.880E-3	0.172	0.101	-5.489E-2	0.115
0.634	5.517E-2	4.896E-2	7.376E-2	0.174	8.769E-3	0.174	-0.206	0.149	0.254
0.651	5.807E-2	4.916E-2	7.608E-2	0.166	1.278E-2	0.166	-0.393	0.256	0.469
0.667	6.070E-2	4.939E-2	7.825E-2	0.158	1.668E-2	0.159	-0.586	0.956	1.121
0.684	6.334E-2	4.972E-2	8.052E-2	0.149	4.219E-2	0.155	-0.899	1.009	1.352
0.701	6.566E-2	5.080E-2	8.301E-2	0.127	5.740E-2	0.139	-1.184	0.595	1.325
0.717	6.758E-2	5.163E-2	8.505E-2	0.108	5.591E-2	0.122	-1.283	0.270	1.311
0.734	6.927E-2	5.266E-2	8.702E-2	8.604E-2	6.818E-2	0.110	-0.882	0.548	1.039
0.751	7.045E-2	5.391E-2	8.871E-2	7.480E-2	7.516E-2	0.106	-0.725	0.594	0.937
0.767	7.177E-2	5.517E-2	9.052E-2	6.691E-2	8.576E-2	0.109	-1.132	0.374	1.192
0.784	7.268E-2	5.677E-2	9.223E-2	3.578E-2	9.114E-2	9.792E-2	-1.151	-0.205	1.169
0.801	7.296E-2	5.821E-2	9.334E-2	2.372E-2	7.742E-2	8.097E-2	-0.348	-0.267	0.439
0.817	7.348E-2	5.935E-2	9.445E-2	2.917E-2	7.884E-2	8.406E-2	0.186	-0.506	0.539
0.834	7.393E-2	6.084E-2	9.575E-2	2.833E-2	6.785E-2	7.353E-2	0.430	-0.822	0.927
0.851	7.442E-2	6.162E-2	9.662E-2	4.212E-2	4.415E-2	6.102E-2	1.137	-0.782	1.381
0.868	7.534E-2	6.231E-2	9.777E-2	6.803E-2	4.385E-2	8.094E-2	1.465	-0.402	1.520
0.884	7.669E-2	6.308E-2	9.930E-2	9.137E-2	3.341E-2	9.728E-2	1.492	-0.590	1.604
0.901	7.839E-2	6.343E-2	0.101	0.117	2.040E-2	0.119	1.665	-0.818	1.855
0.918	8.059E-2	6.376E-2	0.103	0.147	9.247E-3	0.148	1.531	-0.558	1.629
0.934	8.331E-2	6.374E-2	0.105	0.169	-1.197E-3	0.169	0.820	-0.258	0.860
0.951	8.624E-2	6.372E-2	0.107	0.175	1.782E-3	0.175	9.809E-2	0.228	0.248
0.968	8.913E-2	6.380E-2	0.110	0.172	6.870E-3	0.172	-0.423	0.134	0.444
0.984	9.197E-2	6.395E-2	0.112	0.161	6.832E-3	0.161	-0.583	0.298	0.654
1.001	9.451E-2	6.402E-2	0.114	0.150	1.442E-2	0.151	-0.740	0.731	1.040
1.018	9.698E-2	6.443E-2	0.116	0.139	3.312E-2	0.142	-0.841	0.781	1.148
1.034	9.913E-2	6.513E-2	0.119	0.121	4.162E-2	0.128	-1.370	0.726	1.551
1.051	0.101	6.582E-2	0.121	9.459E-2	5.418E-2	0.109	-1.326	0.582	1.448
1.068	0.102	6.694E-2	0.122	7.303E-2	6.504E-2	9.779E-2	-1.003	0.698	1.221
1.084	0.103	6.799E-2	0.124	6.381E-2	7.354E-2	9.737E-2	-0.773	0.282	0.823
1.101	0.104	6.939E-2	0.125	4.735E-2	7.851E-2	9.168E-2	-1.146	0.199	1.163
1.118	0.105	7.061E-2	0.127	2.523E-2	7.659E-2	8.064E-2	-1.025	9.869E-2	1.030
1.134	0.105	7.195E-2	0.127	1.149E-2	8.320E-2	8.399E-2	-0.191	-0.449	0.488
1.151	0.105	7.338E-2	0.128	1.871E-2	6.497E-2	6.761E-2	0.437	-1.092	1.176
1.168	0.106	7.411E-2	0.129	2.880E-2	4.072E-2	4.987E-2	0.637	-1.099	1.270
1.185	0.106	7.474E-2	0.130	3.781E-2	3.138E-2	4.913E-2	1.175	-0.577	1.309
1.201	0.107	7.516E-2	0.131	6.711E-2	2.071E-2	7.023E-2	1.734	-0.755	1.892
1.218	0.109	7.543E-2	0.132	9.909E-2	7.137E-3	9.934E-2	1.836	-0.721	1.972
1.235	0.110	7.540E-2	0.134	0.126	-4.946E-3	0.126	1.589	-0.655	1.718
1.251	0.113	7.527E-2	0.136	0.154	-1.341E-2	0.154	1.263	-0.412	1.328
1.268	0.116	7.495E-2	0.138	0.169	-1.976E-2	0.170	0.359	0.174	0.399
1.285	0.118	7.461E-2	0.140	0.166	-8.706E-3	0.166	-0.322	-6.254E-3	0.322
1.301	0.121	7.466E-2	0.142	0.156	-1.403E-2	0.157	-0.648	-0.164	0.669
1.318	0.124	7.414E-2	0.144	0.145	-2.207E-2	0.147	-0.637	0.224	0.676
1.335	0.126	7.392E-2	0.146	0.134	-2.932E-3	0.134	-0.571	0.762	0.952
1.351	0.128	7.404E-2	0.148	0.126	5.190E-3	0.127	-0.663	0.836	1.067
1.368	0.130	7.410E-2	0.150	0.113	2.051E-2	0.115	-0.994	1.039	1.438
1.385	0.132	7.473E-2	0.152	9.221E-2	4.414E-2	0.102	-0.932	0.916	1.307
1.401	0.133	7.557E-2	0.153	8.053E-2	5.044E-2	9.502E-2	-0.702	0.639	0.949
1.418	0.135	7.641E-2	0.155	7.099E-2	6.274E-2	9.474E-2	-1.034	8.836E-2	1.038
1.435	0.136	7.766E-2	0.156	4.631E-2	5.922E-2	7.518E-2	-1.264	4.908E-2	1.265
1.451	0.136	7.839E-2	0.157	2.578E-2	5.621E-2	6.184E-2	-0.520	-0.436	0.678
1.468	0.136	7.954E-2	0.158	2.917E-2	5.295E-2	6.046E-2	2.219E-3	-0.102	0.102
1.485	0.137	8.015E-2	0.159	2.950E-2	4.514E-2	5.393E-2	0.283	-0.528	0.599
1.501	0.137	8.105E-2	0.160	3.395E-2	4.173E-2	5.379E-2	0.873	-0.448	0.981
1.518	0.138	8.155E-2	0.160	6.070E-2	2.618E-2	6.611E-2	1.711	-1.227	2.106
1.535	0.139	8.192E-2	0.162	9.157E-2	4.019E-3	9.165E-2	1.487	-1.193	1.906
1.552	0.141	8.168E-2	0.163	0.112	-1.785E-2	0.113	1.449	-0.820	1.665
1.568	0.143	8.132E-2	0.165	0.136	-2.165E-2	0.138	1.352	-0.529	1.452
1.585	0.146	8.096E-2	0.167	0.161	-3.347E-2	0.165	0.893	-0.506	1.026
1.602	0.149	8.021E-2	0.169	0.165	-4.215E-2	0.170	0.201	-0.287	0.350
1.618	0.151	7.955E-2	0.171	0.166	-4.045E-2	0.171	-0.109	0.257	0.280
1.635	0.154	7.886E-2	0.173	0.163	-3.519E-2	0.167	-0.246	0.422	0.488
1.652	0.157	7.838E-2	0.175	0.156	-2.496E-2	0.158	-0.476	0.485	0.680
1.668	0.159	7.802E-2	0.177	0.149	-1.908E-2	0.150	-0.606	0.809	1.011
1.685	0.162	7.774E-2	0.179	0.135	-3.356E-4	0.135	-0.699	0.827	1.083
1.702	0.164	7.801E-2	0.182	0.125	1.342E-2	0.125	-0.645	1.260	1.416
1.718	0.166	7.819E-2	0.183	0.115	3.497E-2	0.120	-0.740	0.850	1.127
1.735	0.168	7.918E-2	0.185	9.989E-2	5.051E-2	0.112	-0.608	0.474	0.771
1.752	0.169	7.987E-2	0.187	9.284E-2	4.431E-2	0.103	-0.979	-0.330	1.033
1.768	0.171	8.066E-2	0.189	7.196E-2	4.226E-2	8.345E-2	-1.324	0.334	1.366
1.785	0.172	8.128E-2	0.190	4.308E-2	5.163E-2	6.724E-2	-1.125	-0.299	1.165
1.802	0.172	8.238E-2	0.191	3.576E-2	4.062E-2	5.412E-2	0.156	-0.586	0.606
1.818	0.173	8.264E-2	0.192	4.733E-2	2.193E-2	5.216E-2	0.313	-0.854	0.909
1.835	0.174	8.311E-2	0.193	5.101E-2	1.896E-2	5.442E-2	0.497	-0.229	0.548
1.852	0.175	8.327E-2	0.193	5.759E-2	1.049E-2	5.854E-2	0.927	-0.692	1.157
1.869	0.176	8.346E-2	0.195	8.563E-2	-7.428E-4	8.564E-2	1.681	-0.542	1.766
1.885	0.177	8.325E-2	0.196	0.113	-1.145E-2	0.114	1.522	-0.835	1.736
1.902	0.180	8.308E-2	0.198	0.137	-2.434E-2	0.139	1.397	-1.228	1.860
1.919	0.182	8.243E-2	0.200	0.159	-5.452E-2	0.168	0.917	-1.378	1.655
1.935	0.185	8.126E-2	0.202	0.170	-7.244E-2	0.185	0.341	-0.774	0.846
1.952	0.188	8.002E-2	0.204	0.168	-7.820E-2	0.186	6.500E-2	0.187	0.198
1.969	0.190	7.865E-2	0.206	0.171	-6.879E-2	0.185	-0.397	0.479	0.622
1.985	0.193	7.772E-2	0.208	0.159	-5.771E-2	0.169	-0.746	1.051	1.289
2.002	0.196	7.673E-2	0.210	0.141	-3.908E-2	0.147	-0.976	0.997	1.395
2.019	0.198	7.642E-2	0.212	0.130	-1.831E-2	0.131	-0.898	1.570	1.809
2.035	0.200	7.612E-2	0.214	0.110	6.863E-3	0.110	-0.636	0.619	0.888
2.052	0.202	7.665E-2	0.216	0.107	1.225E-2	0.107	-0.459	0.308	0.553
2.069	0.204	7.652E-2	0.218	9.953E-2	6.067E-3	9.972E-2	-0.708	3.061E-2	0.709
2.085	0.205	7.685E-2	0.219	7.929E-2	1.984E-2	8.173E-2	-0.766	0.936	1.210
2.102	0.206	7.719E-2	0.220	7.359E-2	3.360E-2	8.090E-2	-0.929	-1.564E-2	0.929
2.119	0.208	7.797E-2	0.222	5.289E-2	2.607E-2	5.897E-2	-0.632	0.204	0.664
2.135	0.208	7.806E-2	0.222	4.407E-2	2.909E-2	5.280E-2	-0.265	-0.386	0.468
2.152	0.209	7.894E-2	0.223	5.182E-2	2.677E-2	5.833E-2	0.311	-0.482	0.573
2.169	0.210	7.895E-2	0.224	5.037E-2	1.906E-3	5.041E-2	0.478	-1.267	1.354
2.186	0.211	7.900E-2	0.225	6.785E-2	-9.523E-3	6.851E-2	1.180	-1.856	2.200
2.202	0.212	7.863E-2	0.226	9.151E-2	-5.869E-2	0.109	1.975	-1.564	2.519
2.219	0.214	7.705E-2	0.227	0.131	-7.335E-2	0.150	1.934	-0.513	2.001
2.236	0.216	7.618E-2	0.229	0.162	-6.283E-2	0.174	1.276	-0.341	1.320
2.252	0.219	7.495E-2	0.232	0.169	-8.888E-2	0.191	0.289	-0.755	0.808
2.269	0.222	7.322E-2	0.234	0.173	-9.231E-2	0.196	-0.239	0.397	0.463
2.286	0.225	7.187E-2	0.236	0.162	-7.158E-2	0.177	-0.427	0.833	0.936
2.302	0.227	7.083E-2	0.238	0.155	-6.336E-2	0.168	-0.457	-0.315	0.555
2.319	0.230	6.976E-2	0.240	0.150	-8.132E-2	0.171	-0.234	0.414	0.475
2.336	0.232	6.812E-2	0.242	0.144	-5.973E-2	0.156	-0.977	1.063	1.444
2.352	0.235	6.776E-2	0.244	0.123	-3.104E-2	0.127	-0.568	2.033	2.111
2.369	0.237	6.708E-2	0.246	0.116	-5.262E-3	0.116	-0.341	0.970	1.028
2.386	0.239	6.759E-2	0.248	0.121	1.505E-2	0.122	-0.499	0.607	0.786
2.402	0.241	6.758E-2	0.250	9.583E-2	4.817E-3	9.595E-2	-1.368	0.152	1.376
2.419	0.242	6.775E-2	0.251	7.425E-2	2.199E-2	7.744E-2	-1.236	-0.193	1.251
2.436	0.243	6.832E-2	0.253	5.607E-2	5.260E-3	5.631E-2	-0.863	-0.232	0.894
2.452	0.244	6.792E-2	0.253	4.363E-2	7.702E-4	4.364E-2	1.080E-2	-1.664E-2	1.984E-2
2.469	0.245	6.834E-2	0.254	5.558E-2	1.697E-2	5.812E-2	0.795	-0.165	0.812
2.486	0.246	6.849E-2	0.255	7.363E-2	-8.136E-3	7.407E-2	0.830	-1.475	1.692
2.502	0.247	6.807E-2	0.256	8.206E-2	-3.454E-2	8.903E-2	0.761	-1.963	2.105
2.519	0.248	6.734E-2	0.257	9.782E-2	-7.018E-2	0.120	1.357	-1.447	1.984
2.536	0.250	6.573E-2	0.259	0.128	-8.987E-2	0.156	1.932	-0.994	2.172
2.553	0.253	6.434E-2	0.261	0.163	-9.597E-2	0.189	1.491	-0.431	1.552
2.569	0.256	6.253E-2	0.263	0.180	-0.109	0.210	6.596E-3	-0.725	0.725
2.586	0.259	6.071E-2	0.266	0.163	-0.117	0.201	-0.173	-0.115	0.208
2.603	0.261	5.862E-2	0.268	0.167	-0.116	0.203	0.192	0.338	0.389
2.619	0.264	5.683E-2	0.270	0.179	-0.103	0.206	3.230E-2	0.881	0.881
2.636	0.267	5.519E-2	0.273	0.164	-8.841E-2	0.186	-0.722	-5.853E-2	0.724
2.653	0.270	5.388E-2	0.275	0.154	-9.938E-2	0.183	-0.748	0.968	1.223
2.669	0.272	5.187E-2	0.277	0.140	-7.067E-2	0.157	-1.010	0.612	1.181
2.686	0.274	5.152E-2	0.279	0.119	-5.663E-2	0.132	-0.639	1.723	1.838
2.703	0.276	4.998E-2	0.281	0.117	-3.821E-2	0.123	-6.654E-2	0.622	0.626
2.719	0.278	5.025E-2	0.283	0.121	-1.141E-2	0.122	-0.306	0.888	0.940
2.736	0.280	4.960E-2	0.285	0.106	-2.594E-2	0.109	-1.143	0.312	1.185
2.753	0.282	4.938E-2	0.286	8.179E-2	4.092E-3	8.190E-2	-1.186	0.968	1.531
2.769	0.283	4.974E-2	0.287	6.522E-2	1.093E-2	6.613E-2	-0.281	-0.123	0.307
2.786	0.284	4.975E-2	0.288	7.153E-2	-4.698E-3	7.169E-2	0.553	-0.708	0.898
2.803	0.285	4.958E-2	0.290	8.657E-2	-1.236E-2	8.744E-2	0.302	-0.776	0.832
2.819	0.287	4.934E-2	0.291	8.266E-2	-2.856E-2	8.746E-2	0.371	-1.861	1.897
2.836	0.288	4.863E-2	0.292	9.314E-2	-7.357E-2	0.119	0.963	-1.296	1.615
2.853	0.290	4.688E-2	0.294	0.120	-8.203E-2	0.146	2.036	-0.746	2.168
2.870	0.292	4.589E-2	0.296	0.157	-8.395E-2	0.178	1.708	-0.712	1.851
2.886	0.295	4.408E-2	0.299	0.184	-0.115	0.217	0.596	-1.464	1.581
2.903	0.298	4.205E-2	0.301	0.174	-0.130	0.217	-0.548	-0.480	0.729
2.920	0.301	3.974E-2	0.304	0.163	-0.133	0.211	0.236	-0.424	0.485
2.936	0.304	3.760E-2	0.306	0.180	-0.140	0.228	8.279E-3	0.207	0.207
2.953	0.307	3.508E-2	0.309	0.172	-0.133	0.218	-0.193	0.677	0.704
2.970	0.310	3.316E-2	0.311	0.162	-0.111	0.196	-0.346	1.263	1.309
2.986	0.312	3.137E-2	0.314	0.170	-9.426E-2	0.194	-6.520E-2	1.201	1.203
3.003	0.315	3.002E-2	0.317	0.156	-6.940E-2	0.171	-0.701	0.190	0.727
3.020	0.318	2.906E-2	0.319	0.146	-8.273E-2	0.168	-0.166	0.509	0.536
3.036	0.320	2.726E-2	0.321	0.150	-6.718E-2	0.164	-0.894	0.749	1.167
3.053	0.323	2.682E-2	0.324	0.124	-4.044E-2	0.130	-0.740	1.581	1.746
3.070	0.324	2.591E-2	0.325	0.111	-2.806E-2	0.115	-0.392	0.540	0.667
3.086	0.326	2.588E-2	0.327	0.123	-1.145E-2	0.123	-0.272	0.336	0.432
3.103	0.328	2.553E-2	0.329	9.882E-2	-2.317E-2	0.101	-1.362	-0.413	1.423
3.120	0.330	2.511E-2	0.331	7.573E-2	-2.443E-2	7.958E-2	-0.136	-0.465	0.484
3.136	0.331	2.471E-2	0.332	9.050E-2	-3.644E-2	9.756E-2	0.566	-1.214	1.339
3.153	0.333	2.389E-2	0.334	0.104	-6.617E-2	0.123	0.758	-0.850	1.139
3.170	0.334	2.250E-2	0.335	0.108	-6.982E-2	0.128	1.116	-0.572	1.254
3.187	0.336	2.156E-2	0.337	0.143	-7.614E-2	0.162	2.037	-0.935	2.241
3.203	0.339	1.996E-2	0.340	0.178	-0.107	0.208	1.104	-1.775	2.090
3.220	0.342	1.799E-2	0.343	0.182	-0.133	0.226	7.393E-2	-1.400	1.402
3.237	0.345	1.551E-2	0.345	0.176	-0.156	0.235	-0.191	-0.865	0.886
3.253	0.348	1.280E-2	0.348	0.178	-0.162	0.241	9.845E-2	-0.407	0.419
3.270	0.351	1.010E-2	0.351	0.178	-0.167	0.245	-0.276	0.115	0.299
3.287	0.354	7.215E-3	0.354	0.170	-0.161	0.235	-1.147E-2	0.904	0.904
3.303	0.357	4.710E-3	0.357	0.173	-0.135	0.220	9.503E-2	1.569	1.572
3.320	0.360	2.699E-3	0.360	0.179	-0.108	0.209	-0.187	1.553	1.564
3.337	0.363	1.097E-3	0.363	0.165	-8.387E-2	0.185	-0.736	1.392	1.574
3.353	0.365	-9.940E-5	0.365	0.154	-6.156E-2	0.166	0.157	0.870	0.884
3.370	0.368	-9.569E-4	0.368	0.168	-5.340E-2	0.176	-0.259	0.941	0.976
3.387	0.371	-1.881E-3	0.371	0.155	-3.509E-2	0.159	-1.189	-0.132	1.196
3.403	0.373	-2.128E-3	0.373	0.118	-4.711E-2	0.127	-1.091	0.290	1.129
3.420	0.375	-3.453E-3	0.375	0.120	-4.278E-2	0.127	0.463	-0.114	0.477
3.437	0.377	-3.555E-3	0.377	0.135	-3.211E-2	0.139	-0.451	-0.150	0.476
3.453	0.379	-4.524E-3	0.379	0.110	-6.015E-2	0.126	-0.763	-1.526	1.706
3.470	0.381	-5.563E-3	0.381	9.674E-2	-7.771E-2	0.124	0.300	-0.586	0.659
3.487	0.383	-7.117E-3	0.383	0.129	-8.500E-2	0.154	1.740	-0.648	1.857
3.503	0.385	-8.399E-3	0.385	0.154	-9.255E-2	0.180	1.018	-1.079	1.483
3.520	0.388	-1.021E-2	0.388	0.165	-0.124	0.206	0.812	-1.960	2.122
3.537	0.391	-1.255E-2	0.391	0.177	-0.158	0.237	0.861	-0.824	1.192
3.554	0.394	-1.547E-2	0.394	0.197	-0.157	0.252	0.902	-0.590	1.078
3.570	0.397	-1.779E-2	0.397	0.206	-0.166	0.265	5.641E-2	-0.616	0.619
3.587	0.401	-2.101E-2	0.401	0.200	-0.189	0.275	0.190	0.663	0.690
3.604	0.404	-2.408E-2	0.404	0.207	-0.144	0.252	-0.131	1.374	1.381
3.620	0.407	-2.583E-2	0.408	0.205	-0.129	0.242	-0.936	0.654	1.142
3.637	0.411	-2.837E-2	0.412	0.170	-0.137	0.219	-0.822	5.197E-2	0.824
3.654	0.413	-3.041E-2	0.414	0.173	-0.119	0.210	0.948	2.279	2.468
3.670	0.416	-3.236E-2	0.418	0.207	-6.944E-2	0.218	0.536	1.809	1.887
3.687	0.420	-3.273E-2	0.421	0.196	-4.295E-2	0.201	-0.499	0.952	1.074
3.704	0.423	-3.379E-2	0.424	0.179	-5.212E-2	0.187	-1.556	0.407	1.609
3.720	0.426	-3.447E-2	0.427	0.156	-2.517E-2	0.158	-0.821	8.102E-2	0.825
3.737	0.428	-3.463E-2	0.429	0.139	-4.217E-2	0.145	-1.541	-0.876	1.773
3.754	0.431	-3.587E-2	0.432	0.119	-6.685E-2	0.136	-0.128	-4.264E-2	0.135
3.770	0.432	-3.686E-2	0.434	0.117	-3.967E-2	0.124	0.271	0.862	0.903
3.787	0.435	-3.720E-2	0.436	0.144	-3.184E-2	0.147	1.019	-0.326	1.070
3.804	0.437	-3.793E-2	0.438	0.143	-5.512E-2	0.153	0.876	-1.841	2.038
3.820	0.439	-3.904E-2	0.441	0.173	-9.129E-2	0.195	0.971	-2.204	2.408
3.837	0.443	-4.097E-2	0.445	0.183	-0.132	0.225	0.540	-2.368	2.428
3.854	0.445	-4.344E-2	0.448	0.182	-0.168	0.248	0.135	-1.397	1.404
3.871	0.449	-4.659E-2	0.451	0.193	-0.183	0.266	0.424	0.378	0.569
3.887	0.452	-4.954E-2	0.455	0.194	-0.154	0.248	0.251	0.430	0.498
3.904	0.455	-5.174E-2	0.458	0.201	-0.159	0.257	0.937	0.526	1.074
3.921	0.459	-5.485E-2	0.462	0.224	-0.153	0.271	0.128	0.134	0.186
3.937	0.463	-5.683E-2	0.466	0.214	-0.138	0.254	-1.315	0.611	1.450
3.954	0.466	-5.946E-2	0.469	0.172	-0.145	0.224	1.760E-2	1.266	1.267
3.971	0.468	-6.165E-2	0.472	0.207	-9.467E-2	0.227	0.740	1.928	2.065
3.987	0.473	-6.262E-2	0.477	0.218	-6.985E-2	0.229	-0.457	0.868	0.981
4.004	0.476	-6.398E-2	0.480	0.174	-7.532E-2	0.190	-1.895	0.164	1.902
4.021	0.478	-6.513E-2	0.483	0.160	-6.181E-2	0.171	9.584E-2	0.726	0.732
4.037	0.481	-6.605E-2	0.485	0.173	-5.063E-2	0.180	0.195	1.102	1.119
4.054	0.484	-6.682E-2	0.489	0.176	-2.756E-2	0.178	-1.456	0.295	1.485
4.071	0.487	-6.697E-2	0.491	0.121	-3.257E-2	0.126	-1.047	-1.148E-2	1.047
4.087	0.488	-6.791E-2	0.493	0.127	-3.985E-2	0.133	1.040E-2	-1.118	1.118
4.104	0.491	-6.829E-2	0.496	0.143	-5.690E-2	0.154	0.478	-0.618	0.782
4.121	0.493	-6.981E-2	0.498	0.128	-7.474E-2	0.148	9.230E-2	-0.766	0.771
4.137	0.495	-7.079E-2	0.500	0.152	-7.134E-2	0.168	0.810	-0.888	1.202
4.154	0.498	-7.219E-2	0.503	0.158	-0.107	0.190	0.461	-2.253	2.300
4.171	0.501	-7.436E-2	0.506	0.162	-0.149	0.220	0.729	-2.208	2.325
4.188	0.503	-7.715E-2	0.509	0.184	-0.181	0.258	1.173	-0.304	1.212
4.204	0.507	-8.038E-2	0.513	0.202	-0.164	0.260	0.688	-2.531E-2	0.689
4.221	0.510	-8.263E-2	0.517	0.207	-0.167	0.266	-8.616E-2	-0.485	0.493
4.238	0.514	-8.594E-2	0.521	0.199	-0.194	0.278	0.341	0.520	0.622
4.254	0.517	-8.911E-2	0.524	0.213	-0.149	0.260	-0.348	1.698	1.733
4.271	0.521	-9.092E-2	0.529	0.200	-0.124	0.235	-0.108	1.914	1.917
4.288	0.524	-9.326E-2	0.532	0.192	-0.101	0.218	-0.125	0.563	0.577
4.304	0.527	-9.430E-2	0.536	0.210	-8.838E-2	0.228	0.217	0.340	0.403
4.321	0.531	-9.621E-2	0.539	0.194	-0.105	0.220	-1.077	1.017E-2	1.077
4.338	0.534	-9.779E-2	0.543	0.176	-8.313E-2	0.194	-1.018	1.271	1.628
4.354	0.536	-9.899E-2	0.545	0.158	-6.166E-2	0.170	-0.147	1.121	1.131
4.371	0.539	-9.985E-2	0.548	0.168	-4.541E-2	0.174	-0.808	-2.193E-3	0.808
4.388	0.542	-0.101	0.551	0.143	-5.859E-2	0.154	-0.670	0.330	0.747
4.404	0.544	-0.102	0.553	0.128	-4.551E-2	0.136	-0.602	0.584	0.839
4.421	0.546	-0.102	0.556	0.139	-2.526E-2	0.141	0.276	-0.813	0.859
4.438	0.548	-0.103	0.558	0.128	-7.540E-2	0.148	0.114	-1.761	1.765
4.454	0.551	-0.105	0.560	0.145	-9.562E-2	0.173	1.367	-1.126	1.771
4.471	0.553	-0.106	0.563	0.173	-9.946E-2	0.200	0.746	-0.908	1.175
4.488	0.556	-0.108	0.567	0.175	-0.133	0.220	0.317	-2.060	2.084
4.504	0.559	-0.110	0.570	0.175	-0.166	0.241	6.853E-2	-1.193	1.195
4.521	0.562	-0.113	0.573	0.185	-0.178	0.257	0.521	0.529	0.743
4.538	0.565	-0.116	0.577	0.187	-0.146	0.238	1.538E-3	0.595	0.595
4.555	0.568	-0.118	0.581	0.189	-0.149	0.240	6.533E-2	-0.636	0.639
4.571	0.571	-0.121	0.584	0.186	-0.178	0.257	0.510	0.727	0.888
4.588	0.575	-0.124	0.588	0.206	-0.129	0.243	0.631	1.679	1.794
4.605	0.578	-0.125	0.592	0.212	-0.103	0.236	-0.220	1.022	1.045
4.621	0.582	-0.128	0.596	0.195	-0.112	0.224	-0.826	1.259	1.506
4.638	0.585	-0.129	0.599	0.184	-5.781E-2	0.193	-0.570	1.490	1.595
4.655	0.588	-0.130	0.602	0.177	-4.989E-2	0.184	0.383	0.124	0.403
4.671	0.591	-0.131	0.605	0.193	-6.872E-2	0.205	-0.558	0.127	0.572
4.688	0.594	-0.132	0.609	0.171	-4.106E-2	0.176	-0.957	0.459	1.062
4.705	0.596	-0.132	0.611	0.144	-4.660E-2	0.151	-2.044	-0.501	2.105
4.721	0.599	-0.133	0.614	0.119	-6.717E-2	0.136	-0.139	0.142	0.198
4.738	0.600	-0.134	0.615	0.120	-4.126E-2	0.127	-7.145E-2	1.114	1.117
4.755	0.603	-0.135	0.618	0.137	-2.289E-2	0.139	0.692	-1.118	1.315
4.771	0.605	-0.135	0.620	0.128	-7.647E-2	0.149	6.263E-2	-1.736	1.737
4.788	0.607	-0.137	0.623	0.146	-9.780E-2	0.176	0.858	-0.366	0.933
4.805	0.610	-0.139	0.625	0.155	-7.358E-2	0.172	0.699	1.562	1.711
4.821	0.613	-0.140	0.628	0.169	-5.366E-2	0.178	-0.617	0.398	0.734
4.838	0.615	-0.140	0.631	0.141	-5.054E-2	0.150	-1.270	1.456	1.932
4.855	0.617	-0.141	0.633	0.114	-2.102E-2	0.116	-0.914	0.986	1.345
4.872	0.619	-0.141	0.635	0.119	2.877E-3	0.119	-1.576E-2	0.501	0.502
4.888	0.621	-0.141	0.637	0.111	-1.905E-2	0.113	-0.987	-1.369E-2	0.987
4.905	0.623	-0.142	0.639	8.844E-2	4.184E-3	8.854E-2	-0.955	0.906	1.316
4.922	0.624	-0.141	0.640	7.397E-2	1.731E-2	7.597E-2	-0.601	0.473	0.765
4.938	0.625	-0.141	0.641	7.325E-2	1.464E-2	7.470E-2	1.085	0.969	1.455
4.955	0.627	-0.141	0.642	0.103	4.761E-2	0.113	0.688	0.472	0.834
4.972	0.629	-0.139	0.644	0.111	4.289E-2	0.119	-9.256E-2	-0.787	0.792
4.988	0.630	-0.139	0.646	8.665E-2	7.809E-3	8.700E-2	-0.457	-1.621	1.684
5.005	0.632	-0.139	0.647	9.903E-2	-5.139E-3	9.916E-2			
5.022	0.634	-0.139	0.649						
