	mass A									
t	x	y	r	vx	vy	v	ax	ay	a	
0.000	5.196E-4	-1.309E-3	1.408E-3						
0.017	7.656E-4	4.168E-4	8.717E-4	1.278E-2	8.951E-2	9.042E-2			
0.033	9.459E-4	1.678E-3	1.926E-3	2.222E-2	9.753E-2	0.100	0.704	0.221	0.738
0.050	1.507E-3	3.671E-3	3.968E-3	3.903E-2	0.107	0.114	0.713	-9.132E-2	0.719
0.067	2.248E-3	5.246E-3	5.708E-3	4.575E-2	8.860E-2	9.971E-2	0.579	-0.100	0.587
0.083	3.033E-3	6.627E-3	7.289E-3	5.658E-2	0.101	0.116	1.024	-0.827	1.317
0.100	4.136E-3	8.620E-3	9.561E-3	8.042E-2	7.361E-2	0.109	2.147	-0.476	2.199
0.117	5.717E-3	9.083E-3	1.073E-2	0.126	6.429E-2	0.142	1.760	-6.832E-6	1.760
0.133	8.354E-3	1.077E-2	1.363E-2	0.148	9.187E-2	0.174	0.435	1.010	1.100
0.150	1.064E-2	1.215E-2	1.615E-2	0.134	8.930E-2	0.161	-0.191	-2.084E-2	0.192
0.167	1.282E-2	1.374E-2	1.880E-2	0.140	9.445E-2	0.169	-0.127	-0.667	0.679
0.184	1.533E-2	1.530E-2	2.166E-2	0.135	6.921E-2	0.152	-0.429	-0.250	0.497
0.200	1.733E-2	1.605E-2	2.362E-2	0.120	7.514E-2	0.142	0.667	0.759	1.010
0.217	1.934E-2	1.781E-2	2.629E-2	0.155	0.106	0.188	-0.385	0.564	0.682
0.234	2.249E-2	1.960E-2	2.984E-2	0.126	9.222E-2	0.156	-2.371	-0.639	2.456
0.250	2.355E-2	2.088E-2	3.148E-2	5.418E-2	8.000E-2	9.662E-2	-2.208	-0.287	2.227
0.267	2.430E-2	2.227E-2	3.296E-2	5.702E-2	8.540E-2	0.103	0.198	0.369	0.419
0.284	2.545E-2	2.373E-2	3.480E-2	6.601E-2	9.192E-2	0.113	-7.892E-2	-0.444	0.451
0.300	2.650E-2	2.534E-2	3.667E-2	5.317E-2	7.456E-2	9.158E-2	-1.724	6.811E-2	1.726
0.317	2.723E-2	2.622E-2	3.780E-2	1.079E-2	8.311E-2	8.381E-2	-0.850	0.392	0.936
0.334	2.686E-2	2.811E-2	3.888E-2	1.205E-2	0.101	0.102	9.347E-2	-0.507	0.516
0.350	2.763E-2	2.959E-2	4.049E-2	3.046E-2	6.221E-2	6.927E-2	0.225	-0.728	0.762
0.367	2.788E-2	3.019E-2	4.109E-2	1.087E-2	6.648E-2	6.736E-2	-0.530	-0.397	0.663
0.384	2.799E-2	3.181E-2	4.237E-2	1.292E-2	6.609E-2	6.735E-2	0.579	-8.743E-2	0.585
0.400	2.831E-2	3.239E-2	4.302E-2	3.085E-2	4.826E-2	5.727E-2	1.147	-0.144	1.156
0.417	2.902E-2	3.342E-2	4.426E-2	5.228E-2	6.863E-2	8.627E-2	1.821	0.682	1.945
0.434	3.005E-2	3.468E-2	4.589E-2	8.886E-2	7.159E-2	0.114	1.235	-0.153	1.244
0.450	3.199E-2	3.581E-2	4.802E-2	0.102	6.222E-2	0.119	1.519	-0.298	1.548
0.467	3.345E-2	3.676E-2	4.970E-2	0.126	6.016E-2	0.140	1.297	-0.407	1.359
0.484	3.620E-2	3.782E-2	5.235E-2	0.159	5.205E-2	0.167	0.252	-0.528	0.585
0.501	3.875E-2	3.850E-2	5.462E-2	0.131	3.897E-2	0.136	-0.497	-1.477E-2	0.497
0.517	4.056E-2	3.912E-2	5.635E-2	0.133	5.084E-2	0.143	-1.010	0.406	1.089
0.534	4.319E-2	4.019E-2	5.900E-2	0.114	5.755E-2	0.127	-1.648	-0.246	1.666
0.551	4.435E-2	4.104E-2	6.042E-2	6.287E-2	4.029E-2	7.467E-2	0.295	-0.115	0.317
0.567	4.529E-2	4.154E-2	6.145E-2	0.119	4.891E-2	0.129	-0.175	0.342	0.384
0.584	4.832E-2	4.267E-2	6.446E-2	8.903E-2	5.987E-2	0.107	-2.552	2.904E-2	2.552
0.601	4.826E-2	4.353E-2	6.500E-2	-1.740E-3	4.566E-2	4.569E-2	-1.860	0.277	1.880
0.617	4.826E-2	4.419E-2	6.544E-2	3.561E-2	6.494E-2	7.406E-2	0.655	0.364	0.750
0.634	4.945E-2	4.570E-2	6.733E-2	3.518E-2	6.893E-2	7.739E-2	-0.670	-2.664E-2	0.670
0.651	4.944E-2	4.649E-2	6.787E-2	-1.946E-3	5.351E-2	5.355E-2	-0.517	1.753	1.828
0.667	4.939E-2	4.749E-2	6.851E-2	1.952E-2	0.123	0.125	0.175	0.564	0.591
0.684	5.009E-2	5.060E-2	7.120E-2	1.445E-2	0.102	0.103	-0.156	-1.547	1.555
0.701	4.987E-2	5.088E-2	7.124E-2	1.152E-3	3.543E-2	3.545E-2	-3.243E-2	-1.971	1.971
0.717	5.013E-2	5.178E-2	7.207E-2	2.068E-2	5.352E-2	5.738E-2	1.258	0.980	1.595
0.734	5.056E-2	5.267E-2	7.301E-2	4.046E-2	6.384E-2	7.559E-2	1.408	0.333	1.447
0.751	5.148E-2	5.391E-2	7.454E-2	6.911E-2	6.860E-2	9.738E-2	0.652	-0.659	0.927
0.767	5.286E-2	5.496E-2	7.626E-2	6.652E-2	4.162E-2	7.847E-2	-0.269	-1.148	1.179
0.784	5.370E-2	5.530E-2	7.708E-2	5.294E-2	2.457E-2	5.837E-2	1.626	-0.472	1.693
0.801	5.463E-2	5.578E-2	7.807E-2	0.116	2.981E-2	0.119	2.845	0.679	2.925
0.817	5.755E-2	5.630E-2	8.051E-2	0.166	4.502E-2	0.172	0.310	7.220E-2	0.318
0.834	6.016E-2	5.728E-2	8.307E-2	0.120	3.889E-2	0.126	-1.697	5.782E-2	1.698
0.851	6.155E-2	5.759E-2	8.430E-2	9.794E-2	3.667E-2	0.105	-0.368	0.203	0.420
0.868	6.343E-2	5.850E-2	8.629E-2	0.116	5.375E-2	0.128	-1.546	-5.389E-2	1.547
0.884	6.544E-2	5.939E-2	8.837E-2	5.478E-2	3.472E-2	6.485E-2	-0.541	-0.140	0.559
0.901	6.526E-2	5.966E-2	8.842E-2	6.786E-2	4.054E-2	7.905E-2	-0.696	0.229	0.733
0.918	6.770E-2	6.074E-2	9.096E-2	7.382E-2	5.345E-2	9.113E-2	-1.998	0.301	2.021
0.934	6.772E-2	6.145E-2	9.144E-2	-2.686E-2	4.374E-2	5.133E-2	-2.876	-0.353	2.898
0.951	6.681E-2	6.220E-2	9.128E-2	-2.411E-2	4.389E-2	5.008E-2	0.744	0.842	1.124
0.968	6.692E-2	6.291E-2	9.184E-2	1.020E-2	6.765E-2	6.842E-2	2.669	0.561	2.727
0.984	6.715E-2	6.446E-2	9.308E-2	5.562E-2	7.281E-2	9.162E-2	0.516	-8.156E-2	0.522
1.001	6.877E-2	6.534E-2	9.486E-2	4.614E-2	5.530E-2	7.202E-2	-3.018	-1.131	3.222
1.018	6.869E-2	6.630E-2	9.547E-2	-5.811E-2	4.102E-2	7.113E-2	-2.437	-0.880	2.591
1.034	6.683E-2	6.671E-2	9.443E-2	-5.150E-2	2.126E-2	5.571E-2	3.136	2.351E-3	3.136
1.051	6.697E-2	6.701E-2	9.474E-2	6.326E-2	3.957E-2	7.462E-2	3.205	0.414	3.232
1.068	6.894E-2	6.803E-2	9.686E-2	6.966E-2	4.403E-2	8.241E-2	0.197	-3.458E-2	0.200
1.084	6.929E-2	6.848E-2	9.742E-2	4.464E-2	3.012E-2	5.385E-2	0.811	0.119	0.820
1.101	7.043E-2	6.903E-2	9.862E-2	0.105	4.898E-2	0.116	2.484	0.262	2.498
1.118	7.280E-2	7.012E-2	0.101	0.136	4.571E-2	0.143	0.793	-0.552	0.967
1.134	7.496E-2	7.056E-2	0.103	0.125	2.327E-2	0.127	-0.474	-0.673	0.823
1.151	7.698E-2	7.089E-2	0.105	0.120	2.442E-2	0.122	-0.320	0.668	0.740
1.168	7.895E-2	7.137E-2	0.106	0.115	4.499E-2	0.124	0.304	0.411	0.511
1.185	8.082E-2	7.239E-2	0.109	0.127	4.448E-2	0.135	0.305	0.325	0.445
1.201	8.319E-2	7.286E-2	0.111	0.132	4.616E-2	0.139	-0.874	0.512	1.013
1.218	8.521E-2	7.393E-2	0.113	9.621E-2	6.857E-2	0.118	-2.030	0.611	2.120
1.235	8.640E-2	7.515E-2	0.115	5.990E-2	6.606E-2	8.917E-2	-2.318	-0.900	2.487
1.251	8.721E-2	7.614E-2	0.116	2.276E-2	3.900E-2	4.515E-2	-1.407	-0.332	1.446
1.268	8.716E-2	7.645E-2	0.116	6.013E-3	4.614E-2	4.653E-2	-0.389	0.226	0.450
1.285	8.741E-2	7.768E-2	0.117	1.584E-2	5.939E-2	6.147E-2	-0.555	0.579	0.802
1.301	8.769E-2	7.843E-2	0.118	-9.710E-3	5.588E-2	5.671E-2	-0.582	-0.174	0.608
1.318	8.708E-2	7.954E-2	0.118	-1.442E-2	5.972E-2	6.144E-2	0.206	-0.449	0.494
1.335	8.721E-2	8.042E-2	0.119	7.210E-3	3.926E-2	3.992E-2	0.105	-0.757	0.764
1.351	8.733E-2	8.085E-2	0.119	-1.146E-2	3.088E-2	3.294E-2	-0.685	-0.439	0.814
1.368	8.683E-2	8.145E-2	0.119	-2.203E-2	2.899E-2	3.642E-2	2.672	0.502	2.719
1.385	8.659E-2	8.182E-2	0.119	7.052E-2	4.206E-2	8.211E-2	2.443	0.227	2.454
1.401	8.918E-2	8.285E-2	0.122	9.162E-2	4.565E-2	0.102	1.845	-1.782E-3	1.845
1.418	8.965E-2	8.334E-2	0.122	9.260E-2	3.378E-2	9.857E-2	-5.283E-2	-0.358	0.362
1.435	9.227E-2	8.398E-2	0.125	0.122	3.748E-2	0.128	0.472	-0.202	0.514
1.451	9.373E-2	8.459E-2	0.126	8.900E-2	2.744E-2	9.313E-2	-3.225E-2	-0.460	0.461
1.468	9.524E-2	8.490E-2	0.128	0.122	1.947E-2	0.124	0.122	-0.237	0.267
1.485	9.780E-2	8.524E-2	0.130	0.108	2.110E-2	0.110	-0.203	0.184	0.274
1.502	9.886E-2	8.560E-2	0.131	9.349E-2	2.506E-2	9.679E-2	0.167	0.107	0.198
1.518	0.101	8.608E-2	0.133	0.129	2.598E-2	0.131	-0.451	0.621	0.768
1.535	0.103	8.647E-2	0.135	8.258E-2	4.190E-2	9.260E-2	-2.751	2.934E-3	2.751
1.552	0.104	8.748E-2	0.136	2.299E-2	3.532E-2	4.215E-2	-1.194	-0.117	1.199
1.568	0.104	8.765E-2	0.136	4.316E-2	2.594E-2	5.036E-2	0.149	-7.505E-2	0.167
1.585	0.105	8.834E-2	0.137	4.199E-2	4.098E-2	5.867E-2	-0.854	0.304	0.907
1.602	0.105	8.901E-2	0.138	2.973E-3	3.448E-2	3.461E-2	-1.547	-0.202	1.560
1.618	0.105	8.949E-2	0.138	-7.443E-3	3.218E-2	3.303E-2	-0.379	-0.147	0.407
1.635	0.105	9.009E-2	0.138	-9.048E-3	3.195E-2	3.320E-2	-0.111	-0.119	0.163
1.652	0.105	9.056E-2	0.139	-1.053E-2	2.681E-2	2.880E-2	0.249	-9.260E-2	0.265
1.668	0.105	9.098E-2	0.139	-2.673E-3	2.856E-2	2.869E-2	0.414	-1.078E-2	0.414
1.685	0.105	9.151E-2	0.139	6.360E-3	2.805E-2	2.877E-2	0.415	-0.395	0.573
1.702	0.105	9.192E-2	0.139	9.146E-3	1.520E-2	1.774E-2	1.510	-1.898E-2	1.511
1.718	0.105	9.202E-2	0.140	5.215E-2	2.289E-2	5.695E-2	1.201	0.405	1.267
1.735	0.107	9.268E-2	0.141	6.401E-2	3.549E-2	7.319E-2	0.738	0.147	0.752
1.752	0.107	9.320E-2	0.142	5.980E-2	2.501E-2	6.482E-2	1.444	-3.161E-2	1.445
1.768	0.109	9.352E-2	0.143	0.118	3.148E-2	0.122	1.439	-5.658E-2	1.440
1.785	0.111	9.425E-2	0.146	0.119	2.968E-2	0.123	0.961	-5.087E-2	0.962
1.802	0.113	9.451E-2	0.147	0.129	2.278E-2	0.131	-0.882	-0.296	0.930
1.818	0.116	9.501E-2	0.150	0.115	2.481E-2	0.118	-1.306	-7.099E-2	1.308
1.835	0.116	9.534E-2	0.151	6.229E-2	1.795E-2	6.482E-2	-1.900	-7.609E-2	1.902
1.852	0.118	9.561E-2	0.152	6.212E-2	2.191E-2	6.587E-2	-0.506	9.825E-2	0.515
1.869	0.119	9.607E-2	0.153	4.500E-2	2.347E-2	5.076E-2	0.568	0.890	1.056
1.885	0.119	9.640E-2	0.153	7.266E-2	4.603E-2	8.601E-2	-1.227	0.425	1.298
1.902	0.121	9.760E-2	0.155	2.906E-2	4.905E-2	5.701E-2	-2.204	-0.285	2.222
1.919	0.120	9.803E-2	0.155	-3.334E-2	2.608E-2	4.233E-2	-0.280	-0.432	0.515
1.935	0.120	9.847E-2	0.155	3.135E-2	3.657E-2	4.817E-2	0.726	0.186	0.749
1.952	0.121	9.925E-2	0.157	9.735E-3	3.659E-2	3.787E-2	-0.968	-0.146	0.979
1.969	0.120	9.969E-2	0.156	-2.959E-2	2.721E-2	4.020E-2	-0.621	-0.101	0.629
1.985	0.120	0.100	0.156	4.649E-3	3.405E-2	3.437E-2	1.134	-4.691E-2	1.135
2.002	0.120	0.101	0.157	7.605E-3	2.887E-2	2.985E-2	-8.143E-2	-0.756	0.760
2.019	0.120	0.101	0.157	-3.393E-4	6.372E-3	6.381E-3	0.345	-0.773	0.846
2.035	0.120	0.101	0.157	1.632E-2	6.796E-4	1.633E-2	1.537	0.359	1.579
2.052	0.121	0.101	0.158	5.423E-2	1.965E-2	5.768E-2	1.794	0.426	1.844
2.069	0.122	0.102	0.159	7.797E-2	1.982E-2	8.045E-2	0.831	-0.184	0.851
2.085	0.124	0.102	0.160	8.111E-2	7.674E-3	8.147E-2	0.527	-0.585	0.787
2.102	0.125	0.102	0.161	9.234E-2	3.290E-3	9.240E-2	1.002	-0.183	1.018
2.119	0.127	0.102	0.163	0.117	-4.030E-4	0.117	0.659	-0.257	0.707
2.135	0.129	0.102	0.164	0.117	-3.314E-3	0.117	-0.888	-5.104E-2	0.890
2.152	0.131	0.102	0.166	8.551E-2	-4.234E-3	8.562E-2	-1.418	-4.180E-3	1.418
2.169	0.132	0.102	0.166	6.553E-2	-1.555E-3	6.555E-2	-0.974	0.163	0.987
2.186	0.133	0.102	0.167	5.742E-2	-3.809E-6	5.742E-2	-0.693	-5.214E-2	0.695
2.202	0.134	0.102	0.168	4.091E-2	-1.760E-3	4.094E-2	-0.827	3.989E-3	0.827
2.219	0.134	0.102	0.168	2.941E-2	-2.083E-3	2.949E-2	-3.240E-2	0.102	0.107
2.236	0.135	0.102	0.169	3.808E-2	3.243E-3	3.822E-2	-0.105	5.999E-2	0.121
2.252	0.135	0.102	0.169	3.258E-2	2.977E-4	3.258E-2	-1.069	-3.246E-3	1.069
2.269	0.136	0.102	0.170	-2.106E-3	1.047E-3	2.352E-3	-1.434	7.315E-2	1.436
2.286	0.135	0.102	0.169	-1.767E-2	4.909E-3	1.834E-2	-0.382	-6.448E-2	0.388
2.302	0.135	0.102	0.169	-1.267E-2	-1.380E-3	1.274E-2	0.463	-0.202	0.505
2.319	0.135	0.102	0.169	-2.238E-3	-3.574E-3	4.217E-3	0.208	-0.195	0.285
2.336	0.135	0.102	0.169	-3.288E-3	-5.567E-3	6.465E-3	0.330	-0.169	0.371
2.352	0.135	0.102	0.169	3.555E-3	-1.101E-2	1.157E-2	0.981	4.874E-2	0.982
2.369	0.135	0.101	0.169	3.262E-2	-4.363E-3	3.291E-2	1.660	-9.332E-2	1.663
2.386	0.136	0.101	0.170	5.930E-2	-1.019E-2	6.017E-2	2.299	-0.735	2.413
2.402	0.137	0.101	0.170	0.106	-3.229E-2	0.111	1.352	-0.208	1.367
2.419	0.139	0.100	0.172	0.116	-2.085E-2	0.118	-2.481E-2	0.434	0.434
2.436	0.141	0.100	0.173	9.296E-2	-9.314E-3	9.343E-2	0.177	0.231	0.291
2.452	0.142	0.100	0.174	0.122	-1.865E-2	0.123	8.807E-2	-0.317	0.329
2.469	0.145	9.976E-2	0.176	0.109	-1.871E-2	0.111	-0.636	0.146	0.652
2.486	0.146	9.945E-2	0.177	8.318E-2	-1.429E-2	8.440E-2	-1.720	0.305	1.747
2.503	0.148	9.928E-2	0.178	6.600E-2	-7.698E-3	6.645E-2	-1.048	0.387	1.117
2.519	0.148	9.919E-2	0.178	3.707E-2	-1.795E-3	3.712E-2	-0.694	0.320	0.765
2.536	0.149	9.922E-2	0.179	4.677E-2	3.422E-3	4.690E-2	0.176	6.571E-2	0.188
2.553	0.150	9.931E-2	0.180	4.603E-2	9.589E-4	4.603E-2	-0.771	3.527E-2	0.772
2.569	0.150	9.925E-2	0.180	2.007E-2	2.385E-3	2.021E-2	-1.589	5.339E-2	1.590
2.586	0.151	9.939E-2	0.180	-9.151E-3	5.297E-3	1.057E-2	-0.721	1.063E-2	0.721
2.603	0.150	9.943E-2	0.180	-6.800E-3	1.372E-3	6.937E-3	6.901E-2	0.249	0.259
2.619	0.150	9.943E-2	0.180	-1.439E-4	1.193E-2	1.193E-2	-0.679	4.928E-2	0.681
2.636	0.150	9.983E-2	0.180	-3.030E-2	8.730E-3	3.153E-2	-0.592	-0.502	0.776
2.653	0.149	9.972E-2	0.180	-2.885E-2	-1.024E-2	3.061E-2	0.618	-0.434	0.756
2.669	0.149	9.949E-2	0.179	-1.048E-4	-5.911E-3	5.912E-3	1.630	0.400	1.679
2.686	0.149	9.953E-2	0.179	2.098E-2	5.563E-3	2.171E-2	1.375	0.149	1.383
2.703	0.150	9.967E-2	0.180	4.836E-2	5.020E-5	4.836E-2	3.086	-0.212	3.094
2.719	0.151	9.953E-2	0.181	0.116	-5.000E-3	0.117	1.551	-0.394	1.600
2.736	0.154	9.951E-2	0.183	0.122	-9.616E-3	0.123	0.596	4.872E-2	0.598
2.753	0.155	9.921E-2	0.184	0.108	-7.723E-3	0.108	4.048E-2	0.242	0.246
2.769	0.157	9.925E-2	0.186	0.142	2.551E-3	0.142	0.176	0.168	0.244
2.786	0.160	9.929E-2	0.188	0.112	-2.772E-3	0.112	-1.671	-0.442	1.728
2.803	0.161	9.916E-2	0.189	7.975E-2	-1.305E-2	8.081E-2	-1.360	2.011E-2	1.360
2.819	0.162	9.886E-2	0.190	6.960E-2	-4.616E-3	6.976E-2	-0.649	0.404	0.764
2.836	0.163	9.900E-2	0.191	5.806E-2	5.383E-3	5.831E-2	-0.775	0.287	0.827
2.853	0.164	9.904E-2	0.192	4.396E-2	2.122E-3	4.401E-2	-0.572	-6.801E-2	0.576
2.870	0.165	9.907E-2	0.192	3.731E-2	3.415E-3	3.747E-2	-0.501	0.379	0.628
2.886	0.166	9.915E-2	0.193	3.006E-2	1.381E-2	3.308E-2	-0.491	-1.043E-2	0.491
2.903	0.166	9.953E-2	0.193	1.864E-2	7.681E-3	2.016E-2	-0.825	-0.181	0.845
2.920	0.166	9.941E-2	0.194	4.600E-3	8.916E-4	4.686E-3	-1.173	-7.118E-2	1.176
2.936	0.166	9.956E-2	0.194	-2.127E-2	9.846E-3	2.343E-2	-0.585	-0.118	0.596
2.953	0.165	9.974E-2	0.193	-1.975E-2	-2.309E-3	1.989E-2	-6.666E-4	-0.176	0.176
2.970	0.165	9.949E-2	0.193	-1.324E-2	-1.595E-3	1.334E-2	1.037	9.058E-2	1.041
2.986	0.165	9.968E-2	0.193	5.748E-3	7.004E-3	9.060E-3	0.837	0.120	0.846
3.003	0.166	9.972E-2	0.193	2.549E-2	-4.746E-4	2.549E-2	2.052	-0.296	2.073
3.020	0.166	9.967E-2	0.194	6.124E-2	-3.002E-3	6.132E-2	2.039	-3.406E-2	2.039
3.036	0.168	9.962E-2	0.195	0.107	-1.363E-3	0.107	1.599	7.174E-2	1.601
3.053	0.169	9.962E-2	0.197	0.109	-1.945E-4	0.109	0.541	-4.599E-2	0.543
3.070	0.171	9.961E-2	0.198	0.123	-2.834E-3	0.123	-1.684E-2	-0.197	0.198
3.086	0.174	9.953E-2	0.200	0.115	-7.143E-3	0.116	-0.683	-7.128E-2	0.686
3.103	0.175	9.937E-2	0.201	9.206E-2	-5.879E-3	9.225E-2	-1.529	0.264	1.552
3.120	0.177	9.933E-2	0.203	7.014E-2	2.163E-3	7.018E-2	-0.212	0.151	0.260
3.136	0.177	9.945E-2	0.203	7.554E-2	9.409E-4	7.555E-2	-0.319	5.417E-2	0.323
3.153	0.179	9.936E-2	0.205	7.386E-2	7.083E-4	7.386E-2	-0.584	8.439E-2	0.590
3.170	0.180	9.947E-2	0.206	4.464E-2	6.325E-3	4.508E-2	-1.440	0.487	1.520
3.187	0.181	9.957E-2	0.206	3.109E-2	1.481E-2	3.444E-2	-0.681	0.468	0.826
3.203	0.181	9.996E-2	0.207	1.872E-2	2.434E-2	3.070E-2	-1.228	0.457	1.311
3.220	0.181	0.100	0.207	-4.921E-3	2.857E-2	2.899E-2	-0.683	0.330	0.758
3.237	0.181	0.101	0.207	-1.288E-2	3.568E-2	3.793E-2	-0.107	-6.932E-2	0.127
3.253	0.181	0.102	0.207	-3.525E-4	2.839E-2	2.839E-2	-7.954E-2	-0.483	0.489
3.270	0.181	0.102	0.208	-1.663E-2	1.610E-2	2.315E-2	0.409	-0.671	0.785
3.287	0.180	0.102	0.207	4.873E-3	8.151E-3	9.496E-3	0.848	0.107	0.854
3.303	0.181	0.102	0.208	2.558E-2	1.590E-2	3.012E-2	0.634	0.423	0.762
3.320	0.181	0.103	0.208	1.629E-2	2.768E-2	3.212E-2	8.969E-2	0.177	0.199
3.337	0.182	0.103	0.209	3.066E-2	1.977E-2	3.648E-2	1.134	-0.740	1.354
3.353	0.182	0.103	0.209	5.413E-2	3.434E-3	5.424E-2	1.741	-0.531	1.820
3.370	0.183	0.103	0.210	8.850E-2	-1.245E-3	8.851E-2	1.755	-3.157E-2	1.755
3.387	0.185	0.103	0.212	0.116	5.687E-3	0.116	1.114	-2.095E-3	1.114
3.403	0.187	0.103	0.214	0.124	-1.015E-3	0.124	-0.497	-0.227	0.546
3.420	0.189	0.103	0.216	0.102	-4.594E-3	0.102	-1.645	-0.110	1.649
3.437	0.191	0.103	0.217	6.414E-2	-2.384E-3	6.419E-2	-1.459	0.156	1.467
3.453	0.191	0.103	0.217	5.274E-2	-8.014E-4	5.275E-2	-0.357	4.584E-2	0.360
3.470	0.192	0.103	0.218	5.480E-2	4.935E-4	5.481E-2	-0.310	-7.122E-2	0.319
3.487	0.193	0.103	0.219	4.362E-2	-3.772E-3	4.379E-2	-0.973	5.197E-2	0.975
3.504	0.194	0.103	0.219	2.085E-2	7.695E-4	2.087E-2	-1.165	0.279	1.198
3.520	0.194	0.103	0.220	3.757E-3	7.884E-3	8.733E-3	-1.346	1.235E-2	1.346
3.537	0.194	0.103	0.220	-2.113E-2	1.175E-3	2.117E-2	-0.971	-0.104	0.976
3.554	0.193	0.103	0.219	-3.433E-2	1.443E-3	3.436E-2	-0.542	-2.134E-2	0.543
3.570	0.193	0.103	0.219	-3.382E-2	4.085E-3	3.407E-2	0.357	3.433E-2	0.359
3.587	0.192	0.103	0.218	-2.680E-2	2.329E-4	2.680E-2	-5.084E-2	-0.175	0.183
3.604	0.192	0.103	0.218	-2.890E-2	-7.465E-4	2.891E-2	0.146	9.554E-2	0.174
3.620	0.191	0.103	0.217	-3.000E-2	2.246E-3	3.008E-2	0.639	-0.174	0.662
3.637	0.191	0.103	0.217	-3.332E-3	-3.552E-3	4.870E-3	0.945	-0.208	0.967
3.654	0.191	0.103	0.217	4.005E-3	-9.001E-3	9.851E-3	1.409	-0.178	1.421
3.670	0.191	0.103	0.217	3.507E-2	-6.301E-3	3.563E-2	1.685	9.211E-2	1.688
3.687	0.192	0.103	0.218	7.149E-2	-7.409E-3	7.187E-2	1.390	-7.031E-2	1.392
3.704	0.193	0.103	0.219	7.558E-2	-7.810E-3	7.598E-2	0.483	-0.141	0.503
3.720	0.195	0.103	0.220	8.769E-2	-1.228E-2	8.855E-2	-0.363	-2.408E-2	0.364
3.737	0.196	0.102	0.221	6.893E-2	-1.001E-2	6.965E-2	-0.366	-0.326	0.490
3.754	0.197	0.102	0.222	6.367E-2	-1.917E-2	6.650E-2	-0.460	-0.400	0.609
3.770	0.198	0.102	0.223	6.621E-2	-2.888E-2	7.223E-2	-0.833	0.195	0.855
3.787	0.199	0.101	0.224	2.993E-2	-1.113E-2	3.193E-2	-1.475	0.898	1.726
3.804	0.199	0.101	0.224	1.444E-2	3.852E-3	1.495E-2	-0.842	0.418	0.940
3.820	0.200	0.102	0.224	6.317E-3	2.035E-3	6.637E-3	-0.507	-0.128	0.523
3.837	0.200	0.102	0.224	-5.381E-3	-1.751E-3	5.659E-3	-0.992	-3.839E-2	0.993
3.854	0.200	0.102	0.224	-2.346E-2	8.974E-4	2.348E-2	-1.204	0.221	1.225
3.871	0.199	0.102	0.223	-4.877E-2	6.051E-3	4.914E-2	-0.529	0.121	0.542
3.887	0.198	0.102	0.223	-4.333E-2	5.652E-3	4.370E-2	0.688	-0.132	0.700
3.904	0.197	0.102	0.222	-2.154E-2	7.754E-4	2.155E-2	2.302E-2	-0.179	0.181
3.921	0.197	0.102	0.222	-3.891E-2	-5.911E-4	3.892E-2	-9.299E-2	-0.144	0.171
3.937	0.196	0.102	0.221	-3.669E-2	-3.106E-3	3.682E-2	0.708	4.041E-2	0.709
3.954	0.196	0.102	0.221	-4.691E-3	-9.887E-4	4.794E-3	2.647	-4.713E-2	2.647
3.971	0.196	0.102	0.221	4.304E-2	-1.846E-3	4.308E-2	1.287	-0.850	1.542
3.987	0.197	0.102	0.222	5.429E-2	-2.887E-2	6.149E-2	0.903	-0.536	1.050
4.004	0.198	0.101	0.222	5.363E-2	-2.793E-2	6.047E-2	0.446	2.654E-2	0.447
4.021	0.199	0.101	0.223	8.277E-2	-1.718E-2	8.453E-2	0.500	0.183	0.533
4.037	0.201	0.100	0.224	6.736E-2	-2.813E-2	7.300E-2	2.608E-2	-0.481	0.481
4.054	0.201	9.972E-2	0.225	7.671E-2	-3.115E-2	8.279E-2	0.433	0.245	0.498
4.071	0.203	9.914E-2	0.226	9.150E-2	-2.255E-2	9.424E-2	-0.113	0.609	0.619
4.087	0.205	9.896E-2	0.227	6.931E-2	-7.504E-3	6.971E-2	-1.874	0.624	1.975
4.104	0.205	9.889E-2	0.228	2.979E-2	-2.695E-3	2.991E-2	-2.361	-3.505E-2	2.362
4.121	0.205	9.887E-2	0.228	-1.240E-2	-7.776E-3	1.464E-2	-1.126	-0.175	1.139
4.137	0.205	9.863E-2	0.228	-1.140E-2	-1.110E-2	1.591E-2	0.243	-0.153	0.287
4.154	0.205	9.850E-2	0.228	3.518E-3	-1.063E-2	1.119E-2	-0.304	0.135	0.333
4.171	0.205	9.828E-2	0.227	-2.164E-2	-8.538E-3	2.327E-2	-0.777	0.373	0.862
4.188	0.204	9.822E-2	0.227	-3.037E-2	2.706E-3	3.049E-2	-0.289	0.282	0.403
4.204	0.204	9.837E-2	0.227	-2.322E-2	2.876E-3	2.340E-2	0.321	-0.113	0.340
4.221	0.204	9.831E-2	0.226	-2.429E-2	-3.691E-3	2.456E-2	-0.126	-0.264	0.293
4.238	0.203	9.825E-2	0.226	-2.416E-2	-5.015E-3	2.468E-2	0.113	4.530E-2	0.122
4.254	0.203	9.815E-2	0.225	-2.367E-2	-2.852E-3	2.384E-2	0.428	5.642E-2	0.431
4.271	0.203	9.815E-2	0.225	-8.755E-3	-1.803E-3	8.939E-3	2.140	-0.105	2.142
4.288	0.203	9.809E-2	0.225	4.333E-2	-6.959E-3	4.388E-2	2.636	-0.224	2.645
4.304	0.204	9.792E-2	0.226	8.971E-2	-9.880E-3	9.025E-2	2.010	-6.400E-2	2.011
4.321	0.206	9.776E-2	0.228	0.104	-8.751E-3	0.104	-6.817E-3	-7.813E-2	7.843E-2
4.338	0.207	9.763E-2	0.229	9.482E-2	-1.167E-2	9.553E-2	-0.840	-0.421	0.940
4.354	0.209	9.737E-2	0.230	6.942E-2	-2.300E-2	7.313E-2	0.213	-0.109	0.240
4.371	0.210	9.686E-2	0.231	9.809E-2	-1.858E-2	9.983E-2	0.363	0.389	0.532
4.388	0.212	9.675E-2	0.233	9.730E-2	-5.720E-3	9.746E-2	-1.569	0.375	1.613
4.404	0.213	9.667E-2	0.234	3.459E-2	-7.112E-3	3.531E-2	-2.312	0.239	2.325
4.421	0.213	9.651E-2	0.234	1.612E-2	5.580E-5	1.612E-2	-0.569	0.314	0.649
4.438	0.214	9.667E-2	0.234	2.242E-2	6.828E-3	2.344E-2	-6.213E-2	5.637E-2	8.389E-2
4.454	0.214	9.674E-2	0.235	1.302E-2	3.051E-4	1.303E-2	-0.677	1.742E-2	0.677
4.471	0.214	9.668E-2	0.235	-7.700E-4	5.472E-3	5.526E-3	-0.978	0.205	0.999
4.488	0.214	9.692E-2	0.235	-1.901E-2	1.073E-2	2.183E-2	-0.727	-4.221E-2	0.728
4.505	0.213	9.704E-2	0.234	-2.763E-2	2.422E-3	2.774E-2	2.554E-2	-0.274	0.275
4.521	0.213	9.700E-2	0.234	-1.693E-2	4.078E-4	1.694E-2	0.781	8.980E-3	0.781
4.538	0.213	9.705E-2	0.234	-8.095E-4	4.015E-3	4.096E-3	0.739	-4.068E-2	0.740
4.555	0.213	9.713E-2	0.234	8.675E-3	-3.072E-4	8.681E-3	0.249	-0.114	0.274
4.571	0.213	9.704E-2	0.234	7.154E-3	-1.949E-3	7.414E-3	1.230	1.283E-2	1.230
4.588	0.213	9.707E-2	0.234	4.311E-2	1.881E-3	4.315E-2	2.076	-2.142E-2	2.076
4.605	0.214	9.710E-2	0.235	8.719E-2	-2.473E-3	8.723E-2	2.340	-0.246	2.353
4.621	0.216	9.699E-2	0.237	0.114	-7.592E-3	0.114	0.675	-0.224	0.711
4.638	0.218	9.685E-2	0.239	0.118	-9.298E-3	0.118	-0.439	-8.100E-3	0.439
4.655	0.220	9.668E-2	0.240	9.224E-2	-8.400E-3	9.262E-2	0.295	0.147	0.330
4.671	0.221	9.657E-2	0.242	0.123	-3.994E-3	0.123	-0.661	0.132	0.674
4.688	0.224	9.654E-2	0.244	9.186E-2	-3.378E-3	9.192E-2	-0.939	0.176	0.956
4.705	0.224	9.646E-2	0.244	6.086E-2	2.586E-4	6.086E-2	-1.435	0.220	1.452
4.721	0.226	9.655E-2	0.246	6.874E-2	5.733E-3	6.898E-2	-0.851	0.333	0.914
4.738	0.227	9.665E-2	0.246	2.116E-2	1.003E-2	2.342E-2	-1.639	0.145	1.646
4.755	0.227	9.689E-2	0.247	1.193E-2	1.208E-2	1.698E-2	-0.186	0.131	0.228
4.771	0.227	9.705E-2	0.247	2.007E-2	1.279E-2	2.380E-2	-6.462E-2	-0.108	0.126
4.788	0.227	9.731E-2	0.247	9.777E-3	1.035E-2	1.423E-2	-5.016E-3	0.215	0.216
4.805	0.227	9.740E-2	0.247	1.504E-2	1.642E-2	2.227E-2	-1.517	0.281	1.543
4.821	0.228	9.786E-2	0.248	-2.700E-2	2.423E-2	3.628E-2	-0.759	6.806E-2	0.762
4.838	0.227	9.821E-2	0.247	-3.566E-2	1.662E-2	3.934E-2	0.781	-3.495E-2	0.782
4.855	0.227	9.842E-2	0.247	2.001E-2	2.120E-2	2.915E-2	2.027	-2.801E-3	2.027
4.872	0.227	9.891E-2	0.248	2.714E-2	2.084E-2	3.422E-2	1.081	-0.302	1.122
4.888	0.228	9.911E-2	0.248	5.150E-2	7.908E-3	5.211E-2	2.026	-0.738	2.156
4.905	0.229	9.918E-2	0.249	9.855E-2	-2.686E-3	9.858E-2	2.529	-0.336	2.551
4.922	0.231	9.902E-2	0.251	0.137	-5.213E-3	0.137	1.507	-0.173	1.517
4.938	0.233	9.900E-2	0.254	0.150	-5.678E-3	0.150	-1.399	-0.163	1.409
4.955	0.236	9.883E-2	0.256	9.486E-2	-1.225E-2	9.564E-2	-1.694	-0.780	1.864
4.972	0.237	9.859E-2	0.256	7.404E-2	-2.944E-2	7.968E-2	-9.923E-2	-0.105	0.144
4.988	0.238	9.785E-2	0.258	0.108	-2.289E-2	0.111	0.483	0.231	0.536
5.005	0.240	9.783E-2	0.259	8.891E-2	-1.184E-2	8.969E-2	-4.538E-2	0.133	0.141
5.022	0.241	9.746E-2	0.260	9.656E-2	-2.435E-2	9.958E-2	-0.499	-0.404	0.642
5.038	0.243	9.702E-2	0.262	8.865E-2	-2.454E-2	9.198E-2	-0.936	0.156	0.949
5.055	0.244	9.664E-2	0.263	5.097E-2	-1.899E-2	5.440E-2	-2.592	0.322	2.612
5.072	0.245	9.638E-2	0.263	1.241E-2	-1.318E-2	1.811E-2	-1.456	-8.202E-3	1.456
5.088	0.245	9.620E-2	0.263	-1.025E-2	-1.829E-2	2.097E-2	-0.480	-1.425E-2	0.480
5.105	0.245	9.577E-2	0.263	5.789E-3	-1.709E-2	1.805E-2	0.782	0.134	0.793
5.122	0.245	9.563E-2	0.263	1.321E-2	-1.029E-2	1.675E-2	-0.696	0.178	0.718
5.138	0.245	9.543E-2	0.263	-1.145E-2	-1.257E-2	1.700E-2	-1.235	-0.422	1.305
5.155	0.245	9.521E-2	0.262	-3.825E-2	-2.306E-2	4.466E-2	-1.723E-2	-0.586	0.586
5.172	0.244	9.466E-2	0.262	-9.949E-3	-3.447E-2	3.588E-2	1.347	-9.644E-2	1.350
5.189	0.244	9.406E-2	0.262	1.322E-2	-2.679E-2	2.987E-2	1.177	0.350	1.228
5.205	0.244	9.377E-2	0.262	2.385E-2	-1.949E-2	3.080E-2	1.497	-3.644E-2	1.498
5.222	0.245	9.341E-2	0.262	6.281E-2	-2.896E-2	6.917E-2	1.360	-0.603	1.488
5.239	0.247	9.280E-2	0.263	7.716E-2	-4.073E-2	8.725E-2	1.196	-0.129	1.203
5.255	0.248	9.205E-2	0.264	9.131E-2	-3.497E-2	9.778E-2	0.598	-0.126	0.611
5.272	0.250	9.164E-2	0.266	0.108	-3.928E-2	0.115	0.663	5.060E-2	0.665
5.289	0.251	9.074E-2	0.267	0.106	-4.079E-2	0.113	0.648	0.423	0.774
5.305	0.253	9.027E-2	0.269	0.131	-2.039E-2	0.132	-1.150	0.386	1.213
5.322	0.256	9.006E-2	0.271	8.081E-2	-2.587E-2	8.485E-2	-2.351	-0.607	2.428
5.339	0.256	8.941E-2	0.271	2.838E-2	-4.452E-2	5.280E-2	-1.518	-0.546	1.613
5.355	0.257	8.857E-2	0.271	4.411E-2	-4.472E-2	6.282E-2	0.336	0.527	0.624
5.372	0.257	8.792E-2	0.272	3.842E-2	-2.632E-2	4.657E-2	-1.377	0.835	1.610
5.389	0.258	8.769E-2	0.272	8.296E-4	-1.398E-2	1.400E-2	-1.254	0.442	1.330
5.405	0.257	8.745E-2	0.272	-1.391E-2	-1.361E-2	1.946E-2	-0.447	8.942E-3	0.447
5.422	0.257	8.724E-2	0.272	-3.880E-3	-1.333E-2	1.388E-2	-7.898E-2	-0.278	0.289
5.439	0.257	8.701E-2	0.272	-1.954E-2	-2.199E-2	2.941E-2	-0.653	-0.137	0.667
5.455	0.257	8.650E-2	0.271	-2.745E-2	-2.142E-2	3.481E-2	-0.151	0.127	0.197
5.472	0.256	8.629E-2	0.270	-2.340E-2	-1.392E-2	2.723E-2	0.826	-1.033E-2	0.826
5.489	0.256	8.604E-2	0.270	-1.847E-3	-2.234E-2	2.242E-2	0.972	-0.133	0.981
5.506	0.256	8.555E-2	0.270	1.428E-2	-2.138E-2	2.571E-2	0.464	-0.221	0.514
5.522	0.256	8.533E-2	0.270	1.047E-2	-2.474E-2	2.686E-2	0.756	-0.335	0.827
5.539	0.257	8.472E-2	0.270	3.568E-2	-3.689E-2	5.132E-2	0.903	-0.433	1.002
5.556	0.258	8.410E-2	0.271	5.012E-2	-3.772E-2	6.272E-2	2.461	2.802E-2	2.462
5.572	0.258	8.346E-2	0.271	0.101	-3.615E-2	0.108	1.032	-0.594	1.191
5.589	0.261	8.289E-2	0.274	0.112	-5.421E-2	0.124	0.751	-0.399	0.851
5.606	0.262	8.166E-2	0.274	9.693E-2	-5.768E-2	0.113	-0.878	0.320	0.935
5.622	0.264	8.097E-2	0.276	0.105	-3.670E-2	0.112	0.178	1.319	1.331
5.639	0.265	8.043E-2	0.277	8.736E-2	-1.684E-2	8.897E-2	-0.711	0.659	0.969
5.656	0.267	8.040E-2	0.279	9.037E-2	-9.870E-3	9.091E-2	-1.081	0.176	1.095
5.672	0.269	8.010E-2	0.280	5.150E-2	-1.581E-2	5.388E-2	-1.815	-0.958	2.052
5.689	0.269	7.988E-2	0.280	2.226E-2	-3.671E-2	4.293E-2	-1.522	6.781E-2	1.523
5.706	0.269	7.888E-2	0.281	7.586E-3	-2.542E-2	2.653E-2	-0.851	0.955	1.279
5.722	0.269	7.903E-2	0.280	-1.044E-2	8.404E-3	1.340E-2	-0.658	1.086	1.270
5.739	0.269	7.916E-2	0.280	-1.279E-2	5.971E-3	1.411E-2	-1.568E-3	-0.198	0.198
5.756	0.269	7.923E-2	0.280	-1.050E-2	1.721E-3	1.064E-2	0.119	-0.281	0.306
5.772	0.269	7.921E-2	0.280	-8.145E-3	-3.469E-3	8.853E-3	0.329	-0.225	0.399
5.789	0.268	7.911E-2	0.280	-8.640E-4	-6.224E-3	6.284E-3	0.126	-0.133	0.183
5.806	0.269	7.901E-2	0.280	-8.593E-4	-7.354E-3	7.404E-3	0.429	-5.176E-2	0.432
5.822	0.268	7.887E-2	0.280	8.054E-3	-8.293E-3	1.156E-2	1.246	-0.589	1.378
5.839	0.269	7.873E-2	0.280	4.360E-2	-2.446E-2	4.999E-2	2.023	-0.380	2.058
5.856	0.270	7.805E-2	0.281	7.682E-2	-2.755E-2	8.161E-2	1.045	9.768E-2	1.049
5.873	0.271	7.781E-2	0.282	8.101E-2	-1.498E-2	8.239E-2	0.762	0.157	0.778
5.889	0.273	7.755E-2	0.283	9.425E-2	-2.330E-2	9.708E-2	0.941	-0.339	1.000
5.906	0.274	7.703E-2	0.285	0.120	-2.870E-2	0.123	1.232	5.558E-2	1.233
5.923	0.277	7.659E-2	0.287	0.132	-2.056E-2	0.133	-0.413	0.391	0.569
5.939	0.279	7.635E-2	0.289	0.112	-1.432E-2	0.113	-1.143	0.357	1.197
5.956	0.280	7.611E-2	0.290	8.415E-2	-9.971E-3	8.474E-2	-1.591	0.116	1.595
5.973	0.282	7.601E-2	0.292	6.587E-2	-8.910E-3	6.647E-2	-0.207	-0.296	0.361
5.989	0.282	7.582E-2	0.292	6.895E-2	-2.009E-2	7.181E-2	-0.375	-0.150	0.404
6.006	0.284	7.534E-2	0.294	6.562E-2	-1.739E-2	6.788E-2	-0.840	0.211	0.866
6.023	0.285	7.524E-2	0.294	3.206E-2	-8.484E-3	3.317E-2	-1.570	0.125	1.575
6.039	0.285	7.506E-2	0.295	1.537E-2	-1.476E-2	2.131E-2	-0.692	0.105	0.700
6.056	0.285	7.474E-2	0.295	7.930E-3	-7.552E-3	1.095E-2	-0.380	0.320	0.497
6.073	0.285	7.481E-2	0.295	4.488E-3	3.223E-4	4.499E-3	-0.219	0.256	0.337
6.089	0.285	7.475E-2	0.295	-4.006E-4	-1.875E-3	1.918E-3	-0.305	-5.888E-2	0.310
6.106	0.285	7.475E-2	0.295	-4.910E-3	-7.035E-4	4.960E-3	-0.288	-0.605	0.670
6.123	0.285	7.473E-2	0.295	-1.056E-2	-1.965E-2	2.231E-2	0.358	-0.762	0.841
6.139	0.285	7.409E-2	0.294	4.457E-3	-3.230E-2	3.261E-2	0.112	-7.333E-2	0.134
6.156	0.285	7.365E-2	0.295	1.296E-3	-1.875E-2	1.880E-2	0.616	0.100	0.625
6.173	0.285	7.347E-2	0.294	1.229E-2	-2.564E-2	2.844E-2	2.200	-0.218	2.211
6.190	0.286	7.280E-2	0.295	8.119E-2	-3.230E-2	8.738E-2	2.333	6.159E-2	2.334
6.206	0.288	7.239E-2	0.297	9.920E-2	-1.999E-2	0.101	0.366	0.176	0.406
6.223	0.289	7.213E-2	0.298	8.209E-2	-2.485E-2	8.577E-2	-2.771E-2	-7.827E-2	8.303E-2
6.240	0.290	7.156E-2	0.299	9.962E-2	-2.701E-2	0.103	0.358	-0.135	0.382
6.256	0.292	7.123E-2	0.301	0.100	-2.514E-2	0.103	-0.204	-0.171	0.266
6.273	0.294	7.072E-2	0.302	8.635E-2	-3.470E-2	9.306E-2	-0.678	0.162	0.697
6.290	0.295	7.007E-2	0.303	8.072E-2	-2.247E-2	8.379E-2	-7.514E-2	0.658	0.662
6.306	0.296	6.997E-2	0.305	8.089E-2	-7.305E-3	8.122E-2	-1.319	0.608	1.452
6.323	0.298	6.983E-2	0.306	4.556E-2	-5.318E-3	4.587E-2	-2.087	0.124	2.091
6.340	0.298	6.979E-2	0.306	-1.059E-3	-2.099E-3	2.351E-3	-1.316	0.246	1.339
6.356	0.298	6.976E-2	0.306	4.851E-3	1.890E-3	5.206E-3	-3.920E-2	-1.532E-2	4.209E-2
6.373	0.298	6.986E-2	0.306	3.046E-3	-5.642E-4	3.098E-3	-0.219	0.125	0.252
6.390	0.298	6.974E-2	0.306	-7.691E-3	2.329E-3	8.036E-3	-1.081	0.142	1.091
6.406	0.298	6.993E-2	0.306	-2.775E-2	8.244E-3	2.894E-2	-1.212	-3.302E-2	1.212
6.423	0.297	7.001E-2	0.305	-5.388E-2	-3.336E-4	5.388E-2	5.125E-2	-0.223	0.228
6.440	0.296	6.992E-2	0.304	-2.851E-2	-8.444E-4	2.852E-2	1.373	9.383E-2	1.376
6.456	0.296	6.999E-2	0.304	1.156E-3	4.740E-3	4.879E-3	0.980	-3.837E-2	0.981
6.473	0.296	7.008E-2	0.304	4.242E-6	-1.507E-3	1.507E-3	0.314	-0.297	0.432
6.490	0.296	6.994E-2	0.304	9.850E-3	-7.499E-3	1.238E-2	3.306	-3.446E-2	3.307
6.507	0.296	6.983E-2	0.305	0.102	-1.928E-3	0.102	-0.923	-1.492	1.754
6.523	0.300	6.987E-2	0.308	2.357E-2	-4.886E-2	5.424E-2	-1.241	-1.210	1.734
6.540	0.297	6.820E-2	0.305	-1.415E-2	-6.292E-2	6.450E-2	0.303	0.265	0.402
6.557	0.299	6.777E-2	0.307	9.338E-2	-2.250E-2	9.605E-2	3.267	1.067	3.437
6.573	0.300	6.745E-2	0.308	7.401E-2	-3.018E-2	7.993E-2	-0.183	-0.552	0.582
6.590	0.302	6.676E-2	0.309	8.555E-2	-4.405E-2	9.623E-2	-0.250	-0.399	0.471
6.607	0.303	6.598E-2	0.310	7.495E-2	-4.334E-2	8.658E-2	-0.348	0.404	0.533
6.623	0.304	6.532E-2	0.311	6.186E-2	-3.038E-2	6.891E-2	-1.176	-0.237	1.200
6.640	0.305	6.497E-2	0.312	4.761E-2	-4.565E-2	6.596E-2	-1.765	-0.246	1.782
6.657	0.306	6.380E-2	0.312	-3.793E-3	-4.982E-2	4.996E-2	-1.427	0.226	1.444
6.673	0.305	6.330E-2	0.312	-5.621E-3	-2.888E-2	2.942E-2	-9.489E-2	1.050	1.054
6.690	0.305	6.283E-2	0.312	4.108E-3	-1.886E-2	1.930E-2	-0.163	0.469	0.496
6.707	0.305	6.267E-2	0.312	-1.618E-2	-1.049E-2	1.928E-2	-0.779	0.216	0.808
6.723	0.305	6.248E-2	0.311	-2.296E-2	-1.308E-2	2.642E-2	-1.431	-0.757	1.619
6.740	0.305	6.224E-2	0.311	-5.701E-2	-3.338E-2	6.606E-2	-1.330	-0.808	1.557
6.757	0.303	6.137E-2	0.309	-7.977E-2	-4.606E-2	9.211E-2	0.305	-0.270	0.407
6.773	0.302	6.070E-2	0.308	-4.152E-2	-3.823E-2	5.644E-2	2.932	0.687	3.011
6.790	0.302	6.009E-2	0.308	1.836E-2	-2.513E-2	3.113E-2	-4.180	-0.904	4.277
6.807	0.302	5.986E-2	0.308	-0.146	-5.896E-2	0.158	-1.761	-0.582	1.854
6.823	0.297	5.813E-2	0.302	-0.133	-6.469E-2	0.148	3.345	2.425E-2	3.345
6.840	0.298	5.770E-2	0.304	5.788E-2	-3.854E-2	6.954E-2	7.093	0.283	7.099
6.857	0.299	5.684E-2	0.304	6.328E-2	-6.307E-2	8.934E-2	0.792	-0.361	0.871
6.874	0.300	5.560E-2	0.305	9.481E-2	-5.470E-2	0.109	0.868	7.927E-2	0.872
6.890	0.302	5.501E-2	0.307	9.060E-2	-5.094E-2	0.104	-0.661	0.263	0.712
6.907	0.303	5.390E-2	0.308	7.143E-2	-5.494E-2	9.012E-2	-0.837	0.421	0.937
6.924	0.304	5.318E-2	0.309	6.066E-2	-3.272E-2	6.893E-2	-0.257	0.420	0.492
6.940	0.305	5.281E-2	0.310	6.406E-2	-3.751E-2	7.423E-2	-0.898	-0.484	1.021
6.957	0.306	5.193E-2	0.311	3.601E-2	-5.443E-2	6.527E-2	-1.386	-0.423	1.449
6.974	0.306	5.099E-2	0.311	8.015E-3	-5.077E-2	5.139E-2	-0.810	0.814	1.148
6.990	0.307	5.024E-2	0.311	1.397E-2	-2.794E-2	3.124E-2	-0.556	0.925	1.079
7.007	0.307	5.006E-2	0.311	-6.832E-3	-1.509E-2	1.656E-2	-1.542	-0.457	1.608
7.024	0.306	4.973E-2	0.310	-4.282E-2	-4.353E-2	6.107E-2	-1.007	-0.677	1.213
7.040	0.305	4.861E-2	0.309	-4.244E-2	-4.681E-2	6.319E-2	0.738	0.376	0.828
7.057	0.305	4.817E-2	0.309	-1.487E-2	-2.222E-2	2.674E-2	-0.122	0.711	0.721
7.074	0.305	4.787E-2	0.309	-3.861E-2	-2.408E-2	4.551E-2	-0.607	-0.596	0.851
7.090	0.304	4.737E-2	0.307	-5.185E-2	-4.251E-2	6.705E-2	0.396	-0.295	0.494
7.107	0.303	4.645E-2	0.307	-1.441E-2	-3.901E-2	4.159E-2	2.007	0.141	2.012
7.124	0.303	4.606E-2	0.307	1.284E-2	-3.032E-2	3.293E-2	1.201	6.117E-2	1.202
7.140	0.304	4.543E-2	0.307	2.818E-2	-4.095E-2	4.971E-2	1.566	-0.322	1.599
7.157	0.304	4.470E-2	0.307	5.870E-2	-4.133E-2	7.179E-2	1.122	8.522E-2	1.125
7.174	0.306	4.406E-2	0.309	7.606E-2	-3.706E-2	8.461E-2	0.854	-0.128	0.864
7.191	0.307	4.346E-2	0.310	7.720E-2	-4.434E-2	8.903E-2	-0.299	-9.175E-2	0.312
7.207	0.308	4.258E-2	0.311	7.436E-2	-4.411E-2	8.646E-2	1.395	0.226	1.414
7.224	0.309	4.199E-2	0.312	0.110	-3.324E-2	0.114	-0.827	0.156	0.842
7.241	0.312	4.147E-2	0.315	7.622E-2	-3.860E-2	8.544E-2	-1.875	-4.486E-2	1.876
7.257	0.312	4.070E-2	0.314	1.211E-2	-3.817E-2	4.005E-2	-2.316	0.586	2.389
7.274	0.312	4.019E-2	0.315	1.918E-2	-1.766E-2	2.608E-2	-0.471	0.799	0.928
7.291	0.312	4.011E-2	0.315	-8.713E-3	-8.429E-3	1.212E-2	-0.880	-0.161	0.894
7.307	0.312	3.991E-2	0.315	-1.339E-2	-2.417E-2	2.763E-2	-3.956E-2	-0.105	0.112
7.324	0.312	3.931E-2	0.314	-5.313E-3	-1.756E-2	1.835E-2	-0.136	0.477	0.496
7.341	0.312	3.933E-2	0.314	-1.787E-2	-8.539E-4	1.789E-2	-0.571	0.378	0.685
7.357	0.311	3.928E-2	0.314	-2.774E-2	-7.539E-3	2.875E-2	-0.276	-0.219	0.353
7.374	0.311	3.907E-2	0.313	-2.512E-2	-9.577E-3	2.688E-2	-0.549	-0.435	0.700
7.391	0.310	3.896E-2	0.313	-4.327E-2	-1.895E-2	4.724E-2	6.819E-2	-0.360	0.366
7.407	0.309	3.844E-2	0.312	-3.269E-2	-2.607E-2	4.181E-2	0.828	-0.394	0.917
7.424	0.309	3.809E-2	0.312	-4.251E-3	-2.803E-2	2.835E-2	1.750	0.207	1.762
7.441	0.309	3.751E-2	0.312	1.777E-2	-2.342E-2	2.940E-2	1.977	-0.250	1.993
7.457	0.310	3.731E-2	0.312	6.513E-2	-2.962E-2	7.155E-2	2.486	-0.294	2.503
7.474	0.311	3.652E-2	0.314	0.102	-4.082E-2	0.110	0.655	-0.414	0.774
7.491	0.313	3.595E-2	0.315	9.084E-2	-3.848E-2	9.865E-2	-0.825	0.136	0.836
7.508	0.314	3.523E-2	0.316	6.592E-2	-3.889E-2	7.654E-2	0.817	0.109	0.825
7.524	0.316	3.465E-2	0.317	0.115	-3.344E-2	0.119	0.238	0.215	0.320
7.541	0.318	3.412E-2	0.320	9.729E-2	-3.173E-2	0.102	-0.924	-7.088E-2	0.927
7.558	0.319	3.359E-2	0.321	5.453E-2	-3.554E-2	6.509E-2	-1.326	0.351	1.371
7.574	0.320	3.293E-2	0.322	7.029E-2	-2.337E-2	7.408E-2	-0.309	0.230	0.386
7.591	0.321	3.281E-2	0.323	4.167E-2	-2.086E-2	4.660E-2	-1.564	0.161	1.573
7.608	0.322	3.224E-2	0.323	1.413E-2	-2.537E-2	2.904E-2	-1.189	0.306	1.227
7.624	0.322	3.196E-2	0.323	3.687E-3	-7.479E-3	8.339E-3	-0.399	0.409	0.572
7.641	0.322	3.199E-2	0.323	5.350E-4	-8.918E-3	8.934E-3	-0.345	-0.221	0.410
7.658	0.322	3.167E-2	0.323	-6.017E-3	-1.914E-2	2.006E-2	-0.822	-0.216	0.850
7.674	0.321	3.135E-2	0.323	-2.711E-2	-1.513E-2	3.105E-2	-0.845	0.156	0.859
7.691	0.321	3.116E-2	0.322	-3.758E-2	-1.268E-2	3.966E-2	0.336	-3.277E-2	0.338
7.708	0.320	3.093E-2	0.322	-1.563E-2	-1.676E-2	2.292E-2	1.161	-0.150	1.171
7.724	0.320	3.060E-2	0.322	5.633E-3	-1.841E-2	1.926E-2	1.381	-0.448	1.452
7.741	0.320	3.031E-2	0.322	2.601E-2	-2.930E-2	3.917E-2	1.102	-0.367	1.161
7.758	0.321	2.962E-2	0.322	4.667E-2	-3.511E-2	5.840E-2	1.292	0.187	1.306
7.774	0.322	2.914E-2	0.323	6.519E-2	-2.075E-2	6.842E-2	0.636	0.370	0.736
7.791	0.323	2.893E-2	0.325	7.305E-2	-2.022E-2	7.580E-2	0.509	-0.227	0.557
7.808	0.324	2.847E-2	0.326	7.618E-2	-3.122E-2	8.233E-2	-0.208	-0.258	0.332
7.824	0.326	2.789E-2	0.327	7.242E-2	-2.942E-2	7.817E-2	1.541	-0.298	1.570
7.841	0.327	2.748E-2	0.328	0.114	-3.736E-2	0.120	-1.651E-2	-0.108	0.109
7.858	0.330	2.664E-2	0.331	9.997E-2	-3.911E-2	0.107	-0.899	-6.531E-2	0.901
7.875	0.330	2.618E-2	0.331	5.264E-2	-3.361E-2	6.245E-2	-1.464	0.380	1.512
7.891	0.331	2.552E-2	0.332	6.855E-2	-3.092E-2	7.520E-2	-0.284	3.615E-2	0.286
7.908	0.332	2.515E-2	0.333	4.100E-2	-2.830E-2	4.982E-2	-1.550	0.333	1.585
7.925	0.333	2.458E-2	0.334	1.288E-2	-2.414E-2	2.736E-2	-0.678	0.310	0.746
7.941	0.333	2.434E-2	0.334	1.755E-2	-1.421E-2	2.258E-2	-0.301	0.345	0.458
7.958	0.333	2.410E-2	0.334	1.007E-2	-1.412E-2	1.734E-2	-0.994	-8.331E-2	0.997
7.975	0.333	2.387E-2	0.334	-2.119E-2	-1.653E-2	2.688E-2	-1.232	-0.469	1.318
7.991	0.333	2.355E-2	0.333	-3.180E-2	-2.911E-2	4.312E-2	-0.316	-0.124	0.340
8.008	0.332	2.290E-2	0.333	-2.981E-2	-2.514E-2	3.900E-2	0.429	0.418	0.599
8.025	0.332	2.271E-2	0.332	-1.889E-2	-9.957E-3	2.135E-2	-0.384	-0.776	0.866
8.041	0.331	2.257E-2	0.332	-3.596E-2	-4.716E-2	5.931E-2	0.168	-1.221	1.232
8.058	0.330	2.114E-2	0.331	-2.760E-2	-6.484E-2	7.047E-2	1.250	8.743E-2	1.253
8.075	0.331	2.040E-2	0.331	1.833E-2	-3.421E-2	3.881E-2	1.874	1.048	2.148
8.091	0.331	2.000E-2	0.332	3.230E-2	-2.931E-2	4.362E-2	1.333	-0.544	1.440
8.108	0.332	1.943E-2	0.332	5.906E-2	-5.257E-2	7.907E-2	1.202	-0.670	1.377
8.125	0.333	1.824E-2	0.334	7.898E-2	-5.805E-2	9.802E-2	0.493	0.431	0.655
8.141	0.334	1.749E-2	0.335	7.184E-2	-3.355E-2	7.929E-2	0.483	0.245	0.542
8.158	0.335	1.712E-2	0.336	9.113E-2	-4.506E-2	0.102	0.448	-0.419	0.614
8.175	0.337	1.599E-2	0.338	9.652E-2	-5.737E-2	0.112	-0.338	-0.501	0.604
8.192	0.339	1.521E-2	0.339	7.237E-2	-5.427E-2	9.046E-2	-1.501	0.194	1.513
8.208	0.340	1.417E-2	0.340	4.952E-2	-5.559E-2	7.445E-2	-1.238	-2.842E-2	1.238
8.225	0.340	1.335E-2	0.341	2.797E-2	-5.189E-2	5.895E-2	-0.813	7.606E-2	0.817
8.242	0.341	1.244E-2	0.341	2.326E-2	-5.473E-2	5.947E-2	-1.222	0.347	1.271
8.258	0.341	1.153E-2	0.341	-7.548E-3	-4.182E-2	4.249E-2	-0.407	0.336	0.528
8.275	0.340	1.105E-2	0.341	-4.197E-3	-3.840E-2	3.863E-2	-0.410	0.226	0.468
8.292	0.341	1.025E-2	0.341	-2.272E-3	-4.004E-2	4.011E-2	0.167	0.175	0.242
8.308	0.340	9.712E-3	0.340	-1.561E-2	-2.931E-2	3.321E-2	-1.665	-0.198	1.676
8.325	0.340	9.269E-3	0.341	-4.125E-2	-4.444E-2	6.064E-2	-0.356	-0.328	0.484
8.342	0.339	8.229E-3	0.339	-4.845E-2	-4.782E-2	6.807E-2	-0.218	-3.662E-2	0.221
8.358	0.339	7.673E-3	0.339	-2.879E-2	-3.826E-2	4.788E-2	2.429E-3	2.776E-2	2.786E-2
8.375	0.338	6.952E-3	0.338	-5.739E-2	-4.948E-2	7.577E-2	0.724	6.882E-2	0.727
8.392	0.337	6.022E-3	0.337	-1.295E-2	-3.939E-2	4.146E-2	2.394	-0.152	2.399
8.408	0.338	5.638E-3	0.338	4.002E-2	-4.574E-2	6.078E-2	2.469	-0.572	2.534
8.425	0.338	4.496E-3	0.338	5.810E-2	-6.746E-2	8.903E-2	0.693	-0.519	0.866
8.442	0.340	3.387E-3	0.340	7.032E-2	-6.040E-2	9.270E-2	0.833	0.221	0.862
8.458	0.341	2.481E-3	0.341	7.846E-2	-5.797E-2	9.756E-2	0.114	-0.203	0.233
8.475	0.342	1.453E-3	0.342	8.166E-2	-6.816E-2	0.106	0.238	3.731E-2	0.240
8.492	0.343	2.066E-4	0.343	7.897E-2	-6.016E-2	9.927E-2	-0.229	0.472	0.524
8.509	0.345	-5.544E-4	0.345	8.007E-2	-4.711E-2	9.290E-2	-0.650	0.797	1.029
8.525	0.346	-1.365E-3	0.346	5.545E-2	-3.764E-2	6.702E-2	-1.472	-0.210	1.487
8.542	0.347	-1.810E-3	0.347	2.931E-2	-4.777E-2	5.604E-2	-1.076	-0.355	1.133
8.559	0.347	-2.959E-3	0.347	1.875E-2	-5.857E-2	6.149E-2	-0.286	0.359	0.459
8.575	0.347	-3.765E-3	0.347	2.098E-2	-3.214E-2	3.838E-2	1.545E-3	1.061	1.061
8.592	0.348	-4.032E-3	0.348	1.989E-2	-1.953E-2	2.787E-2	-1.425	3.432E-2	1.426
8.609	0.348	-4.416E-3	0.348	-2.227E-2	-3.289E-2	3.973E-2	-1.063	-0.526	1.186
8.625	0.347	-5.129E-3	0.347	-3.057E-2	-3.982E-2	5.020E-2	-0.946	-0.297	0.992
8.642	0.347	-5.745E-3	0.347	-3.460E-2	-4.009E-2	5.296E-2	-3.713E-2	0.136	0.141
8.659	0.346	-6.467E-3	0.346	-4.896E-2	-3.746E-2	6.165E-2	-0.604	-9.496E-2	0.611
8.675	0.345	-6.995E-3	0.345	-4.211E-2	-3.994E-2	5.804E-2	1.407	0.204	1.422
8.692	0.344	-7.800E-3	0.344	-1.458E-2	-3.567E-2	3.853E-2	0.973	-0.245	1.004
8.709	0.345	-8.185E-3	0.345	6.770E-3	-4.080E-2	4.136E-2	1.499	-0.328	1.534
8.725	0.345	-9.161E-3	0.345	1.939E-2	-5.410E-2	5.747E-2	1.055	-7.074E-2	1.057
8.742	0.345	-9.990E-3	0.346	5.365E-2	-4.065E-2	6.732E-2	1.557	0.476	1.628
8.759	0.346	-1.052E-2	0.346	6.587E-2	-3.569E-2	7.492E-2	0.592	-0.245	0.640
8.775	0.348	-1.118E-2	0.348	7.600E-2	-4.983E-2	9.088E-2	0.661	-0.757	1.005
8.792	0.349	-1.218E-2	0.349	8.517E-2	-6.283E-2	0.106	-0.597	-6.649E-2	0.601
8.809	0.350	-1.328E-2	0.351	6.316E-2	-5.324E-2	8.260E-2	-0.554	5.125E-2	0.556
8.825	0.351	-1.396E-2	0.351	5.339E-2	-5.507E-2	7.671E-2	-0.567	0.115	0.578
8.842	0.352	-1.511E-2	0.353	5.733E-2	-5.707E-2	8.089E-2	8.648E-2	0.354	0.364
8.859	0.353	-1.586E-2	0.353	4.717E-2	-3.856E-2	6.093E-2	-0.779	0.534	0.945
8.876	0.354	-1.640E-2	0.354	3.824E-2	-3.839E-2	5.419E-2	-0.507	-0.191	0.542
8.892	0.354	-1.714E-2	0.355	2.423E-2	-4.711E-2	5.298E-2	-1.012	0.150	1.023
8.909	0.355	-1.797E-2	0.355	9.821E-3	-3.540E-2	3.673E-2	-1.196	0.583	1.330
8.926	0.354	-1.832E-2	0.355	-1.901E-2	-2.287E-2	2.974E-2	-1.408	-0.209	1.424
8.942	0.354	-1.874E-2	0.354	-3.737E-2	-4.247E-2	5.657E-2	-0.811	-0.825	1.157
8.959	0.353	-1.974E-2	0.354	-4.580E-2	-5.579E-2	7.218E-2	-0.817	-0.311	0.875
8.976	0.352	-2.060E-2	0.353	-6.235E-2	-4.939E-2	7.955E-2	0.521	0.356	0.631
8.992	0.351	-2.139E-2	0.352	-3.776E-2	-4.435E-2	5.825E-2	0.200	-0.150	0.250
9.009	0.351	-2.208E-2	0.352	-3.705E-2	-5.228E-2	6.408E-2	0.310	0.118	0.332
9.026	0.350	-2.313E-2	0.351	-4.782E-2	-4.637E-2	6.661E-2	1.222	0.250	1.247
9.042	0.350	-2.363E-2	0.350	1.234E-2	-3.657E-2	3.860E-2	2.084	0.216	2.095
9.059	0.350	-2.435E-2	0.351	2.937E-2	-4.357E-2	5.254E-2	1.635	-0.225	1.650
9.076	0.351	-2.508E-2	0.351	5.223E-2	-4.314E-2	6.775E-2	0.764	-2.127E-2	0.764
9.092	0.352	-2.579E-2	0.353	7.095E-2	-4.399E-2	8.348E-2	0.892	-0.498	1.021
9.109	0.353	-2.655E-2	0.354	6.835E-2	-5.830E-2	8.984E-2	0.168	-0.581	0.605
9.126	0.354	-2.774E-2	0.355	8.448E-2	-6.749E-2	0.108	9.156E-2	-0.308	0.321
9.142	0.356	-2.880E-2	0.357	7.047E-2	-6.535E-2	9.611E-2	-0.623	0.718	0.950
9.159	0.357	-2.992E-2	0.358	5.983E-2	-4.740E-2	7.633E-2	-0.731	0.361	0.815
9.176	0.358	-3.038E-2	0.359	5.027E-2	-4.498E-2	6.745E-2	-0.888	-0.212	0.913
9.193	0.358	-3.142E-2	0.360	2.800E-2	-6.221E-2	6.822E-2	-0.854	0.119	0.862
9.209	0.359	-3.246E-2	0.360	2.011E-2	-4.148E-2	4.610E-2	-0.543	1.140	1.263
9.226	0.359	-3.280E-2	0.361	1.343E-2	-1.857E-2	2.291E-2	-0.818	0.695	1.073
9.243	0.359	-3.308E-2	0.361	-8.391E-3	-2.008E-2	2.177E-2	-0.985	-0.592	1.149
9.259	0.359	-3.347E-2	0.360	-2.163E-2	-3.771E-2	4.347E-2	-1.155	-0.451	1.240
9.276	0.358	-3.433E-2	0.360	-4.246E-2	-4.020E-2	5.846E-2	-1.137	0.167	1.149
9.293	0.357	-3.481E-2	0.359	-6.491E-2	-2.714E-2	7.035E-2	-0.505	-0.104	0.515
9.309	0.356	-3.524E-2	0.358	-5.833E-2	-4.241E-2	7.212E-2	1.131	-0.290	1.168
9.326	0.355	-3.623E-2	0.357	-2.746E-2	-4.407E-2	5.192E-2	1.147	-0.223	1.168
9.343	0.355	-3.671E-2	0.357	-1.383E-2	-4.128E-2	4.354E-2	0.858	0.289	0.905
9.359	0.355	-3.761E-2	0.357	-6.613E-3	-4.187E-2	4.238E-2	1.130	0.188	1.145
9.376	0.355	-3.811E-2	0.357	2.696E-2	-2.987E-2	4.024E-2	1.567	-0.329	1.602
9.393	0.356	-3.860E-2	0.358	4.813E-2	-5.140E-2	7.042E-2	1.476	-0.584	1.587
9.409	0.357	-3.982E-2	0.359	7.165E-2	-5.775E-2	9.203E-2	0.373	0.214	0.430
9.426	0.358	-4.053E-2	0.361	6.917E-2	-3.751E-2	7.869E-2	0.637	0.315	0.711
9.443	0.359	-4.107E-2	0.361	7.885E-2	-4.608E-2	9.132E-2	-0.172	7.965E-2	0.189
9.459	0.361	-4.207E-2	0.363	8.039E-2	-4.193E-2	9.067E-2	-1.280	-0.168	1.291
9.476	0.362	-4.247E-2	0.364	2.602E-2	-4.217E-2	4.955E-2	-0.872	-0.258	0.910
9.493	0.362	-4.347E-2	0.364	4.320E-2	-5.842E-2	7.266E-2	-0.234	-0.184	0.298
9.510	0.363	-4.442E-2	0.366	3.950E-2	-4.673E-2	6.119E-2	-0.908	0.268	0.947
9.526	0.363	-4.503E-2	0.366	-5.480E-3	-4.557E-2	4.590E-2	-1.675	0.160	1.683
9.543	0.363	-4.594E-2	0.366	-9.725E-3	-4.650E-2	4.751E-2	-0.147	0.848	0.860
9.560	0.363	-4.659E-2	0.366	-1.157E-2	-1.684E-2	2.043E-2	9.749E-2	1.049	1.054
9.576	0.363	-4.650E-2	0.366	-6.003E-3	-5.025E-3	7.828E-3	-1.001	-0.628	1.181
9.593	0.363	-4.675E-2	0.366	-3.888E-2	-4.010E-2	5.585E-2	-1.433	-1.197	1.868
9.610	0.361	-4.784E-2	0.364	-6.620E-2	-5.258E-2	8.454E-2	-0.787	-0.548	0.959
9.626	0.360	-4.851E-2	0.364	-5.718E-2	-4.975E-2	7.579E-2	0.664	0.655	0.933
9.643	0.359	-4.950E-2	0.363	-4.697E-2	-3.841E-2	6.067E-2	1.507	-1.540E-2	1.507
9.660	0.359	-4.979E-2	0.362	-7.914E-3	-3.958E-2	4.036E-2	1.087	-0.260	1.118
9.676	0.359	-5.082E-2	0.363	-9.844E-4	-5.720E-2	5.721E-2	0.956	-0.856	1.283
9.693	0.359	-5.170E-2	0.362	9.213E-3	-6.219E-2	6.287E-2	1.268	0.200	1.284
9.710	0.359	-5.290E-2	0.363	5.193E-2	-5.626E-2	7.656E-2	1.984	8.201E-2	1.985
9.726	0.360	-5.357E-2	0.364	7.260E-2	-5.194E-2	8.927E-2	0.562	0.185	0.592
9.743	0.362	-5.463E-2	0.366	7.320E-2	-5.655E-2	9.250E-2	-0.103	0.181	0.208
9.760	0.363	-5.546E-2	0.367	6.504E-2	-4.328E-2	7.812E-2	-0.460	-0.332	0.567
9.776	0.364	-5.608E-2	0.368	6.026E-2	-6.300E-2	8.718E-2	-0.351	-0.313	0.471
9.793	0.365	-5.756E-2	0.369	5.191E-2	-6.553E-2	8.360E-2	-0.809	0.123	0.818
9.810	0.366	-5.826E-2	0.370	3.534E-2	-4.756E-2	5.926E-2	-1.349	0.651	1.498
9.826	0.366	-5.915E-2	0.371	5.537E-3	-4.937E-2	4.968E-2	-1.150	-0.245	1.176
9.843	0.366	-5.991E-2	0.371	-6.164E-3	-5.276E-2	5.312E-2	-0.374	1.104E-2	0.374
9.860	0.366	-6.091E-2	0.371	-3.309E-3	-5.269E-2	5.280E-2	-0.353	0.224	0.418
9.877	0.366	-6.167E-2	0.371	-1.711E-2	-4.255E-2	4.586E-2	-0.649	9.347E-2	0.655
9.893	0.365	-6.233E-2	0.371	-2.850E-2	-4.857E-2	5.632E-2	-2.051	-0.125	2.054
9.910	0.365	-6.329E-2	0.370	-7.642E-2	-5.059E-2	9.165E-2	-0.754	-0.313	0.816
9.927	0.363	-6.402E-2	0.368	-7.502E-2	-5.430E-2	9.261E-2	0.560	0.279	0.626
9.943	0.362	-6.510E-2	0.368	-3.486E-2	-4.768E-2	5.907E-2	1.735	0.509	1.808
9.960	0.362	-6.561E-2	0.368	-2.950E-2	-3.088E-2	4.271E-2	0.403	-0.419	0.582
9.977	0.361	-6.613E-2	0.367	-1.527E-2	-6.007E-2	6.199E-2	1.194	-0.817	1.447
9.993	0.361	-6.761E-2	0.367	4.652E-3	-6.917E-2	6.933E-2	2.275	-0.114	2.278
10.010	0.362	-6.844E-2	0.368	6.182E-2	-5.353E-2	8.177E-2	1.817	0.607	1.916
10.027	0.363	-6.940E-2	0.370	7.561E-2	-5.350E-2	9.262E-2	0.229	-2.036E-2	0.230
10.043	0.364	-7.022E-2	0.371	5.747E-2	-5.204E-2	7.754E-2	-0.135	-0.276	0.307
10.060	0.365	-7.114E-2	0.372	7.363E-2	-6.290E-2	9.684E-2	0.534	-0.530	0.752
10.077	0.367	-7.232E-2	0.374	7.919E-2	-7.160E-2	0.107	0.309	-4.566E-2	0.313
10.093	0.368	-7.353E-2	0.375	7.932E-2	-6.450E-2	0.102	-0.540	0.149	0.561
10.110	0.369	-7.447E-2	0.377	6.682E-2	-6.343E-2	9.213E-2	-1.270	0.288	1.302
10.127	0.370	-7.564E-2	0.378	3.258E-2	-5.936E-2	6.771E-2	-1.291	0.449	1.367
10.143	0.370	-7.646E-2	0.378	2.166E-2	-4.502E-2	4.996E-2	-0.955	-8.388E-2	0.958
10.160	0.371	-7.714E-2	0.379	6.706E-3	-5.995E-2	6.032E-2	-0.157	-0.445	0.472
10.177	0.370	-7.846E-2	0.379	7.593E-3	-6.735E-2	6.777E-2	-0.886	0.224	0.914
10.194	0.371	-7.939E-2	0.379	-9.246E-3	-4.779E-2	4.868E-2	-0.859	0.548	1.019
10.210	0.370	-8.005E-2	0.379	-3.583E-2	-4.719E-2	5.925E-2	-1.023	-6.136E-3	1.023
10.227	0.370	-8.097E-2	0.378	-3.407E-2	-5.182E-2	6.202E-2	-0.135	-0.312	0.340
10.244	0.369	-8.178E-2	0.378	-4.393E-2	-5.476E-2	7.021E-2	-0.600	-0.279	0.661
10.260	0.368	-8.279E-2	0.377	-5.234E-2	-6.298E-2	8.189E-2	-8.090E-2	-0.318	0.329
10.277	0.367	-8.388E-2	0.377	-4.973E-2	-6.516E-2	8.197E-2	1.136	-0.192	1.152
10.294	0.367	-8.497E-2	0.376	-1.444E-2	-6.858E-2	7.009E-2	1.692	-0.200	1.704
10.310	0.367	-8.617E-2	0.377	1.258E-2	-7.273E-2	7.381E-2	1.491	-4.796E-2	1.492
10.327	0.367	-8.739E-2	0.377	2.971E-2	-7.033E-2	7.635E-2	1.501	0.652	1.637
10.344	0.368	-8.852E-2	0.378	6.437E-2	-5.216E-2	8.285E-2	1.581	0.154	1.589
10.360	0.369	-8.913E-2	0.380	8.525E-2	-5.829E-2	0.103	1.284	-9.639E-2	1.288
10.377	0.371	-9.046E-2	0.382	0.103	-6.558E-2	0.122	6.926E-2	-0.342	0.349
10.394	0.373	-9.132E-2	0.384	9.504E-2	-6.131E-2	0.113	-1.035	-0.255	1.066
10.410	0.374	-9.251E-2	0.385	6.099E-2	-7.784E-2	9.889E-2	-1.450	-0.356	1.493
10.427	0.375	-9.392E-2	0.386	4.738E-2	-7.513E-2	8.883E-2	-0.386	0.420	0.571
10.444	0.375	-9.501E-2	0.387	4.823E-2	-6.078E-2	7.759E-2	3.493E-2	0.234	0.237
10.460	0.376	-9.595E-2	0.388	5.031E-2	-6.591E-2	8.291E-2	-0.179	0.182	0.256
10.477	0.377	-9.721E-2	0.389	4.213E-2	-6.041E-2	7.365E-2	-0.701	0.381	0.798
10.494	0.378	-9.796E-2	0.390	2.661E-2	-4.707E-2	5.407E-2	-1.119	2.990E-2	1.119
10.511	0.378	-9.878E-2	0.391	4.935E-3	-6.057E-2	6.077E-2	-0.858	4.236E-2	0.859
10.527	0.378	-9.998E-2	0.391	-4.726E-3	-5.155E-2	5.176E-2	-0.726	0.188	0.750
10.544	0.378	-0.101	0.391	-1.478E-2	-4.487E-2	4.724E-2	-1.034	-0.431	1.121
10.561	0.377	-0.101	0.391	-4.142E-2	-7.102E-2	8.222E-2	-0.442	-0.441	0.624
10.577	0.376	-0.103	0.390	-3.450E-2	-6.393E-2	7.264E-2	2.502E-2	0.111	0.114
10.594	0.376	-0.104	0.390	-3.041E-2	-5.803E-2	6.551E-2	0.446	-8.064E-2	0.453
10.611	0.375	-0.105	0.390	-2.972E-2	-7.307E-2	7.889E-2	0.834	-0.199	0.858
10.627	0.375	-0.106	0.390	2.538E-3	-6.456E-2	6.461E-2	1.496	0.421	1.554
10.644	0.375	-0.107	0.390	2.150E-2	-5.580E-2	5.980E-2	1.477	-0.122	1.482
10.661	0.376	-0.108	0.391	4.758E-2	-6.873E-2	8.359E-2	1.162	-0.378	1.222
10.677	0.377	-0.109	0.393	6.654E-2	-7.269E-2	9.855E-2	1.072	0.360	1.131
10.694	0.378	-0.110	0.394	7.725E-2	-5.434E-2	9.445E-2	0.491	0.230	0.542
10.711	0.380	-0.111	0.396	8.785E-2	-6.067E-2	0.107	0.667	-0.502	0.835
10.727	0.381	-0.112	0.397	9.505E-2	-7.744E-2	0.123	-2.184E-2	-0.496	0.496
10.744	0.383	-0.114	0.399	9.249E-2	-7.507E-2	0.119	-0.465	0.237	0.522
10.761	0.384	-0.115	0.401	7.491E-2	-6.941E-2	0.102	-0.551	0.109	0.562
10.777	0.385	-0.116	0.402	7.416E-2	-7.018E-2	0.102	-0.178	9.332E-2	0.201
10.794	0.387	-0.117	0.404	7.157E-2	-6.878E-2	9.926E-2	-0.992	0.342	1.049
10.811	0.388	-0.118	0.405	4.205E-2	-5.741E-2	7.117E-2	-1.292	0.743	1.490
10.827	0.388	-0.119	0.406	2.225E-2	-4.421E-2	4.949E-2	-1.257	0.186	1.271
10.844	0.388	-0.120	0.406	7.051E-3	-4.827E-2	4.879E-2	-0.802	-0.254	0.841
10.861	0.388	-0.121	0.407	-1.047E-2	-5.736E-2	5.831E-2	-1.157	-0.300	1.195
10.878	0.388	-0.122	0.407	-2.619E-2	-5.584E-2	6.168E-2	-0.615	-7.304E-2	0.620
10.894	0.387	-0.123	0.406	-3.683E-2	-5.993E-2	7.035E-2	-7.120E-3	-0.222	0.222
10.911	0.387	-0.124	0.406	-2.332E-2	-6.394E-2	6.805E-2	0.806	-0.234	0.840
10.928	0.387	-0.125	0.406	-9.612E-3	-6.716E-2	6.784E-2	1.048	-3.215E-2	1.049
10.944	0.387	-0.126	0.407	1.047E-2	-6.609E-2	6.692E-2	0.924	-1.177E-2	0.924
10.961	0.387	-0.127	0.407	2.423E-2	-6.575E-2	7.007E-2	0.923	0.327	0.979
10.978	0.387	-0.128	0.408	3.744E-2	-5.813E-2	6.914E-2	0.835	-1.670E-2	0.836
10.994	0.388	-0.129	0.409	5.521E-2	-6.085E-2	8.216E-2	1.702	-0.383	1.744
11.011	0.389	-0.130	0.410	8.942E-2	-7.606E-2	0.117	1.608	-0.207	1.622
11.028	0.391	-0.131	0.413	0.117	-6.775E-2	0.135	0.165	3.090E-3	0.165
11.044	0.393	-0.132	0.415	9.320E-2	-7.096E-2	0.117	-0.244	-0.162	0.293
11.061	0.394	-0.134	0.416	9.898E-2	-7.908E-2	0.127	-6.888E-2	0.426	0.432
11.078	0.396	-0.135	0.419	0.105	-5.596E-2	0.119	-0.470	0.465	0.661
11.094	0.398	-0.136	0.420	7.449E-2	-5.650E-2	9.350E-2	-0.835	-0.114	0.843
11.111	0.399	-0.137	0.422	7.611E-2	-6.857E-2	0.102	-1.113	-3.514E-2	1.113
11.128	0.400	-0.138	0.423	4.726E-2	-5.428E-2	7.197E-2	-1.544	0.143	1.551
11.144	0.400	-0.139	0.424	1.134E-2	-6.051E-2	6.156E-2	-1.291	0.138	1.298
11.161	0.401	-0.140	0.424	1.128E-2	-5.726E-2	5.837E-2	-0.484	-0.157	0.509
11.178	0.401	-0.141	0.425	-4.544E-3	-5.646E-2	5.665E-2	-0.652	0.176	0.675
11.195	0.401	-0.142	0.425	-1.392E-2	-6.036E-2	6.195E-2	-0.786	-0.479	0.920
11.211	0.400	-0.143	0.425	-2.600E-2	-6.416E-2	6.923E-2	-0.210	0.288	0.356
11.228	0.400	-0.144	0.425	-2.758E-2	-6.013E-2	6.616E-2	-0.550	-0.235	0.598
11.245	0.399	-0.145	0.425	-3.533E-2	-6.083E-2	7.035E-2	0.306	6.673E-2	0.313
11.261	0.399	-0.146	0.424	-2.926E-2	-6.873E-2	7.470E-2	0.575	-0.122	0.588
11.278	0.398	-0.147	0.425	-4.902E-3	-5.780E-2	5.801E-2	1.404	0.464	1.479
11.295	0.398	-0.148	0.425	1.028E-2	-5.630E-2	5.723E-2	1.635	-0.119	1.640
11.311	0.399	-0.149	0.426	5.189E-2	-5.941E-2	7.888E-2	2.207	-0.263	2.222
11.328	0.400	-0.150	0.427	8.646E-2	-6.742E-2	0.110	1.251	-0.764	1.466
11.345	0.402	-0.151	0.429	9.396E-2	-8.228E-2	0.125	-2.683E-2	-0.282	0.283
11.361	0.403	-0.153	0.431	8.390E-2	-8.251E-2	0.118	-0.112	-4.569E-2	0.121
11.378	0.405	-0.154	0.433	8.745E-2	-7.688E-2	0.116	-0.198	0.375	0.424
11.395	0.406	-0.155	0.435	8.314E-2	-7.549E-2	0.112	-0.704	0.535	0.884
11.411	0.407	-0.156	0.436	5.971E-2	-5.664E-2	8.230E-2	-0.912	0.980	1.339
11.428	0.408	-0.157	0.437	5.197E-2	-4.208E-2	6.687E-2	-0.567	-0.287	0.636
11.445	0.409	-0.158	0.438	4.381E-2	-6.255E-2	7.637E-2	-0.927	-0.697	1.160
11.461	0.410	-0.159	0.439	2.017E-2	-7.514E-2	7.780E-2	-1.295	-0.300	1.329
11.478	0.410	-0.160	0.440	-1.085E-3	-6.488E-2	6.489E-2	-0.699	0.686	0.980
11.495	0.410	-0.161	0.440	-3.794E-3	-5.641E-2	5.654E-2	-0.820	0.619	1.028
11.512	0.410	-0.162	0.440	-2.284E-2	-4.127E-2	4.716E-2	-1.058	-4.067E-2	1.059
11.528	0.409	-0.163	0.440	-4.639E-2	-5.556E-2	7.238E-2	-0.773	-0.822	1.129
11.545	0.408	-0.164	0.440	-4.548E-2	-7.446E-2	8.725E-2	9.410E-2	-0.353	0.366
11.562	0.407	-0.165	0.440	-4.312E-2	-6.614E-2	7.896E-2	0.806	0.124	0.815
11.578	0.407	-0.166	0.439	-2.130E-2	-6.641E-2	6.974E-2	0.981	-0.210	1.003
11.595	0.407	-0.167	0.440	-4.232E-3	-7.682E-2	7.694E-2	1.151	-0.436	1.230
11.612	0.406	-0.169	0.440	1.057E-2	-7.979E-2	8.049E-2	1.524	-7.433E-2	1.526
11.628	0.407	-0.170	0.441	4.939E-2	-7.983E-2	9.387E-2	1.504	0.169	1.514
11.645	0.408	-0.171	0.443	6.479E-2	-7.403E-2	9.838E-2	0.680	0.583	0.896
11.662	0.409	-0.173	0.444	6.665E-2	-6.073E-2	9.017E-2	0.481	-6.232E-2	0.485
11.678	0.410	-0.173	0.445	8.236E-2	-7.128E-2	0.109	0.713	-0.938	1.178
11.695	0.412	-0.175	0.447	9.180E-2	-9.796E-2	0.134	-0.193	-0.207	0.283
11.712	0.413	-0.177	0.450	7.712E-2	-8.081E-2	0.112	-0.921	0.752	1.190
11.728	0.414	-0.178	0.451	5.717E-2	-6.392E-2	8.576E-2	-0.682	0.115	0.692
11.745	0.415	-0.179	0.452	5.495E-2	-8.108E-2	9.795E-2	-0.643	-6.176E-2	0.645
11.762	0.416	-0.180	0.454	3.955E-2	-7.068E-2	8.100E-2	-0.882	0.202	0.905
11.778	0.417	-0.181	0.454	2.035E-2	-6.504E-2	6.815E-2	-0.820	0.418	0.920
11.795	0.417	-0.183	0.455	1.486E-2	-6.580E-2	6.746E-2	-0.580	0.112	0.591
11.812	0.417	-0.183	0.456	1.433E-3	-5.482E-2	5.484E-2	-0.936	0.699	1.168
11.828	0.417	-0.184	0.456	-1.719E-2	-4.685E-2	4.991E-2	-1.152	-0.375	1.211
11.845	0.417	-0.185	0.456	-3.678E-2	-6.033E-2	7.066E-2	-0.881	-0.588	1.059
11.862	0.416	-0.186	0.456	-4.812E-2	-7.619E-2	9.012E-2	6.865E-2	0.186	0.198
11.879	0.415	-0.188	0.455	-3.524E-2	-5.065E-2	6.170E-2	0.454	0.236	0.511
11.895	0.415	-0.188	0.455	-2.797E-2	-6.078E-2	6.691E-2	0.567	-0.204	0.602
11.912	0.414	-0.190	0.455	-2.197E-2	-7.019E-2	7.355E-2	0.896	-0.297	0.944
11.929	0.414	-0.190	0.456	4.470E-3	-6.058E-2	6.075E-2	1.803	0.122	1.807
11.945	0.414	-0.192	0.456	3.762E-2	-7.069E-2	8.008E-2	1.675	-0.424	1.728
11.962	0.415	-0.193	0.458	6.301E-2	-7.393E-2	9.714E-2	0.909	7.093E-2	0.912
11.979	0.416	-0.194	0.459	6.723E-2	-6.926E-2	9.652E-2	1.086E-2	0.461	0.461
11.995	0.417	-0.195	0.461	6.237E-2	-5.751E-2	8.483E-2	0.322	-0.431	0.538
12.012	0.418	-0.196	0.462	7.517E-2	-7.894E-2	0.109	0.818	-0.526	0.973
12.029	0.420	-0.198	0.464	9.413E-2	-8.649E-2	0.128	0.224	-4.126E-2	0.227
12.045	0.421	-0.199	0.466	8.331E-2	-7.030E-2	0.109	-0.391	1.017	1.090
12.062	0.423	-0.200	0.468	7.568E-2	-5.854E-2	9.568E-2	-0.957	0.306	1.005
12.079	0.424	-0.201	0.469	5.857E-2	-5.374E-2	7.949E-2	-0.981	0.185	0.998
12.095	0.425	-0.202	0.470	3.527E-2	-5.838E-2	6.820E-2	-1.158	-0.200	1.176
12.112	0.425	-0.203	0.471	2.486E-2	-5.668E-2	6.189E-2	-0.763	-9.306E-2	0.769
12.129	0.425	-0.204	0.472	7.667E-3	-6.316E-2	6.362E-2	-0.705	4.823E-2	0.707
12.145	0.425	-0.205	0.472	9.926E-4	-5.645E-2	5.646E-2	-0.464	1.063	1.159
12.162	0.425	-0.206	0.473	-5.939E-3	-2.760E-2	2.824E-2	-1.297	1.845	2.255
12.179	0.425	-0.206	0.472	-4.029E-2	7.304E-3	4.095E-2	-1.192	2.154	2.462
12.196	0.424	-0.205	0.471	-5.450E-2	4.285E-2	6.933E-2	-0.268	2.210	2.226
12.212	0.423	-0.204	0.470	-4.144E-2	8.205E-2	9.192E-2	0.597	2.039	2.124
12.229	0.423	-0.203	0.469	-3.721E-2	0.112	0.118	0.354	0.501	0.613
12.246	0.422	-0.201	0.467	-2.886E-2	0.102	0.106	0.787	-0.725	1.071
12.262	0.422	-0.199	0.466	-1.229E-2	8.030E-2	8.124E-2	1.832	-0.628	1.936
12.279	0.422	-0.198	0.466	3.098E-2	8.317E-2	8.875E-2	1.799	-0.670	1.919
12.296	0.423	-0.196	0.466	5.549E-2	6.281E-2	8.381E-2	0.938	-0.803	1.235
12.312	0.424	-0.196	0.467	5.535E-2	4.749E-2	7.294E-2	0.613	-1.006	1.178
12.329	0.425	-0.195	0.467	7.634E-2	3.803E-2	8.529E-2	0.390	-0.542	0.668
12.346	0.426	-0.195	0.468	7.429E-2	2.234E-2	7.757E-2	-0.215	-0.526	0.569
12.362	0.427	-0.194	0.469	6.148E-2	2.413E-2	6.605E-2	0.811	1.758E-3	0.811
12.379	0.428	-0.194	0.470	0.100	2.182E-2	0.102	0.357	-0.387	0.527
12.396	0.430	-0.193	0.472	8.907E-2	1.226E-2	8.991E-2	-0.893	-0.373	0.967
12.412	0.431	-0.193	0.473	5.137E-2	6.744E-3	5.182E-2	-1.184	5.986E-2	1.186
12.429	0.432	-0.193	0.473	5.834E-2	1.545E-2	6.035E-2	-0.512	4.489E-2	0.514
12.446	0.433	-0.193	0.474	3.606E-2	1.096E-2	3.769E-2	-1.165	-0.238	1.189
12.462	0.433	-0.193	0.474	1.355E-2	3.342E-3	1.396E-2	-1.144	-0.389	1.209
12.479	0.434	-0.193	0.474	2.175E-3	9.328E-4	2.366E-3	-0.509	-4.174E-2	0.510
12.496	0.433	-0.193	0.474	-6.510E-3	-4.205E-4	6.523E-3	-0.660	7.211E-2	0.664
12.513	0.433	-0.193	0.474	-1.623E-2	4.905E-3	1.696E-2	-0.143	7.355E-2	0.161
12.529	0.433	-0.193	0.474	-1.643E-2	2.523E-3	1.662E-2	0.266	-0.102	0.284
12.546	0.433	-0.193	0.474	-2.843E-3	-4.635E-5	2.843E-3	0.630	-0.477	0.791
12.563	0.433	-0.193	0.474	3.135E-3	-1.071E-2	1.116E-2	0.516	-0.546	0.751
12.579	0.433	-0.193	0.474	1.404E-2	-2.201E-2	2.611E-2	1.256	-0.257	1.283
12.596	0.433	-0.193	0.474	4.344E-2	-1.783E-2	4.696E-2			
12.613	0.434	-0.194	0.476						
