	mass A									
t	x	y	r	vx	vy	v	ax	ay	a	
0.000	-1.231E-3	2.832E-3	3.088E-3						
0.017	-5.262E-3	3.069E-3	6.091E-3	-0.230	1.411E-2	0.230			
0.033	-8.895E-3	3.303E-3	9.488E-3	-0.107	3.897E-2	0.114	5.358	1.479	5.559
0.050	-8.841E-3	4.370E-3	9.862E-3	-1.800E-2	6.978E-2	7.206E-2	2.330	1.256	2.647
0.067	-9.495E-3	5.631E-3	1.104E-2	-4.985E-2	7.856E-2	9.304E-2	-0.966	0.877	1.304
0.083	-1.050E-2	6.991E-3	1.262E-2	-5.152E-2	9.684E-2	0.110	0.125	0.785	0.795
0.100	-1.121E-2	8.862E-3	1.429E-2	-4.172E-2	0.109	0.117	-0.242	0.213	0.322
0.117	-1.190E-2	1.063E-2	1.596E-2	-5.816E-2	0.102	0.117	4.107	0.636	4.156
0.133	-1.316E-2	1.225E-2	1.798E-2	6.955E-2	0.125	0.143	2.704	0.560	2.761
0.150	-9.576E-3	1.482E-2	1.764E-2	9.328E-2	0.132	0.162	-1.240	-0.276	1.270
0.167	-1.004E-2	1.666E-2	1.945E-2	-2.729E-2	0.106	0.110	-4.238	-1.218	4.409
0.184	-1.049E-2	1.837E-2	2.115E-2	-3.009E-2	9.462E-2	9.929E-2	0.887	-0.613	1.078
0.200	-1.105E-2	1.982E-2	2.269E-2	-3.148E-3	8.458E-2	8.464E-2	1.184	-0.384	1.245
0.217	-1.059E-2	2.119E-2	2.369E-2	1.971E-2	8.237E-2	8.469E-2	-4.270	-0.894	4.363
0.234	-1.039E-2	2.256E-2	2.484E-2	-0.132	5.843E-2	0.144	-2.887	-0.824	3.002
0.250	-1.498E-2	2.314E-2	2.757E-2	-0.136	4.641E-2	0.144	-2.366	-0.920	2.539
0.267	-1.494E-2	2.411E-2	2.837E-2	-0.131	3.747E-2	0.136	-1.552	-0.644	1.681
0.284	-1.936E-2	2.439E-2	3.114E-2	-0.249	1.723E-2	0.249	-2.631	-0.849	2.764
0.300	-2.324E-2	2.469E-2	3.390E-2	-0.200	1.293E-2	0.200	6.119	0.621	6.150
0.317	-2.603E-2	2.482E-2	3.597E-2	-5.378E-2	3.297E-2	6.308E-2	2.680	0.439	2.715
0.334	-2.503E-2	2.579E-2	3.594E-2	-6.480E-2	3.818E-2	7.521E-2	-2.636	-0.364	2.661
0.350	-2.819E-2	2.610E-2	3.842E-2	-0.193	1.254E-2	0.194	-1.477	2.644E-2	1.478
0.367	-3.148E-2	2.621E-2	4.096E-2	-0.110	3.594E-2	0.115	4.243	1.845	4.627
0.384	-3.186E-2	2.730E-2	4.195E-2	-2.575E-2	8.112E-2	8.511E-2	2.660	1.696	3.154
0.400	-3.233E-2	2.891E-2	4.338E-2	-3.357E-2	9.334E-2	9.919E-2	-0.720	0.836	1.103
0.417	-3.298E-2	3.041E-2	4.486E-2	-4.919E-2	0.104	0.115	-0.806	0.257	0.846
0.434	-3.398E-2	3.238E-2	4.693E-2	-6.250E-2	0.108	0.125	3.975	0.907	4.077
0.450	-3.506E-2	3.401E-2	4.885E-2	6.560E-2	0.125	0.141	2.551	0.436	2.588
0.467	-3.179E-2	3.656E-2	4.844E-2	7.727E-2	0.134	0.155	-0.447	-0.593	0.743
0.484	-3.248E-2	3.849E-2	5.036E-2	-6.934E-3	9.875E-2	9.899E-2	-2.560	-1.372	2.904
0.501	-3.202E-2	3.985E-2	5.112E-2	1.990E-2	8.566E-2	8.794E-2	1.256	-0.329	1.298
0.517	-3.182E-2	4.135E-2	5.217E-2	2.579E-2	9.112E-2	9.470E-2	-3.883	-1.163	4.053
0.534	-3.116E-2	4.289E-2	5.301E-2	-8.657E-2	5.246E-2	0.101	-5.238	-2.030	5.617
0.551	-3.471E-2	4.310E-2	5.533E-2	-0.190	1.178E-2	0.191	-3.193	-1.597	3.570
0.567	-3.751E-2	4.328E-2	5.727E-2	-0.169	5.583E-3	0.169	0.774	-0.111	0.782
0.584	-4.033E-2	4.328E-2	5.916E-2	-0.168	5.696E-3	0.168	0.276	-0.229	0.358
0.601	-4.311E-2	4.347E-2	6.123E-2	-0.160	1.785E-3	0.160	0.746	-0.350	0.824
0.617	-4.566E-2	4.334E-2	6.296E-2	-0.143	-9.371E-3	0.143	1.467	-0.350	1.508
0.634	-4.788E-2	4.316E-2	6.446E-2	-0.112	-9.159E-3	0.112	0.852	0.221	0.880
0.651	-4.940E-2	4.304E-2	6.551E-2	-0.108	-2.086E-3	0.108	-0.700	0.313	0.767
0.667	-5.147E-2	4.309E-2	6.712E-2	-0.141	2.689E-3	0.141	-1.473	0.525	1.564
0.684	-5.409E-2	4.313E-2	6.918E-2	-0.159	1.294E-2	0.159	2.327	1.297	2.664
0.701	-5.677E-2	4.352E-2	7.153E-2	-7.348E-2	4.601E-2	8.670E-2	4.577	1.657	4.867
0.717	-5.654E-2	4.466E-2	7.205E-2	1.834E-2	7.242E-2	7.470E-2	2.497	1.334	2.831
0.734	-5.615E-2	4.594E-2	7.255E-2	1.755E-3	8.707E-2	8.708E-2	-0.532	0.557	0.770
0.751	-5.648E-2	4.757E-2	7.384E-2	-7.818E-3	9.389E-2	9.421E-2	-0.121	0.411	0.428
0.767	-5.642E-2	4.907E-2	7.477E-2	4.060E-3	9.725E-2	9.733E-2	0.682	-0.173	0.703
0.784	-5.634E-2	5.081E-2	7.587E-2	1.218E-2	9.233E-2	9.313E-2	0.946	-0.228	0.973
0.801	-5.601E-2	5.215E-2	7.653E-2	3.564E-2	8.466E-2	9.186E-2	2.774	-0.489	2.817
0.817	-5.516E-2	5.364E-2	7.693E-2	0.101	8.015E-2	0.129	-2.025	-1.116	2.312
0.834	-5.264E-2	5.483E-2	7.601E-2	1.399E-3	4.772E-2	4.774E-2	-5.029	-1.708	5.311
0.851	-5.511E-2	5.523E-2	7.802E-2	-0.121	1.844E-2	0.122	-3.494	-1.410	3.767
0.868	-5.666E-2	5.544E-2	7.928E-2	-8.691E-2	3.782E-3	8.699E-2	1.428	-0.795	1.634
0.884	-5.801E-2	5.535E-2	8.018E-2	-7.573E-2	-9.305E-3	7.630E-2	0.144	-0.565	0.583
0.901	-5.919E-2	5.513E-2	8.089E-2	-8.025E-2	-1.472E-2	8.159E-2	-3.229	-1.200	3.445
0.918	-6.069E-2	5.486E-2	8.181E-2	-0.175	-4.504E-2	0.180	-1.150	-0.308	1.190
0.934	-6.502E-2	5.363E-2	8.428E-2	-0.156	-3.815E-2	0.161	-0.573	-0.615	0.841
0.951	-6.590E-2	5.359E-2	8.494E-2	-0.140	-4.509E-2	0.147	2.327	0.499	2.380
0.968	-6.968E-2	5.213E-2	8.702E-2	-0.132	-4.494E-2	0.139	1.728	0.379	1.769
0.984	-7.030E-2	5.209E-2	8.750E-2	-4.191E-2	-1.257E-2	4.375E-2	1.820	1.451	2.328
1.001	-7.108E-2	5.171E-2	8.790E-2	-8.112E-2	-7.838E-3	8.150E-2	-1.815	0.423	1.864
1.018	-7.301E-2	5.183E-2	8.953E-2	-0.112	7.414E-3	0.112	-1.778	0.692	1.908
1.034	-7.482E-2	5.195E-2	9.109E-2	-0.131	1.238E-2	0.132	1.738	1.053	2.033
1.051	-7.739E-2	5.224E-2	9.337E-2	-7.264E-2	4.064E-2	8.323E-2	4.167	1.941	4.597
1.068	-7.724E-2	5.331E-2	9.385E-2	3.102E-2	8.071E-2	8.647E-2	0.585	0.346	0.679
1.084	-7.635E-2	5.494E-2	9.406E-2	-4.442E-2	5.912E-2	7.395E-2	-1.134	-6.481E-2	1.135
1.101	-7.873E-2	5.528E-2	9.620E-2	-5.095E-2	5.964E-2	7.844E-2	1.571	2.119E-2	1.571
1.118	-7.805E-2	5.693E-2	9.661E-2	4.706E-2	7.918E-2	9.211E-2	1.702	-0.212	1.715
1.134	-7.716E-2	5.792E-2	9.648E-2	2.137E-3	4.379E-2	4.385E-2	-2.381	-2.095	3.172
1.151	-7.798E-2	5.839E-2	9.742E-2	-4.833E-2	9.989E-3	4.935E-2	-1.952	-1.122	2.251
1.168	-7.877E-2	5.826E-2	9.797E-2	-5.422E-2	2.166E-3	5.427E-2	-8.671E-2	-0.671	0.677
1.185	-7.979E-2	5.846E-2	9.892E-2	-5.444E-2	-4.639E-3	5.464E-2	0.301	-0.178	0.349
1.201	-8.059E-2	5.810E-2	9.935E-2	-4.197E-2	-1.139E-2	4.349E-2	-2.966	-1.596	3.368
1.218	-8.119E-2	5.808E-2	9.983E-2	-0.138	-4.623E-2	0.146	-4.691	-1.570	4.947
1.235	-8.520E-2	5.656E-2	0.102	-0.230	-7.963E-2	0.243	0.228	-0.472	0.524
1.251	-8.886E-2	5.542E-2	0.105	-0.127	-5.429E-2	0.138	2.721	0.723	2.815
1.268	-8.942E-2	5.475E-2	0.105	-0.104	-5.158E-2	0.116	-0.494	-0.357	0.609
1.285	-9.233E-2	5.370E-2	0.107	-0.176	-7.031E-2	0.190	0.239	-0.180	0.299
1.301	-9.530E-2	5.240E-2	0.109	-9.780E-2	-6.059E-2	0.115	0.978	0.334	1.034
1.318	-9.559E-2	5.168E-2	0.109	-0.107	-5.193E-2	0.119	0.323	1.387	1.424
1.335	-9.888E-2	5.067E-2	0.111	-0.133	-2.438E-2	0.136	-0.857	1.215	1.487
1.351	-0.100	5.087E-2	0.112	-0.100	1.618E-3	0.101	4.153	2.121	4.663
1.368	-0.102	5.072E-2	0.114	-2.769E-2	3.247E-2	4.267E-2	0.596	0.662	0.891
1.385	-0.101	5.195E-2	0.114	-3.107E-2	4.143E-2	5.178E-2	1.359	1.192	1.807
1.401	-0.103	5.211E-2	0.116	-4.173E-2	5.124E-2	6.609E-2	1.617	0.984	1.893
1.418	-0.102	5.366E-2	0.116	6.452E-2	9.107E-2	0.112	1.047	-7.065E-2	1.050
1.435	-0.101	5.514E-2	0.115	-6.406E-3	4.818E-2	4.860E-2	-3.636	-2.267	4.285
1.451	-0.103	5.527E-2	0.117	-8.185E-2	4.438E-3	8.197E-2	-1.769	-1.359	2.230
1.468	-0.104	5.529E-2	0.118	-5.556E-2	7.085E-3	5.601E-2	1.565	-5.645E-3	1.565
1.485	-0.104	5.550E-2	0.118	-2.550E-2	7.024E-3	2.645E-2	1.237	-0.606	1.378
1.502	-0.105	5.553E-2	0.119	-1.507E-2	-1.338E-2	2.015E-2	0.218	-0.525	0.568
1.518	-0.105	5.506E-2	0.118	-1.830E-2	-1.571E-2	2.412E-2	-3.284	-1.076	3.455
1.535	-0.105	5.500E-2	0.119	-0.113	-3.853E-2	0.120	-4.714	-1.599	4.978
1.552	-0.109	5.377E-2	0.121	-0.201	-8.006E-2	0.216	0.993	-0.546	1.133
1.568	-0.112	5.233E-2	0.124	-8.314E-2	-5.757E-2	0.101	2.517	0.213	2.526
1.585	-0.111	5.185E-2	0.123	-6.988E-2	-5.950E-2	9.178E-2	-1.209	-0.169	1.221
1.602	-0.114	5.035E-2	0.125	-0.169	-7.782E-2	0.186	-3.040	-0.959	3.187
1.618	-0.117	4.925E-2	0.127	-0.157	-8.134E-2	0.177	3.942	0.808	4.024
1.635	-0.120	4.763E-2	0.129	-4.958E-2	-6.215E-2	7.951E-2	4.395	1.706	4.714
1.652	-0.119	4.718E-2	0.128	2.001E-2	-1.401E-2	2.443E-2	1.495	2.044	2.532
1.668	-0.119	4.716E-2	0.128	-2.024E-2	4.075E-3	2.065E-2	-1.998	0.415	2.040
1.685	-0.119	4.732E-2	0.128	-4.415E-2	5.722E-4	4.415E-2	-1.561	-7.771E-2	1.563
1.702	-0.120	4.718E-2	0.129	-7.194E-2	-2.428E-3	7.198E-2	-0.843	0.378	0.924
1.718	-0.122	4.723E-2	0.131	-7.653E-2	1.435E-2	7.786E-2	3.667	1.365	3.913
1.735	-0.123	4.766E-2	0.132	4.061E-2	4.309E-2	5.921E-2	2.105	0.928	2.301
1.752	-0.121	4.867E-2	0.130	3.803E-2	5.016E-2	6.295E-2	-0.742	-0.518	0.905
1.768	-0.122	4.934E-2	0.131	-3.545E-2	2.279E-2	4.214E-2	-1.889	-1.313	2.300
1.785	-0.122	4.943E-2	0.131	5.278E-4	3.322E-3	3.364E-3	1.499	-0.891	1.743
1.802	-0.122	4.945E-2	0.131	8.658E-3	-4.447E-3	9.733E-3	0.628	-0.563	0.843
1.818	-0.121	4.928E-2	0.131	2.257E-2	-1.576E-2	2.753E-2	1.773	-0.211	1.786
1.835	-0.121	4.892E-2	0.130	6.367E-2	-1.360E-2	6.511E-2	-5.511	-2.823	6.192
1.852	-0.119	4.883E-2	0.129	-0.121	-9.410E-2	0.153	-6.538	-2.625	7.045
1.869	-0.125	4.578E-2	0.133	-0.237	-0.135	0.272	-1.874	-0.520	1.945
1.885	-0.127	4.434E-2	0.135	-0.124	-8.520E-2	0.150	4.742	1.415	4.949
1.902	-0.129	4.294E-2	0.136	-9.371E-2	-9.267E-2	0.132	0.102	-0.387	0.400
1.919	-0.130	4.125E-2	0.137	-0.111	-0.101	0.150	-0.283	-9.701E-2	0.300
1.935	-0.133	3.957E-2	0.139	-0.121	-9.525E-2	0.154	-1.186	0.788	1.424
1.952	-0.134	3.807E-2	0.140	-0.131	-7.528E-2	0.152	2.885	1.434	3.222
1.969	-0.137	3.706E-2	0.142	-5.567E-2	-4.592E-2	7.216E-2	3.089	1.893	3.622
1.985	-0.136	3.654E-2	0.141	1.564E-2	-1.279E-2	2.020E-2	1.404	1.142	1.810
2.002	-0.137	3.664E-2	0.141	-3.596E-2	-3.249E-3	3.611E-2	-2.254	0.679	2.355
2.019	-0.137	3.643E-2	0.142	-5.469E-2	2.483E-3	5.475E-2	-0.891	0.155	0.905
2.035	-0.138	3.672E-2	0.143	-6.683E-2	8.699E-3	6.740E-2	8.709E-2	0.410	0.419
2.052	-0.140	3.672E-2	0.144	-5.337E-2	1.014E-2	5.433E-2	0.907	-0.449	1.012
2.069	-0.140	3.706E-2	0.145	-3.240E-2	6.238E-4	3.241E-2	0.344	-8.957E-2	0.355
2.085	-0.141	3.674E-2	0.145	-4.080E-2	-2.274E-3	4.086E-2	0.291	2.161E-2	0.292
2.102	-0.142	3.698E-2	0.146	-3.064E-2	9.607E-3	3.211E-2	1.002	0.185	1.019
2.119	-0.142	3.706E-2	0.147	2.640E-4	7.275E-4	7.739E-4	1.512	-0.575	1.618
2.135	-0.142	3.701E-2	0.146	1.715E-2	-9.219E-3	1.948E-2	0.540	-0.429	0.690
2.152	-0.141	3.675E-2	0.146	2.082E-2	-1.475E-2	2.552E-2	-6.296	-2.878	6.923
2.169	-0.141	3.651E-2	0.146	-0.170	-9.306E-2	0.193	-3.177	-1.102	3.363
2.186	-0.147	3.365E-2	0.151	-0.164	-8.625E-2	0.185	0.737	-7.078E-2	0.740
2.202	-0.146	3.363E-2	0.150	-5.314E-2	-5.239E-2	7.463E-2	2.043	0.405	2.083
2.219	-0.149	3.190E-2	0.152	-0.144	-0.100	0.175	-3.746	-1.524	4.044
2.236	-0.151	3.029E-2	0.154	-0.168	-9.500E-2	0.193	-0.203	0.471	0.513
2.252	-0.154	2.873E-2	0.157	-0.156	-8.575E-2	0.178	3.668	1.408	3.929
2.269	-0.156	2.743E-2	0.159	-4.897E-2	-5.002E-2	7.000E-2	4.432	2.038	4.878
2.286	-0.156	2.706E-2	0.158	1.441E-2	-1.226E-2	1.892E-2	-1.840	0.351	1.873
2.302	-0.156	2.702E-2	0.158	-0.112	-3.486E-2	0.117	-3.430	-0.365	3.449
2.319	-0.160	2.590E-2	0.162	-0.140	-3.911E-2	0.145	-0.104	0.589	0.598
2.336	-0.161	2.572E-2	0.163	-7.510E-2	-3.578E-3	7.519E-2	4.806	2.684	5.505
2.352	-0.162	2.578E-2	0.164	-7.133E-3	4.293E-2	4.352E-2	0.520	1.281	1.382
2.369	-0.161	2.715E-2	0.163	-1.803E-2	5.338E-2	5.634E-2	1.419	0.891	1.676
2.386	-0.163	2.756E-2	0.165	-1.303E-2	5.459E-2	5.613E-2	-0.860	-0.896	1.242
2.402	-0.161	2.897E-2	0.164	6.691E-3	4.217E-2	4.270E-2	3.024	0.446	3.056
2.419	-0.162	2.897E-2	0.165	3.527E-2	4.644E-2	5.831E-2	-0.324	-0.874	0.932
2.436	-0.160	3.052E-2	0.163	5.149E-2	3.995E-2	6.517E-2	-0.439	-0.930	1.028
2.452	-0.161	3.030E-2	0.164	-2.370E-2	-7.253E-3	2.478E-2	-5.495	-2.869	6.199
2.469	-0.161	3.028E-2	0.164	-0.100	-4.089E-2	0.108	-0.509	-0.726	0.886
2.486	-0.164	2.894E-2	0.167	-8.546E-2	-4.820E-2	9.811E-2	-1.367	-0.822	1.595
2.503	-0.164	2.867E-2	0.166	-8.593E-2	-4.877E-2	9.881E-2	-1.259	-0.392	1.318
2.519	-0.167	2.731E-2	0.169	-0.177	-7.603E-2	0.192	-2.627	-1.369	2.962
2.536	-0.170	2.613E-2	0.172	-0.153	-8.598E-2	0.176	5.025	0.875	5.100
2.553	-0.172	2.444E-2	0.174	-2.761E-2	-5.822E-2	6.444E-2	-1.765	-0.887	1.975
2.569	-0.171	2.419E-2	0.172	-0.145	-9.026E-2	0.170	-0.421	-9.404E-2	0.431
2.586	-0.177	2.143E-2	0.178	-0.159	-9.861E-2	0.187	3.013	1.570	3.398
2.603	-0.176	2.090E-2	0.177	5.518E-2	-1.096E-2	5.626E-2	3.084	1.929	3.637
2.619	-0.175	2.106E-2	0.176	-7.357E-2	-3.193E-2	8.019E-2	-3.282	-0.231	3.290
2.636	-0.178	1.983E-2	0.179	-0.100	-3.855E-2	0.107	0.232	8.510E-2	0.247
2.653	-0.178	1.978E-2	0.180	-2.055E-2	-1.191E-2	2.375E-2	1.728	1.561	2.329
2.669	-0.179	1.944E-2	0.180	-5.617E-2	2.802E-3	5.624E-2	-1.644	0.618	1.756
2.686	-0.180	1.987E-2	0.181	-7.993E-2	1.771E-2	8.187E-2	2.848	1.285	3.124
2.703	-0.182	2.003E-2	0.183	2.649E-2	3.622E-2	4.487E-2	1.940	0.134	1.945
2.719	-0.179	2.108E-2	0.181	3.041E-2	3.499E-2	4.636E-2	-1.519	-0.140	1.525
2.736	-0.181	2.119E-2	0.182	-6.959E-2	1.813E-2	7.191E-2	0.275	-0.121	0.300
2.753	-0.182	2.168E-2	0.183	4.016E-2	3.701E-2	5.461E-2	2.897	0.136	2.900
2.769	-0.179	2.243E-2	0.181	6.813E-2	2.599E-2	7.292E-2	-5.150E-2	-0.862	0.863
2.786	-0.179	2.255E-2	0.181	-4.982E-4	2.454E-3	2.504E-3	-2.852	-0.739	2.947
2.803	-0.179	2.251E-2	0.181	-1.031E-2	2.026E-3	1.050E-2	-3.881	-1.183	4.058
2.819	-0.180	2.262E-2	0.181	-0.124	-2.992E-2	0.127	-1.410	-0.916	1.681
2.836	-0.183	2.151E-2	0.185	-9.836E-2	-4.285E-2	0.107	-0.804	-1.070	1.338
2.853	-0.183	2.119E-2	0.184	-8.755E-2	-4.947E-2	0.101	-1.183	-0.895	1.483
2.870	-0.186	1.986E-2	0.187	-0.187	-8.395E-2	0.205	-3.096	-1.342	3.375
2.886	-0.189	1.839E-2	0.190	-0.174	-9.090E-2	0.196	4.273	0.810	4.349
2.903	-0.192	1.683E-2	0.193	-5.991E-2	-6.152E-2	8.587E-2	1.265	0.803	1.498
2.920	-0.191	1.633E-2	0.192	-8.214E-2	-5.156E-2	9.698E-2	0.445	1.158	1.241
2.936	-0.195	1.511E-2	0.195	-0.113	-3.863E-2	0.119	0.505	1.195	1.298
2.953	-0.195	1.504E-2	0.196	-1.697E-2	7.220E-4	1.699E-2	2.781	1.110	2.994
2.970	-0.195	1.513E-2	0.196	-3.399E-2	-3.943E-3	3.422E-2	-1.921	8.614E-2	1.923
2.986	-0.196	1.491E-2	0.197	-7.892E-2	-1.387E-3	7.893E-2	1.020	1.568	1.870
3.003	-0.198	1.509E-2	0.199	-2.079E-2	4.773E-2	5.206E-2	-0.336	1.062	1.113
3.020	-0.197	1.651E-2	0.198	-4.307E-2	4.827E-2	6.469E-2	1.483	0.660	1.624
3.036	-0.200	1.670E-2	0.200	-3.427E-2	4.862E-2	5.949E-2	2.922	0.349	2.943
3.053	-0.198	1.813E-2	0.199	0.103	7.702E-2	0.129	1.707	0.184	1.717
3.070	-0.196	1.927E-2	0.197	2.323E-2	4.963E-2	5.480E-2	-3.650	-1.947	4.137
3.086	-0.197	1.978E-2	0.198	-5.090E-2	1.085E-2	5.205E-2	-2.251	-1.389	2.645
3.103	-0.198	1.963E-2	0.199	-3.179E-2	-9.738E-4	3.180E-2	1.084	-0.403	1.156
3.120	-0.198	1.975E-2	0.199	-2.041E-2	3.244E-3	2.066E-2	0.669	4.677E-2	0.671
3.136	-0.198	1.974E-2	0.199	-5.416E-3	-1.646E-3	5.660E-3	-2.790	-1.448	3.143
3.153	-0.199	1.970E-2	0.199	-0.101	-3.944E-2	0.109	-1.679	-0.912	1.910
3.170	-0.202	1.842E-2	0.203	-0.103	-4.676E-2	0.113	-1.361	-0.791	1.574
3.187	-0.202	1.814E-2	0.203	-9.326E-2	-4.770E-2	0.105	-0.745	-0.932	1.193
3.203	-0.205	1.683E-2	0.206	-0.168	-8.927E-2	0.190	1.434	-5.666E-2	1.435
3.220	-0.208	1.516E-2	0.208	-4.573E-2	-5.484E-2	7.140E-2	1.869	0.813	2.038
3.237	-0.206	1.500E-2	0.207	-5.773E-2	-4.284E-2	7.189E-2	1.007	0.761	1.262
3.253	-0.209	1.373E-2	0.210	-7.755E-2	-4.932E-2	9.190E-2	-2.588	-0.743	2.693
3.270	-0.209	1.335E-2	0.209	-8.197E-2	-5.106E-2	9.658E-2	1.048	0.807	1.323
3.287	-0.212	1.202E-2	0.213	-0.100	-4.007E-2	0.108	0.484	0.740	0.884
3.303	-0.212	1.202E-2	0.213	-2.358E-2	-9.636E-3	2.547E-2	1.818	1.589	2.415
3.320	-0.213	1.170E-2	0.213	-5.323E-2	1.705E-3	5.325E-2	-1.465	0.478	1.541
3.337	-0.214	1.207E-2	0.215	-7.535E-2	1.459E-2	7.675E-2	2.590	1.342	2.917
3.353	-0.216	1.219E-2	0.216	2.034E-2	3.704E-2	4.226E-2	2.170	0.570	2.243
3.370	-0.214	1.331E-2	0.214	3.791E-2	4.628E-2	5.983E-2	-0.849	-0.577	1.027
3.387	-0.214	1.373E-2	0.215	-4.557E-2	9.747E-3	4.660E-2	-2.547	-1.229	2.828
3.403	-0.215	1.364E-2	0.215	-3.706E-2	2.566E-3	3.715E-2	0.653	-0.200	0.683
3.420	-0.215	1.382E-2	0.216	-2.162E-2	8.148E-3	2.311E-2	0.931	-6.584E-2	0.934
3.437	-0.216	1.391E-2	0.216	-7.028E-3	-8.020E-4	7.074E-3	1.067	-0.535	1.193
3.453	-0.216	1.379E-2	0.216	1.397E-2	-1.051E-2	1.748E-2	1.322	-0.550	1.432
3.470	-0.215	1.356E-2	0.216	3.761E-2	-1.870E-2	4.200E-2	-6.927	-2.580	7.392
3.487	-0.214	1.317E-2	0.215	-0.182	-8.809E-2	0.203	-3.474	-0.833	3.572
3.504	-0.221	1.062E-2	0.222	-0.180	-7.544E-2	0.195	0.296	0.113	0.317
3.520	-0.220	1.065E-2	0.221	-5.660E-2	-4.604E-2	7.296E-2	3.062	-2.977E-2	3.062
3.537	-0.223	9.081E-3	0.223	-0.146	-0.100	0.177	0.890	-0.408	0.979
3.554	-0.225	7.303E-3	0.225	-1.955E-2	-6.107E-2	6.413E-2	2.385	1.117	2.633
3.570	-0.224	7.043E-3	0.224	-2.419E-2	-4.501E-2	5.110E-2	0.798	1.014	1.291
3.587	-0.226	5.801E-3	0.226	-5.073E-2	-4.618E-2	6.860E-2	-3.289	-0.515	3.329
3.604	-0.226	5.503E-3	0.226	-7.902E-2	-4.590E-2	9.138E-2	0.139	0.795	0.807
3.620	-0.229	4.270E-3	0.229	-0.102	-3.697E-2	0.109	0.426	1.111	1.189
3.637	-0.229	4.269E-3	0.229	-2.276E-2	4.993E-3	2.330E-2	1.698	1.380	2.188
3.654	-0.230	4.436E-3	0.230	-5.665E-2	5.825E-3	5.695E-2	2.037	1.141	2.335
3.670	-0.231	4.463E-3	0.231	2.398E-2	3.622E-2	4.344E-2	0.978	0.480	1.089
3.687	-0.229	5.645E-3	0.229	2.495E-2	3.712E-2	4.473E-2	1.587	1.245	2.017
3.704	-0.230	5.702E-3	0.230	1.775E-2	5.572E-2	5.848E-2	-1.033	-0.563	1.177
3.720	-0.228	7.504E-3	0.228	4.376E-2	4.682E-2	6.409E-2	3.179	0.288	3.192
3.737	-0.229	7.264E-3	0.229	7.458E-2	3.354E-2	8.178E-2	-0.482	-0.883	1.006
3.754	-0.226	8.623E-3	0.226	8.108E-2	4.499E-2	9.272E-2	-1.279	-0.325	1.320
3.770	-0.226	8.765E-3	0.226	-1.088E-2	5.813E-3	1.234E-2	-2.912	-1.500	3.275
3.787	-0.226	8.817E-3	0.226	-1.778E-3	-1.502E-4	1.785E-3	0.516	-0.322	0.608
3.804	-0.226	8.760E-3	0.226	6.580E-3	-5.210E-3	8.393E-3	-6.926	-2.739	7.448
3.820	-0.226	8.643E-3	0.226	-0.202	-8.103E-2	0.218	-2.672	-1.612	3.120
3.837	-0.233	6.057E-3	0.233	-0.178	-8.928E-2	0.199	5.364	1.161	5.488
3.854	-0.232	5.664E-3	0.232	7.287E-2	-1.427E-2	7.426E-2	0.221	9.772E-2	0.241
3.871	-0.230	5.581E-3	0.230	-0.164	-8.180E-2	0.184	-3.789	-0.975	3.913
3.887	-0.237	2.935E-3	0.237	-0.163	-8.114E-2	0.182	3.446	1.162	3.637
3.904	-0.236	2.873E-3	0.236	6.224E-2	-9.153E-3	6.291E-2	6.816	2.555	7.279
3.921	-0.235	2.629E-3	0.235	2.254E-2	-9.278E-3	2.438E-2	-2.108	0.255	2.124
3.937	-0.235	2.564E-3	0.235	-5.843E-3	9.615E-4	5.921E-3	-2.501	0.422	2.536
3.954	-0.235	2.661E-3	0.235	-5.813E-2	5.490E-3	5.839E-2	-2.439	0.134	2.443
3.971	-0.237	2.747E-3	0.237	-9.554E-2	4.697E-3	9.565E-2	5.957	2.631	6.513
3.987	-0.239	2.818E-3	0.239	0.116	8.211E-2	0.142	3.170	1.436	3.480
4.004	-0.233	5.486E-3	0.233	0.103	8.553E-2	0.134	-3.356	-1.342	3.614
4.021	-0.235	5.672E-3	0.235	-9.456E-2	5.709E-3	9.473E-2	-6.956	-2.690	7.458
4.037	-0.236	5.677E-3	0.236	-8.680E-2	4.300E-3	8.691E-2	8.080	2.765	8.540
4.054	-0.238	5.815E-3	0.238	0.132	8.844E-2	0.159	4.465	1.683	4.772
4.071	-0.232	8.628E-3	0.232	0.162	9.352E-2	0.187	-1.914	-1.332	2.332
4.087	-0.233	8.936E-3	0.233	-2.768E-2	1.202E-2	3.018E-2	-6.218	-2.947	6.881
4.104	-0.233	9.029E-3	0.233	-1.063E-2	4.265E-3	1.145E-2	1.308	-0.528	1.410
4.121	-0.233	9.078E-3	0.233	1.055E-2	-4.040E-3	1.130E-2	-6.434	-3.514	7.331
4.137	-0.232	8.894E-3	0.233	-0.188	-0.102	0.214	-3.122	-1.401	3.422
4.154	-0.239	5.680E-3	0.239	-0.190	-9.036E-2	0.211	3.850	1.663	4.194
4.171	-0.239	5.879E-3	0.239	3.303E-2	-2.132E-3	3.310E-2	-3.526E-2	0.222	0.225
4.188	-0.238	5.609E-3	0.238	-0.188	-9.091E-2	0.209	-3.363	-1.783	3.806
4.204	-0.245	2.846E-3	0.245	-0.179	-9.156E-2	0.201	3.868	1.756	4.248
4.221	-0.244	2.554E-3	0.244	4.314E-2	-2.609E-3	4.322E-2	7.330	2.988	7.916
4.238	-0.244	2.759E-3	0.244	2.767E-2	3.118E-3	2.785E-2	-1.005	0.147	1.016
4.254	-0.243	2.658E-3	0.243	1.348E-2	-2.896E-3	1.378E-2	-1.659	-0.294	1.685
4.271	-0.243	2.662E-3	0.243	-2.756E-2	-3.908E-3	2.783E-2	-2.839	0.152	2.843
4.288	-0.244	2.528E-3	0.244	-8.315E-2	-5.368E-4	8.315E-2	-3.421	0.159	3.425
4.304	-0.246	2.644E-3	0.246	-0.141	4.488E-3	0.142	-2.262	0.413	2.299
4.321	-0.249	2.678E-3	0.249	-0.164	1.026E-2	0.165	8.813	2.894	9.276
4.338	-0.251	2.987E-3	0.251	0.120	9.312E-2	0.152	6.280	1.218	6.397
4.354	-0.245	5.785E-3	0.245	0.157	8.311E-2	0.178	-2.923	-1.662	3.362
4.371	-0.246	5.760E-3	0.246	-8.513E-2	2.290E-3	8.516E-2	-7.608	-2.650	8.056
4.388	-0.248	5.861E-3	0.248	-6.671E-2	7.643E-3	6.714E-2	1.646	-0.314	1.676
4.404	-0.248	6.015E-3	0.248	-2.599E-2	-6.079E-3	2.670E-2	0.984	-0.185	1.001
4.421	-0.248	5.658E-3	0.249	-2.871E-2	-5.410E-3	2.921E-2	0.695	3.724E-3	0.695
4.438	-0.249	5.834E-3	0.249	-1.633E-2	2.012E-3	1.645E-2	0.766	0.144	0.779
4.454	-0.249	5.725E-3	0.249	1.048E-2	-5.485E-3	1.183E-2	1.685	-0.101	1.688
4.471	-0.249	5.651E-3	0.249	2.943E-2	-4.074E-4	2.944E-2	2.039	0.127	2.043
4.488	-0.248	5.712E-3	0.248	8.291E-2	2.271E-4	8.291E-2	-6.126	-2.987	6.816
4.505	-0.246	5.659E-3	0.246	-0.136	-8.933E-2	0.162	-3.499	-1.693	3.887
4.521	-0.253	2.731E-3	0.253	-0.142	-9.229E-2	0.170	-5.013	-1.636	5.273
4.538	-0.251	2.579E-3	0.251	-0.162	-9.551E-2	0.188	3.154	1.508	3.496
4.555	-0.258	-4.556E-4	0.258	-0.180	-9.146E-2	0.202	2.624	1.695	3.123
4.571	-0.257	-4.722E-4	0.257	3.520E-2	-8.029E-4	3.521E-2	5.775	3.005	6.510
4.588	-0.257	-4.824E-4	0.257	-2.456E-2	-3.633E-3	2.483E-2	-2.902	-3.409E-2	2.902
4.605	-0.258	-5.934E-4	0.258	-6.615E-2	-3.310E-3	6.623E-2	-3.164	0.447	3.196
4.621	-0.259	-5.928E-4	0.259	-0.121	1.108E-2	0.122	-0.744	-0.152	0.759
4.638	-0.262	-2.238E-4	0.262	-0.111	-2.220E-3	0.111	0.210	-0.209	0.297
4.655	-0.263	-6.669E-4	0.263	-8.669E-2	-7.195E-3	8.699E-2	8.441	2.928	8.935
4.671	-0.265	-4.638E-4	0.265	0.119	9.294E-2	0.151	3.939	1.830	4.343
4.688	-0.259	2.434E-3	0.259	0.147	8.661E-2	0.171	-2.184	-1.480	2.638
4.705	-0.260	2.426E-3	0.260	-4.949E-2	6.196E-3	4.988E-2	-6.368	-3.108	7.086
4.721	-0.260	2.641E-3	0.260	-3.204E-2	-7.703E-4	3.205E-2	1.031	-0.206	1.051
4.738	-0.261	2.400E-3	0.261	-1.724E-2	-6.657E-3	1.848E-2	0.492	-3.430E-2	0.494
4.755	-0.261	2.419E-3	0.261	-1.242E-2	2.110E-3	1.260E-2	0.414	0.187	0.454
4.771	-0.261	2.471E-3	0.261	-8.001E-3	-6.904E-4	8.031E-3	0.913	-0.348	0.977
4.788	-0.261	2.396E-3	0.261	1.927E-2	-9.949E-3	2.169E-2	2.673	0.184	2.679
4.805	-0.261	2.139E-3	0.261	7.862E-2	1.964E-3	7.865E-2	2.908	0.255	2.919
4.821	-0.259	2.461E-3	0.259	0.125	6.165E-3	0.125	-9.063	-2.973	9.538
4.838	-0.256	2.345E-3	0.256	-0.184	-9.142E-2	0.205	-5.311	-1.939	5.654
4.855	-0.265	-5.888E-4	0.265	-0.187	-9.265E-2	0.208	3.618	1.440	3.894
4.872	-0.263	-7.468E-4	0.263	7.722E-2	-7.780E-3	7.761E-2	7.606	3.044	8.193
4.888	-0.262	-8.484E-4	0.262	1.207E-2	-2.936E-3	1.242E-2	-2.238	0.186	2.246
4.905	-0.262	-8.448E-4	0.262	2.766E-3	-7.819E-4	2.875E-3	-1.120	0.256	1.149
4.922	-0.262	-8.745E-4	0.262	-1.618E-2	4.035E-3	1.668E-2	0.308	1.670	1.698
4.938	-0.263	-7.101E-4	0.263	-2.183E-3	5.089E-2	5.093E-2			
4.955	-0.262	8.234E-4	0.262						
