	mass B									
t	x	y	r	vx	vy	v	ax	ay	a	
0.000	1.262E-3	3.483E-4	1.309E-3						
0.017	2.497E-3	1.724E-3	3.034E-3	6.984E-2	9.543E-2	0.118			
0.033	3.592E-3	3.533E-3	5.038E-3	4.233E-2	9.341E-2	0.103	-1.778	-0.508	1.849
0.050	3.909E-3	4.841E-3	6.222E-3	6.267E-3	7.310E-2	7.337E-2	-1.193	-1.043	1.584
0.067	3.801E-3	5.972E-3	7.079E-3	1.128E-3	6.031E-2	6.032E-2	0.264	-0.768	0.812
0.083	3.947E-3	6.853E-3	7.908E-3	1.779E-2	4.693E-2	5.019E-2	0.995	-0.251	1.026
0.100	4.395E-3	7.537E-3	8.725E-3	3.471E-2	5.002E-2	6.088E-2	1.254	-0.141	1.261
0.117	5.105E-3	8.522E-3	9.934E-3	5.832E-2	4.730E-2	7.509E-2	1.384	-0.777	1.587
0.133	6.341E-3	9.116E-3	1.110E-2	8.299E-2	2.147E-2	8.572E-2	1.671	-0.974	1.934
0.150	7.874E-3	9.238E-3	1.214E-2	0.112	1.181E-2	0.112	1.520	-0.493	1.598
0.167	1.006E-2	9.510E-3	1.385E-2	0.137	9.301E-3	0.138	1.176	-0.394	1.240
0.184	1.245E-2	9.549E-3	1.569E-2	0.149	-3.186E-3	0.149	0.357	-0.366	0.511
0.200	1.503E-2	9.403E-3	1.773E-2	0.150	-4.163E-3	0.151	-0.103	4.282E-2	0.112
0.217	1.747E-2	9.410E-3	1.985E-2	0.144	3.406E-4	0.144	-0.744	-0.942	1.200
0.234	1.983E-2	9.415E-3	2.195E-2	0.127	-3.168E-2	0.131	-0.382	2.027E-2	0.383
0.250	2.173E-2	8.353E-3	2.328E-2	0.126	-1.505E-2	0.127	-0.524	0.607	0.802
0.267	2.403E-2	8.912E-3	2.563E-2	0.118	1.033E-2	0.119	-0.533	2.265	2.327
0.284	2.567E-2	8.697E-3	2.711E-2	0.100	3.947E-2	0.108	-1.022	0.988	1.421
0.300	2.738E-2	1.023E-2	2.923E-2	8.928E-2	6.536E-2	0.111	-0.401	0.394	0.562
0.317	2.865E-2	1.088E-2	3.065E-2	8.225E-2	3.775E-2	9.050E-2	-0.516	-0.106	0.527
0.334	3.012E-2	1.149E-2	3.224E-2	7.715E-2	6.170E-2	9.879E-2	-1.104	-1.716E-2	1.104
0.350	3.123E-2	1.294E-2	3.380E-2	4.452E-2	4.979E-2	6.679E-2	-1.583	-0.386	1.630
0.367	3.161E-2	1.315E-2	3.423E-2	2.011E-2	3.193E-2	3.774E-2	-0.485	1.024	1.133
0.384	3.190E-2	1.400E-2	3.483E-2	2.899E-2	8.925E-2	9.384E-2	0.102	0.817	0.823
0.400	3.257E-2	1.613E-2	3.635E-2	2.891E-2	7.488E-2	8.026E-2	0.312	-0.155	0.349
0.417	3.286E-2	1.650E-2	3.677E-2	3.223E-2	5.843E-2	6.673E-2	0.644	-1.140	1.309
0.434	3.365E-2	1.808E-2	3.820E-2	5.524E-2	5.965E-2	8.130E-2	1.507	-1.286	1.981
0.450	3.470E-2	1.849E-2	3.932E-2	8.021E-2	3.431E-3	8.028E-2	1.434	-2.683	3.042
0.467	3.633E-2	1.819E-2	4.063E-2	0.106	-2.934E-2	0.110	1.518	-0.585	1.626
0.484	3.823E-2	1.751E-2	4.205E-2	0.129	-1.937E-2	0.130	0.899	0.370	0.972
0.501	4.062E-2	1.755E-2	4.425E-2	0.139	-7.812E-3	0.139	0.627	-8.458E-2	0.633
0.517	4.287E-2	1.725E-2	4.621E-2	0.145	-2.677E-2	0.147	0.235	-0.233	0.331
0.534	4.546E-2	1.665E-2	4.841E-2	0.151	-1.916E-2	0.152	7.092E-2	0.750	0.754
0.551	4.791E-2	1.661E-2	5.071E-2	0.145	3.490E-3	0.145	-0.463	1.039	1.137
0.567	5.030E-2	1.677E-2	5.302E-2	0.136	1.413E-2	0.137	-0.759	-0.292	0.813
0.584	5.247E-2	1.708E-2	5.518E-2	0.120	-2.679E-3	0.120	-1.001	-0.840	1.307
0.601	5.429E-2	1.668E-2	5.680E-2	0.102	-2.115E-2	0.104	-0.659	1.995	2.101
0.617	5.587E-2	1.638E-2	5.822E-2	9.680E-2	5.709E-2	0.112	-0.238	2.480	2.492
0.634	5.752E-2	1.858E-2	6.045E-2	9.614E-2	8.886E-2	0.131	-0.323	0.773	0.838
0.651	5.908E-2	1.934E-2	6.217E-2	8.605E-2	5.796E-2	0.104	-0.990	-0.455	1.090
0.667	6.039E-2	2.052E-2	6.378E-2	6.350E-2	8.184E-2	0.104	-1.170	-6.299E-2	1.172
0.684	6.120E-2	2.207E-2	6.506E-2	4.435E-2	6.180E-2	7.606E-2	-1.233	-1.316	1.803
0.701	6.187E-2	2.258E-2	6.586E-2	2.546E-2	2.772E-2	3.764E-2	-0.191	-1.294E-2	0.191
0.717	6.205E-2	2.300E-2	6.618E-2	3.138E-2	6.008E-2	6.778E-2	0.923	1.040	1.391
0.734	6.292E-2	2.459E-2	6.755E-2	6.279E-2	7.562E-2	9.828E-2	1.333	-0.662	1.488
0.751	6.415E-2	2.552E-2	6.904E-2	7.565E-2	3.102E-2	8.176E-2	0.803	-2.412	2.542
0.767	6.544E-2	2.562E-2	7.028E-2	8.733E-2	-7.344E-3	8.764E-2	1.249	-0.958	1.574
0.784	6.706E-2	2.528E-2	7.166E-2	0.117	-3.589E-3	0.117	1.770	-0.270	1.791
0.801	6.934E-2	2.550E-2	7.388E-2	0.149	-6.715E-3	0.149	0.909	-0.371	0.982
0.817	7.203E-2	2.505E-2	7.626E-2	0.149	-2.448E-2	0.151	0.205	-0.777	0.804
0.834	7.433E-2	2.468E-2	7.832E-2	0.149	-2.821E-2	0.152	7.162E-2	1.465E-2	7.311E-2
0.851	7.701E-2	2.411E-2	8.070E-2	0.157	-2.711E-2	0.160	0.110	0.468	0.481
0.868	7.958E-2	2.378E-2	8.305E-2	0.151	-1.093E-2	0.151	-0.530	1.201	1.313
0.884	8.204E-2	2.375E-2	8.541E-2	0.140	1.245E-2	0.141	-0.855	0.202	0.879
0.901	8.425E-2	2.419E-2	8.766E-2	0.122	2.186E-3	0.122	-0.568	0.853	1.024
0.918	8.611E-2	2.382E-2	8.935E-2	0.118	2.501E-2	0.121	-0.722	0.838	1.106
0.934	8.820E-2	2.503E-2	9.168E-2	0.104	5.041E-2	0.116	-0.309	1.727	1.755
0.951	8.960E-2	2.550E-2	9.316E-2	9.888E-2	6.439E-2	0.118	-0.393	0.299	0.494
0.968	9.150E-2	2.718E-2	9.545E-2	0.100	7.719E-2	0.127	-0.661	0.785	1.026
0.984	9.295E-2	2.808E-2	9.710E-2	7.284E-2	7.565E-2	0.105	-1.651	-1.472	2.212
1.001	9.393E-2	2.970E-2	9.851E-2	4.521E-2	4.510E-2	6.386E-2	-0.583	-0.556	0.806
1.018	9.446E-2	2.958E-2	9.898E-2	4.907E-2	3.326E-2	5.928E-2	0.653	-0.214	0.688
1.034	9.557E-2	3.081E-2	0.100	7.296E-2	5.908E-2	9.388E-2	0.877	-4.738E-2	0.878
1.051	9.689E-2	3.155E-2	0.102	7.794E-2	2.456E-2	8.172E-2	7.052E-2	-2.184	2.185
1.068	9.817E-2	3.163E-2	0.103	7.424E-2	-1.463E-2	7.567E-2	1.176	-1.437	1.857
1.084	9.937E-2	3.106E-2	0.104	0.111	-2.705E-2	0.114	1.829	-0.874	2.028
1.101	0.102	3.073E-2	0.106	0.147	-3.671E-2	0.152	1.480	-0.946	1.756
1.118	0.104	2.984E-2	0.108	0.153	-6.294E-2	0.165	0.628	-1.048	1.221
1.134	0.107	2.863E-2	0.111	0.170	-7.214E-2	0.185	0.171	-0.135	0.218
1.151	0.110	2.743E-2	0.113	0.162	-6.666E-2	0.175	-0.777	0.744	1.076
1.168	0.112	2.640E-2	0.115	0.139	-4.792E-2	0.147	-0.359	0.753	0.835
1.185	0.115	2.583E-2	0.117	0.148	-3.780E-2	0.153	9.307E-2	1.155	1.159
1.201	0.117	2.514E-2	0.120	0.150	-1.600E-2	0.151	-0.205	1.436	1.451
1.218	0.120	2.530E-2	0.122	0.135	1.684E-2	0.136	-0.748	0.184	0.771
1.235	0.122	2.570E-2	0.125	0.128	-6.908E-3	0.128	-0.392	0.523	0.654
1.251	0.124	2.507E-2	0.126	0.120	1.654E-2	0.121	-0.813	0.694	1.069
1.268	0.126	2.626E-2	0.129	0.104	4.067E-2	0.111	-1.270	0.905	1.560
1.285	0.127	2.643E-2	0.130	7.504E-2	2.773E-2	8.000E-2	-0.981	-2.791E-2	0.982
1.301	0.128	2.718E-2	0.131	6.870E-2	4.862E-2	8.417E-2	-5.487E-2	0.626	0.629
1.318	0.130	2.805E-2	0.133	7.659E-2	4.769E-2	9.022E-2	-2.950E-2	-0.205	0.207
1.335	0.131	2.877E-2	0.134	6.863E-2	4.048E-2	7.968E-2	-7.952E-2	-1.030	1.033
1.351	0.132	2.940E-2	0.135	6.949E-2	1.615E-2	7.135E-2	0.113	-1.824	1.827
1.368	0.133	2.931E-2	0.136	7.713E-2	-2.347E-2	8.062E-2	1.336	-1.003	1.671
1.385	0.134	2.862E-2	0.137	0.107	-2.225E-2	0.109	2.081	-0.338	2.108
1.401	0.137	2.857E-2	0.140	0.154	-2.362E-2	0.156	1.570	-0.832	1.776
1.418	0.140	2.783E-2	0.142	0.160	-5.694E-2	0.170	0.191	-1.446	1.459
1.435	0.142	2.667E-2	0.145	0.156	-7.210E-2	0.171	-0.288	-0.341	0.446
1.451	0.145	2.542E-2	0.147	0.154	-6.823E-2	0.168	-6.940E-2	-0.193	0.205
1.468	0.147	2.439E-2	0.149	0.151	-7.445E-2	0.168	-0.288	0.149	0.324
1.485	0.150	2.294E-2	0.152	0.147	-7.027E-2	0.163	1.546E-2	0.862	0.862
1.502	0.152	2.205E-2	0.154	0.148	-4.082E-2	0.153	0.170	1.400	1.410
1.518	0.155	2.158E-2	0.156	0.156	-2.315E-2	0.157	-2.642E-2	1.432	1.432
1.535	0.157	2.128E-2	0.159	0.147	3.562E-3	0.147	-1.488	0.177	1.499
1.552	0.160	2.170E-2	0.161	0.108	-7.216E-3	0.108	-0.743	0.661	0.995
1.568	0.161	2.104E-2	0.162	0.110	6.689E-3	0.110	-0.197	0.328	0.383
1.585	0.163	2.192E-2	0.165	0.118	2.549E-2	0.121	-0.629	0.628	0.889
1.602	0.165	2.189E-2	0.166	7.944E-2	1.130E-2	8.024E-2	-1.324	0.250	1.348
1.618	0.166	2.230E-2	0.167	7.243E-2	3.942E-2	8.246E-2	-0.205	1.296	1.312
1.635	0.167	2.320E-2	0.169	7.730E-2	5.657E-2	9.579E-2	0.188	0.589	0.619
1.652	0.169	2.418E-2	0.170	7.651E-2	5.777E-2	9.587E-2	-0.270	-0.404	0.486
1.668	0.170	2.513E-2	0.172	7.043E-2	4.423E-2	8.317E-2	-0.108	-1.100	1.106
1.685	0.171	2.566E-2	0.173	6.930E-2	1.941E-2	7.197E-2	0.497	-1.551	1.628
1.702	0.172	2.578E-2	0.174	8.842E-2	-7.224E-3	8.871E-2	1.516	-0.995	1.813
1.718	0.174	2.542E-2	0.176	0.120	-1.677E-2	0.121	1.023	-0.385	1.093
1.735	0.176	2.522E-2	0.178	0.128	-1.612E-2	0.129	1.264	-0.783	1.487
1.752	0.178	2.488E-2	0.180	0.151	-4.166E-2	0.157	0.667	-1.059	1.252
1.768	0.181	2.383E-2	0.183	0.164	-5.777E-2	0.174	0.267	-0.588	0.646
1.785	0.184	2.295E-2	0.185	0.148	-5.615E-2	0.159	-0.586	-0.194	0.617
1.802	0.186	2.195E-2	0.187	0.150	-6.529E-2	0.163	-6.600E-2	-0.154	0.168
1.818	0.189	2.077E-2	0.190	0.145	-6.335E-2	0.158	0.340	0.399	0.524
1.835	0.191	1.984E-2	0.192	0.159	-4.999E-2	0.167	0.151	1.378	1.386
1.852	0.194	1.911E-2	0.195	0.157	-2.012E-2	0.158	-0.371	1.662	1.703
1.869	0.196	1.917E-2	0.197	0.139	1.046E-2	0.140	-1.416	-3.269E-2	1.417
1.885	0.199	1.945E-2	0.200	0.116	-1.770E-2	0.117	-0.319	0.171	0.362
1.902	0.200	1.858E-2	0.201	0.118	-1.995E-3	0.118	0.630	1.623	1.741
1.919	0.202	1.939E-2	0.203	0.147	5.500E-2	0.157	-0.304	1.546	1.575
1.935	0.205	2.041E-2	0.206	0.111	4.633E-2	0.120	-1.459	-0.242	1.479
1.952	0.206	2.093E-2	0.207	8.490E-2	4.041E-2	9.403E-2	-0.940	-0.140	0.951
1.969	0.208	2.176E-2	0.209	8.995E-2	4.682E-2	0.101	-0.544	0.288	0.615
1.985	0.209	2.250E-2	0.210	6.478E-2	4.746E-2	8.030E-2	-0.577	-0.956	1.116
2.002	0.210	2.334E-2	0.211	6.478E-2	2.060E-2	6.798E-2	0.606	-1.607	1.717
2.019	0.211	2.318E-2	0.213	9.079E-2	-1.457E-2	9.196E-2	1.491	-0.651	1.627
2.035	0.213	2.286E-2	0.214	0.113	-8.842E-4	0.113	1.711	-0.118	1.715
2.052	0.215	2.315E-2	0.216	0.147	-8.698E-3	0.147	1.078	-0.971	1.451
2.069	0.218	2.257E-2	0.219	0.155	-4.247E-2	0.161	0.253	-1.743	1.762
2.085	0.220	2.174E-2	0.221	0.148	-6.326E-2	0.161	6.836E-2	-1.129	1.132
2.102	0.223	2.046E-2	0.224	0.160	-8.218E-2	0.180	0.245	-0.404	0.473
2.119	0.226	1.900E-2	0.226	0.158	-7.779E-2	0.176	-0.147	0.145	0.207
2.135	0.228	1.786E-2	0.229	0.152	-7.302E-2	0.168	-0.313	0.341	0.463
2.152	0.231	1.656E-2	0.231	0.150	-7.038E-2	0.166	0.363	1.585	1.626
2.169	0.233	1.551E-2	0.234	0.161	-2.290E-2	0.162	0.713	1.557	1.712
2.186	0.236	1.579E-2	0.237	0.178	-5.044E-3	0.178	6.193E-2	0.737	0.739
2.202	0.239	1.535E-2	0.240	0.164	-1.235E-2	0.164	-0.965	0.232	0.993
2.219	0.242	1.538E-2	0.242	0.141	9.026E-3	0.141	-0.834	0.941	1.257
2.236	0.244	1.565E-2	0.244	0.137	1.851E-2	0.138	-0.398	-0.490	0.631
2.252	0.246	1.600E-2	0.247	0.130	-3.926E-3	0.130	-1.515	-0.226	1.532
2.269	0.248	1.552E-2	0.249	8.859E-2	-6.708E-4	8.859E-2	-1.147	0.625	1.307
2.286	0.249	1.598E-2	0.250	7.975E-2	2.853E-2	8.470E-2	-0.510	0.910	1.043
2.302	0.251	1.647E-2	0.251	8.616E-2	2.630E-2	9.008E-2	0.831	0.554	0.999
2.319	0.252	1.686E-2	0.252	9.476E-2	4.318E-2	0.104	0.485	-0.565	0.745
2.336	0.254	1.791E-2	0.255	0.114	1.976E-2	0.116	0.896	-0.861	1.242
2.352	0.256	1.751E-2	0.256	0.117	-3.608E-3	0.117	0.115	-2.195	2.198
2.369	0.258	1.779E-2	0.258	0.123	-3.433E-2	0.127	0.429	-1.517	1.576
2.386	0.260	1.637E-2	0.260	0.127	-7.324E-2	0.146	0.602	-1.323	1.453
2.402	0.262	1.534E-2	0.263	0.145	-6.706E-2	0.160	1.508	0.317	1.541
2.419	0.265	1.413E-2	0.265	0.175	-6.679E-2	0.188	1.314	-0.840	1.559
2.436	0.268	1.312E-2	0.268	0.194	-8.864E-2	0.213	0.211	0.248	0.326
2.452	0.271	1.117E-2	0.271	0.180	-7.340E-2	0.194	-0.573	0.205	0.609
2.469	0.274	1.067E-2	0.274	0.172	-6.117E-2	0.182	-0.315	2.586E-2	0.316
2.486	0.277	9.133E-3	0.277	0.172	-8.801E-2	0.194	-0.776	-0.113	0.785
2.503	0.280	7.730E-3	0.280	0.148	-6.253E-2	0.161	-0.382	1.259	1.315
2.519	0.282	7.046E-3	0.282	0.150	-4.048E-2	0.155	2.791E-2	1.376	1.376
2.536	0.285	6.379E-3	0.285	0.161	-2.212E-2	0.162	5.112E-2	1.184	1.185
2.553	0.287	6.309E-3	0.287	0.145	3.042E-3	0.145	-0.860	1.280	1.542
2.569	0.290	6.481E-3	0.290	0.135	1.890E-2	0.136	-0.802	5.823E-3	0.802
2.586	0.292	6.939E-3	0.292	0.118	7.502E-3	0.118	-1.219	-0.565	1.344
2.603	0.293	6.731E-3	0.294	9.431E-2	-7.578E-3	9.461E-2	-0.222	0.707	0.741
2.619	0.295	6.686E-3	0.295	0.104	3.060E-2	0.108	0.217	0.495	0.541
2.636	0.297	7.752E-3	0.297	0.112	2.352E-2	0.115	-0.386	-1.425	1.477
2.653	0.299	7.471E-3	0.299	8.517E-2	-3.120E-2	9.070E-2	0.186	-1.687	1.697
2.669	0.300	6.711E-3	0.300	0.112	-3.291E-2	0.117	1.523	-0.665	1.661
2.686	0.302	6.373E-3	0.302	0.149	-4.429E-2	0.155	1.659	-1.263	2.085
2.703	0.305	5.233E-3	0.305	0.160	-8.180E-2	0.179	1.099	-1.100	1.555
2.719	0.308	3.644E-3	0.308	0.187	-8.314E-2	0.205	0.206	-0.711	0.741
2.736	0.311	2.459E-3	0.311	0.173	-9.649E-2	0.198	-0.743	-1.271	1.472
2.753	0.313	4.241E-4	0.313	0.151	-0.133	0.201	-9.047E-2	-4.983E-2	0.103
2.769	0.316	-1.978E-3	0.316	0.174	-0.103	0.203	0.932	1.121	1.458
2.786	0.319	-3.027E-3	0.319	0.186	-7.999E-2	0.203	3.303E-2	0.632	0.633
2.803	0.322	-4.647E-3	0.322	0.173	-9.354E-2	0.197	-1.044	0.319	1.092
2.819	0.325	-6.148E-3	0.325	0.151	-6.890E-2	0.166	-0.289	1.224	1.258
2.836	0.327	-6.946E-3	0.327	0.158	-4.724E-2	0.165	-2.602E-2	1.629	1.629
2.853	0.330	-7.725E-3	0.330	0.160	-2.107E-2	0.162	-0.205	1.289	1.305
2.870	0.333	-7.649E-3	0.333	0.143	3.211E-3	0.143	-0.675	1.072	1.267
2.886	0.335	-7.618E-3	0.335	0.141	9.570E-3	0.141	-0.890	1.459E-2	0.890
2.903	0.337	-7.329E-3	0.337	0.116	7.487E-3	0.116	-1.482	-0.276	1.508
2.920	0.339	-7.368E-3	0.339	8.667E-2	-3.382E-3	8.674E-2	-1.037	-0.386	1.107
2.936	0.340	-7.442E-3	0.340	8.193E-2	-4.319E-3	8.205E-2	0.220	0.578	0.619
2.953	0.342	-7.512E-3	0.342	9.439E-2	1.358E-2	9.536E-2	1.151	0.418	1.224
2.970	0.343	-6.989E-3	0.343	0.120	1.676E-2	0.122	2.012	-0.918	2.212
2.986	0.346	-6.953E-3	0.346	0.161	-2.052E-2	0.163	1.141	-2.030	2.329
3.003	0.349	-7.674E-3	0.349	0.166	-5.388E-2	0.175	-0.142	-2.340	2.344
3.020	0.351	-8.750E-3	0.351	0.147	-9.417E-2	0.175	0.356	-0.977	1.040
3.036	0.354	-1.082E-2	0.354	0.177	-9.722E-2	0.202	0.888	-0.988	1.328
3.053	0.357	-1.199E-2	0.357	0.188	-0.110	0.217	-0.352	-0.870	0.939
3.070	0.360	-1.448E-2	0.360	0.158	-0.142	0.212	0.426	0.363	0.560
3.086	0.362	-1.674E-2	0.363	0.194	-9.580E-2	0.216	2.929E-2	1.640	1.641
3.103	0.366	-1.767E-2	0.367	0.183	-7.440E-2	0.197	-0.562	0.329	0.652
3.120	0.368	-1.922E-2	0.369	0.148	-9.535E-2	0.176	-0.369	1.154	1.211
3.136	0.371	-2.085E-2	0.372	0.184	-4.202E-2	0.189	1.121	1.983	2.278
3.153	0.375	-2.062E-2	0.375	0.186	-9.472E-3	0.186	-0.289	1.022	1.062
3.170	0.378	-2.117E-2	0.378	0.171	-2.387E-2	0.173	-1.020	0.109	1.026
3.187	0.380	-2.142E-2	0.381	0.154	-1.782E-3	0.154	-0.996	1.231	1.583
3.203	0.383	-2.123E-2	0.383	0.136	1.860E-2	0.137	-1.318	0.172	1.329
3.220	0.385	-2.080E-2	0.385	0.112	6.874E-3	0.112	-1.136	-0.709	1.339
3.237	0.386	-2.100E-2	0.387	9.393E-2	-1.162E-2	9.465E-2	0.261	0.355	0.441
3.253	0.388	-2.119E-2	0.389	0.120	1.751E-2	0.121	3.959E-2	6.323E-2	7.460E-2
3.270	0.390	-2.042E-2	0.391	0.108	4.530E-3	0.108	0.232	-0.633	0.674
3.287	0.392	-2.103E-2	0.392	0.108	-2.175E-2	0.110	0.204	-1.186	1.204
3.303	0.394	-2.114E-2	0.395	0.133	-2.245E-2	0.135	1.433	-1.232	1.890
3.320	0.396	-2.178E-2	0.397	0.143	-6.573E-2	0.158	0.545	-2.693	2.748
3.337	0.399	-2.334E-2	0.399	0.160	-0.115	0.197	2.084	-0.702	2.199
3.353	0.401	-2.561E-2	0.402	0.201	-9.708E-2	0.223	0.401	0.204	0.450
3.370	0.406	-2.657E-2	0.406	0.195	-8.908E-2	0.215	-2.682E-2	0.630	0.630
3.387	0.408	-2.858E-2	0.409	0.174	-9.437E-2	0.198	-0.396	-0.597	0.716
3.403	0.411	-2.972E-2	0.412	0.200	-9.348E-2	0.220	-0.566	0.196	0.600
3.420	0.415	-3.170E-2	0.416	0.154	-0.101	0.185	-0.822	1.354	1.584
3.437	0.416	-3.310E-2	0.418	0.156	-4.524E-2	0.162	0.993	1.636	1.914
3.453	0.420	-3.321E-2	0.421	0.204	-3.417E-2	0.207	0.145	0.567	0.585
3.470	0.423	-3.424E-2	0.425	0.164	-4.242E-2	0.169	-1.354	6.974E-2	1.356
3.487	0.425	-3.463E-2	0.427	0.141	-2.252E-2	0.142	-0.421	0.974	1.061
3.504	0.428	-3.499E-2	0.429	0.164	-1.364E-2	0.164	4.873E-2	1.001	1.002
3.520	0.431	-3.508E-2	0.432	0.141	1.082E-2	0.142	-1.401	0.418	1.462
3.537	0.433	-3.463E-2	0.434	0.112	6.694E-3	0.112	-1.286	-0.507	1.382
3.554	0.434	-3.486E-2	0.436	9.962E-2	-1.417E-2	0.101	-0.313	2.903E-2	0.315
3.570	0.436	-3.510E-2	0.437	0.101	7.293E-3	0.101	0.712	0.650	0.963
3.587	0.438	-3.462E-2	0.439	0.123	1.578E-2	0.124	1.695	-0.530	1.775
3.604	0.440	-3.458E-2	0.441	0.159	-1.491E-2	0.159	1.356	-2.167	2.556
3.620	0.443	-3.511E-2	0.444	0.172	-5.608E-2	0.181	-0.301	-2.363	2.382
3.637	0.446	-3.645E-2	0.447	0.147	-9.587E-2	0.176	0.552	-1.391	1.496
3.654	0.448	-3.831E-2	0.450	0.179	-0.105	0.207	1.861	4.571E-2	1.862
3.670	0.452	-3.994E-2	0.454	0.227	-9.099E-2	0.245	0.680	-0.449	0.815
3.687	0.456	-4.135E-2	0.457	0.197	-0.114	0.228	-0.871	-0.172	0.888
3.704	0.458	-4.376E-2	0.460	0.188	-0.111	0.218	-1.179	8.587E-3	1.179
3.720	0.462	-4.505E-2	0.464	0.172	-9.748E-2	0.198	0.820	1.273	1.514
3.737	0.464	-4.701E-2	0.466	0.195	-8.379E-2	0.212	0.172	0.621	0.645
3.754	0.468	-4.785E-2	0.471	0.205	-6.253E-2	0.215	-0.670	0.919	1.137
3.770	0.471	-4.910E-2	0.474	0.152	-6.315E-2	0.165	-1.301	1.344	1.870
3.787	0.473	-4.995E-2	0.476	0.164	-1.743E-2	0.165	0.693	1.411	1.572
3.804	0.476	-4.968E-2	0.479	0.182	-4.978E-3	0.182	0.224	0.369	0.431
3.820	0.479	-5.012E-2	0.482	0.170	-1.742E-2	0.171	-1.180	0.355	1.232
3.837	0.482	-5.026E-2	0.485	0.142	9.919E-3	0.142	-1.605	0.450	1.667
3.854	0.484	-4.979E-2	0.487	0.114	4.835E-3	0.114	-1.013	0.210	1.035
3.871	0.486	-5.010E-2	0.489	0.107	4.372E-3	0.107	0.183	-0.794	0.814
3.887	0.488	-4.964E-2	0.490	0.121	-6.893E-3	0.121	0.502	-0.115	0.515
3.904	0.490	-5.033E-2	0.493	0.127	-1.605E-2	0.128	0.277	-0.746	0.796
3.921	0.492	-5.018E-2	0.495	0.127	-1.617E-2	0.128	0.739	-1.476	1.651
3.937	0.494	-5.087E-2	0.497	0.151	-7.170E-2	0.167	0.621	-2.705	2.776
3.954	0.497	-5.257E-2	0.500	0.155	-0.110	0.190	1.047	-0.859	1.354
3.971	0.499	-5.455E-2	0.502	0.174	-0.101	0.201	0.737	-0.569	0.931
3.987	0.503	-5.594E-2	0.506	0.194	-0.118	0.227	0.981	-2.187E-2	0.981
4.004	0.506	-5.849E-2	0.509	0.195	-0.119	0.229	-0.462	-0.372	0.593
4.021	0.509	-5.991E-2	0.513	0.188	-0.112	0.219	0.110	0.854	0.861
4.037	0.512	-6.223E-2	0.516	0.187	-0.108	0.216	-1.092E-2	0.231	0.231
4.054	0.516	-6.350E-2	0.520	0.199	-8.954E-2	0.218	-0.362	0.820	0.896
4.071	0.519	-6.522E-2	0.523	0.172	-9.032E-2	0.194	-1.396	0.483	1.477
4.087	0.521	-6.651E-2	0.526	0.149	-6.918E-2	0.164	-7.419E-4	2.010	2.010
4.104	0.524	-6.752E-2	0.528	0.169	-2.735E-2	0.171	0.861	1.467	1.701
4.121	0.527	-6.743E-2	0.531	0.187	-9.729E-3	0.187	-2.868E-2	0.775	0.776
4.137	0.530	-6.785E-2	0.534	0.165	-1.252E-2	0.165	-1.472	0.489	1.551
4.154	0.532	-6.784E-2	0.537	0.136	1.095E-2	0.137	-1.065	4.920E-2	1.066
4.171	0.535	-6.748E-2	0.539	0.127	-5.759E-3	0.127	-0.711	-0.100	0.718
4.188	0.537	-6.804E-2	0.541	0.117	-5.658E-3	0.118	-0.944	-0.760	1.211
4.204	0.538	-6.767E-2	0.543	9.261E-2	-1.421E-2	9.370E-2	0.280	-0.512	0.583
4.221	0.540	-6.851E-2	0.544	0.120	-3.860E-2	0.126	1.190	-1.081	1.607
4.238	0.542	-6.896E-2	0.547	0.147	-3.995E-2	0.152	1.476	-1.178	1.888
4.254	0.545	-6.984E-2	0.549	0.157	-7.947E-2	0.176	0.258	-2.310	2.325
4.271	0.548	-7.161E-2	0.552	0.165	-0.121	0.205	1.581	-1.276	2.032
4.288	0.550	-7.387E-2	0.555	0.196	-0.124	0.232	0.666	0.424	0.789
4.304	0.554	-7.575E-2	0.559	0.207	-0.103	0.231	3.773E-2	-0.352	0.354
4.321	0.557	-7.729E-2	0.562	0.180	-0.129	0.222	-0.297	-0.312	0.431
4.338	0.560	-8.006E-2	0.566	0.202	-0.130	0.240	0.909	1.070	1.404
4.354	0.564	-8.164E-2	0.570	0.214	-8.010E-2	0.229	6.586E-2	1.255	1.257
4.371	0.567	-8.274E-2	0.573	0.203	-8.641E-2	0.220	-0.999	0.753	1.251
4.388	0.571	-8.452E-2	0.577	0.181	-6.838E-2	0.193	-1.115	0.817	1.382
4.404	0.573	-8.502E-2	0.580	0.164	-4.330E-2	0.169	0.425	1.314	1.381
4.421	0.576	-8.597E-2	0.582	0.191	-3.673E-2	0.195	0.749	0.339	0.823
4.438	0.580	-8.624E-2	0.586	0.201	-2.339E-2	0.202	-0.313	0.642	0.714
4.454	0.583	-8.675E-2	0.589	0.171	-2.134E-2	0.173	-1.654	0.727	1.807
4.471	0.586	-8.696E-2	0.592	0.149	2.200E-3	0.149	-0.815	0.771	1.122
4.488	0.588	-8.667E-2	0.594	0.141	8.567E-3	0.141	-0.179	8.527E-2	0.198
4.505	0.590	-8.667E-2	0.597	0.146	4.705E-4	0.146	-0.615	-1.305	1.443
4.521	0.593	-8.666E-2	0.599	0.122	-2.937E-2	0.126	0.259	-0.472	0.539
4.538	0.594	-8.765E-2	0.601	0.142	-2.841E-2	0.145	1.309	-0.982	1.636
4.555	0.597	-8.760E-2	0.604	0.182	-4.246E-2	0.187	0.960	-2.008	2.226
4.571	0.600	-8.907E-2	0.607	0.169	-0.110	0.201	0.681	-2.271	2.371
4.588	0.603	-9.126E-2	0.610	0.197	-0.120	0.231	0.866	-0.171	0.883
4.605	0.607	-9.306E-2	0.614	0.213	-0.109	0.239	1.160	0.339	1.209
4.621	0.610	-9.489E-2	0.617	0.220	-0.110	0.246	-0.450	-0.781	0.901
4.638	0.614	-9.674E-2	0.622	0.215	-0.132	0.252	0.362	0.403	0.542
4.655	0.617	-9.929E-2	0.625	0.213	-0.109	0.239	-0.854	0.511	0.995
4.671	0.621	-0.100	0.629	0.206	-9.505E-2	0.227	-0.144	0.937	0.948
4.688	0.624	-0.102	0.633	0.189	-9.654E-2	0.212	0.385	0.772	0.863
4.705	0.628	-0.104	0.636	0.229	-5.829E-2	0.236	0.641	0.883	1.092
4.721	0.632	-0.104	0.640	0.216	-6.585E-2	0.226	-0.733	0.992	1.233
4.738	0.635	-0.106	0.644	0.193	-3.801E-2	0.196	-1.745	1.003	2.013
4.755	0.638	-0.106	0.647	0.168	-1.395E-2	0.169	-0.800	0.718	1.075
4.771	0.641	-0.106	0.649	0.154	-2.762E-2	0.157	-0.497	-7.290E-2	0.503
4.788	0.643	-0.107	0.652	0.162	-1.234E-2	0.162	-0.286	0.856	0.903
4.805	0.646	-0.107	0.655	0.141	1.284E-3	0.141	-0.527	0.379	0.650
4.821	0.648	-0.107	0.657	0.141	1.644E-3	0.141	0.426	-0.406	0.589
4.838	0.651	-0.107	0.659	0.159	-1.330E-2	0.160	0.261	-1.043	1.075
4.855	0.653	-0.107	0.662	0.152	-3.356E-2	0.156	0.367	-1.705	1.744
4.872	0.656	-0.108	0.664	0.162	-6.845E-2	0.176	0.997	-1.199	1.559
4.888	0.659	-0.109	0.668	0.194	-8.064E-2	0.210	1.017	-0.952	1.393
4.905	0.662	-0.110	0.671	0.195	-9.028E-2	0.215	1.200	-1.065	1.604
4.922	0.665	-0.112	0.675	0.226	-0.123	0.257	0.505	-0.863	1.000
4.938	0.670	-0.115	0.679	0.228	-0.121	0.258	0.522	0.256	0.582
4.955	0.673	-0.116	0.683	0.225	-0.109	0.249	-0.615	0.448	0.761
4.972	0.677	-0.118	0.687	0.225	-0.108	0.250	-7.874E-2	0.555	0.561
4.988	0.680	-0.120	0.691	0.207	-9.198E-2	0.227	-0.471	0.275	0.545
5.005	0.684	-0.121	0.695	0.218	-9.261E-2	0.236	1.073	1.402	1.765
5.022	0.688	-0.123	0.699	0.238	-5.869E-2	0.245	-0.730	1.388	1.569
5.038	0.692	-0.123	0.703	0.207	-2.748E-2	0.209	-1.061	1.561	1.887
5.055	0.695	-0.124	0.706	0.181	-2.210E-2	0.182	-0.761	0.143	0.774
5.072	0.698	-0.124	0.709	0.198	-1.164E-2	0.198	-0.131	0.504	0.521
5.088	0.701	-0.124	0.712	0.172	-1.383E-2	0.173			
5.105	0.704	-0.124	0.715						
