	mass A									
t	x	y	r	vx	vy	v	ax	ay	a	
0.000	3.261E-3	-1.281E-3	3.504E-3						
0.017	6.127E-3	-4.800E-4	6.146E-3	0.163	5.851E-2	0.173			
0.033	8.697E-3	6.707E-4	8.723E-3	0.146	8.614E-2	0.170	-0.914	1.180	1.492
0.050	1.102E-2	2.394E-3	1.127E-2	0.132	0.102	0.167	-0.905	0.884	1.265
0.067	1.312E-2	4.058E-3	1.373E-2	0.117	0.111	0.161	-1.153	0.371	1.211
0.083	1.491E-2	6.100E-3	1.611E-2	9.422E-2	0.118	0.151	-1.633	0.623	1.748
0.100	1.626E-2	7.996E-3	1.812E-2	6.242E-2	0.127	0.142	-1.794	0.426	1.844
0.117	1.700E-2	1.034E-2	1.989E-2	3.267E-2	0.137	0.141	-1.052	-6.680E-2	1.055
0.133	1.735E-2	1.257E-2	2.143E-2	2.598E-2	0.123	0.126	0.392	-0.853	0.939
0.150	1.786E-2	1.446E-2	2.298E-2	4.648E-2	0.107	0.117	0.830	-0.815	1.163
0.167	1.890E-2	1.614E-2	2.486E-2	5.809E-2	9.664E-2	0.113	0.974	-0.806	1.264
0.184	1.980E-2	1.768E-2	2.655E-2	7.284E-2	8.133E-2	0.109	1.720	-1.364	2.195
0.200	2.133E-2	1.886E-2	2.847E-2	0.118	5.134E-2	0.128	2.571	-1.679	3.071
0.217	2.373E-2	1.940E-2	3.065E-2	0.161	2.277E-2	0.163	2.294	-1.336	2.654
0.234	2.670E-2	1.962E-2	3.313E-2	0.193	7.589E-3	0.193	1.402	-0.678	1.557
0.250	3.018E-2	1.965E-2	3.601E-2	0.209	1.368E-4	0.209	0.384	-0.229	0.447
0.267	3.369E-2	1.962E-2	3.899E-2	0.205	1.624E-5	0.205	-7.778E-2	-0.327	0.336
0.284	3.702E-2	1.965E-2	4.191E-2	0.204	-8.567E-3	0.205	2.895E-2	-0.585	0.586
0.300	4.051E-2	1.934E-2	4.489E-2	0.208	-2.220E-2	0.209	-0.446	-2.498E-3	0.446
0.317	4.397E-2	1.891E-2	4.786E-2	0.191	-1.033E-2	0.191	-0.914	0.954	1.321
0.334	4.688E-2	1.899E-2	5.058E-2	0.173	1.329E-2	0.174	-0.922	1.344	1.630
0.350	4.976E-2	1.935E-2	5.339E-2	0.163	3.310E-2	0.167	-0.720	1.470	1.637
0.367	5.233E-2	2.010E-2	5.606E-2	0.148	6.194E-2	0.160	-0.719	1.248	1.440
0.384	5.470E-2	2.142E-2	5.874E-2	0.139	7.823E-2	0.160	-0.798	0.740	1.088
0.400	5.698E-2	2.271E-2	6.133E-2	0.124	8.300E-2	0.149	-1.246	0.546	1.360
0.417	5.882E-2	2.419E-2	6.360E-2	9.616E-2	9.711E-2	0.137	-1.851	0.697	1.978
0.434	6.019E-2	2.595E-2	6.554E-2	6.244E-2	0.107	0.124	-1.279	0.260	1.305
0.450	6.090E-2	2.778E-2	6.693E-2	4.900E-2	0.106	0.117	-0.284	-0.584	0.649
0.467	6.182E-2	2.948E-2	6.849E-2	5.724E-2	8.851E-2	0.105	0.457	-1.181	1.266
0.484	6.281E-2	3.073E-2	6.992E-2	6.338E-2	6.458E-2	9.048E-2	1.196	-1.051	1.592
0.501	6.394E-2	3.163E-2	7.133E-2	9.419E-2	5.254E-2	0.108	2.118	-1.239	2.453
0.517	6.595E-2	3.248E-2	7.352E-2	0.139	2.766E-2	0.141	2.476	-1.793	3.056
0.534	6.856E-2	3.255E-2	7.589E-2	0.175	-1.149E-2	0.176	1.992	-2.181	2.954
0.551	7.180E-2	3.210E-2	7.865E-2	0.206	-4.390E-2	0.211	1.380	-1.361	1.938
0.567	7.544E-2	3.109E-2	8.160E-2	0.222	-5.954E-2	0.229	0.589	-0.530	0.793
0.584	7.919E-2	3.011E-2	8.472E-2	0.225	-5.888E-2	0.233	0.248	-0.366	0.442
0.601	8.295E-2	2.912E-2	8.792E-2	0.229	-7.042E-2	0.239	-5.739E-2	-0.124	0.137
0.617	8.683E-2	2.776E-2	9.116E-2	0.225	-6.808E-2	0.235	-0.321	0.499	0.593
0.634	9.047E-2	2.685E-2	9.437E-2	0.216	-4.909E-2	0.221	-0.415	1.427	1.486
0.651	9.404E-2	2.612E-2	9.760E-2	0.212	-2.368E-2	0.213	-0.552	1.179	1.302
0.667	9.754E-2	2.606E-2	0.101	0.199	-4.694E-3	0.199	-1.010	1.318	1.660
0.684	0.101	2.597E-2	0.104	0.177	1.432E-2	0.177	-0.794	1.065	1.329
0.701	0.103	2.654E-2	0.107	0.170	3.638E-2	0.174	-0.596	1.443	1.561
0.717	0.106	2.718E-2	0.110	0.162	5.751E-2	0.172	-1.140	0.539	1.261
0.734	0.109	2.846E-2	0.112	0.131	6.162E-2	0.144	-2.014	0.309	2.037
0.751	0.111	2.924E-2	0.115	9.383E-2	5.906E-2	0.111	-1.699	0.297	1.725
0.767	0.112	3.043E-2	0.116	7.160E-2	7.646E-2	0.105	-0.638	9.968E-2	0.645
0.784	0.113	3.179E-2	0.117	7.351E-2	6.450E-2	9.779E-2	0.311	-1.133	1.175
0.801	0.114	3.258E-2	0.119	8.334E-2	3.486E-2	9.034E-2	0.996	-0.831	1.297
0.817	0.116	3.295E-2	0.120	0.105	3.392E-2	0.110	1.582	-0.900	1.820
0.834	0.118	3.371E-2	0.123	0.138	1.441E-2	0.139	1.916	-1.478	2.420
0.851	0.120	3.343E-2	0.125	0.169	-2.481E-2	0.171	2.206	-2.176	3.098
0.868	0.124	3.288E-2	0.128	0.210	-5.312E-2	0.216	1.950	-1.510	2.466
0.884	0.127	3.166E-2	0.131	0.239	-7.904E-2	0.252	1.126	-1.147	1.607
0.901	0.132	3.025E-2	0.135	0.244	-8.943E-2	0.260	-6.608E-2	-0.506	0.511
0.918	0.136	2.868E-2	0.139	0.238	-9.620E-2	0.257	-0.584	-3.306E-2	0.585
0.934	0.139	2.704E-2	0.142	0.223	-9.141E-2	0.241	-0.604	0.536	0.807
0.951	0.143	2.563E-2	0.145	0.217	-7.715E-2	0.230	-0.401	1.054	1.128
0.968	0.147	2.446E-2	0.149	0.212	-5.690E-2	0.219	-0.596	1.125	1.273
0.984	0.150	2.373E-2	0.152	0.196	-3.791E-2	0.200	-0.360	1.569	1.610
1.001	0.153	2.320E-2	0.155	0.197	-7.995E-3	0.197	-0.623	1.354	1.491
1.018	0.157	2.346E-2	0.158	0.183	1.350E-2	0.183	-1.031	0.965	1.412
1.034	0.159	2.365E-2	0.161	0.155	1.906E-2	0.156	-1.213	0.752	1.427
1.051	0.162	2.410E-2	0.164	0.145	3.934E-2	0.150	-1.037	0.937	1.398
1.068	0.164	2.496E-2	0.166	0.122	5.267E-2	0.133	-1.730	0.656	1.851
1.084	0.166	2.585E-2	0.168	8.577E-2	5.893E-2	0.104	-1.275	-0.224	1.295
1.101	0.167	2.693E-2	0.169	7.558E-2	4.885E-2	8.999E-2	-0.170	-0.871	0.887
1.118	0.168	2.748E-2	0.171	8.508E-2	2.576E-2	8.890E-2	0.859	-0.953	1.283
1.134	0.170	2.779E-2	0.172	0.101	1.723E-2	0.103	1.389	-0.850	1.629
1.151	0.172	2.806E-2	0.174	0.133	4.679E-4	0.133	1.925	-1.879	2.690
1.168	0.174	2.780E-2	0.177	0.166	-4.555E-2	0.172	1.630	-2.183	2.724
1.185	0.177	2.654E-2	0.179	0.189	-7.835E-2	0.204	1.700	-1.747	2.437
1.201	0.181	2.519E-2	0.182	0.219	-9.786E-2	0.240	1.050	-0.727	1.278
1.218	0.185	2.327E-2	0.186	0.231	-0.108	0.255	0.458	-0.507	0.683
1.235	0.188	2.158E-2	0.190	0.227	-0.109	0.252	-0.508	0.191	0.543
1.251	0.192	1.963E-2	0.193	0.220	-0.106	0.244	-0.285	0.289	0.406
1.268	0.196	1.803E-2	0.197	0.211	-9.544E-2	0.232	-0.444	0.345	0.563
1.285	0.199	1.644E-2	0.200	0.210	-9.631E-2	0.231	-0.443	1.541	1.604
1.301	0.203	1.482E-2	0.203	0.195	-5.096E-2	0.201	-0.987	1.684	1.952
1.318	0.206	1.474E-2	0.206	0.177	-2.394E-2	0.179	-0.841	1.171	1.442
1.335	0.209	1.402E-2	0.209	0.165	-2.644E-2	0.167	-0.731	0.499	0.886
1.351	0.211	1.386E-2	0.212	0.155	-9.304E-4	0.155	-0.463	1.564	1.631
1.368	0.214	1.399E-2	0.214	0.147	2.355E-2	0.149	-1.245	1.086	1.652
1.385	0.216	1.465E-2	0.217	0.119	3.868E-2	0.125	-1.555	1.265	2.005
1.401	0.218	1.528E-2	0.218	8.720E-2	6.012E-2	0.106	-1.031	-5.030E-2	1.032
1.418	0.219	1.665E-2	0.220	8.761E-2	4.828E-2	0.100	0.556	-1.039	1.179
1.435	0.221	1.689E-2	0.221	0.105	1.279E-2	0.106	0.953	-1.323	1.630
1.451	0.223	1.708E-2	0.223	0.123	8.908E-3	0.123	1.084	-0.993	1.470
1.468	0.225	1.719E-2	0.225	0.138	-1.738E-2	0.139	1.416	-2.505	2.877
1.485	0.227	1.650E-2	0.228	0.170	-7.618E-2	0.186	1.517	-2.666	3.067
1.502	0.230	1.465E-2	0.231	0.192	-0.113	0.223	1.317	-1.629	2.095
1.518	0.234	1.274E-2	0.234	0.210	-0.125	0.244	1.262	-0.613	1.402
1.535	0.237	1.049E-2	0.238	0.237	-0.136	0.273	0.599	-8.260E-2	0.605
1.552	0.242	8.213E-3	0.242	0.233	-0.127	0.266	-0.548	0.145	0.567
1.568	0.245	6.240E-3	0.245	0.213	-0.127	0.248	-0.347	0.556	0.655
1.585	0.249	3.979E-3	0.249	0.221	-0.115	0.249	-8.200E-2	1.333	1.335
1.602	0.253	2.387E-3	0.253	0.217	-7.794E-2	0.230	-0.600	1.181	1.325
1.618	0.256	1.378E-3	0.256	0.195	-7.225E-2	0.208	-0.683	1.403	1.561
1.635	0.259	-2.357E-5	0.259	0.194	-4.286E-2	0.199	-0.422	1.168	1.242
1.652	0.262	-5.178E-5	0.262	0.185	-1.756E-2	0.186	-0.678	1.261	1.432
1.668	0.265	-6.094E-4	0.265	0.167	-1.398E-2	0.168	-1.064	0.800	1.331
1.685	0.268	-5.182E-4	0.268	0.152	1.553E-2	0.153	-0.986	1.667	1.937
1.702	0.270	-9.112E-5	0.270	0.133	3.973E-2	0.139	-1.492	0.685	1.642
1.718	0.272	8.073E-4	0.272	0.105	4.258E-2	0.113	-1.187	-0.386	1.249
1.735	0.274	1.330E-3	0.274	8.785E-2	2.281E-2	9.076E-2	0.282	-0.635	0.694
1.752	0.275	1.568E-3	0.275	0.115	1.980E-2	0.116	1.196	-0.133	1.204
1.768	0.278	1.990E-3	0.278	0.134	2.166E-2	0.136	0.716	-1.007	1.236
1.785	0.280	2.291E-3	0.280	0.134	-1.142E-2	0.134	0.741	-2.456	2.565
1.802	0.282	1.610E-3	0.282	0.158	-6.477E-2	0.170	1.545	-1.940	2.480
1.818	0.285	1.300E-4	0.285	0.189	-8.001E-2	0.206	1.494	-1.873	2.396
1.835	0.288	-1.060E-3	0.288	0.207	-0.115	0.237	0.539	-1.344	1.448
1.852	0.292	-3.711E-3	0.292	0.208	-0.141	0.252	0.571	-0.810	0.991
1.869	0.295	-5.769E-3	0.295	0.221	-0.130	0.256	0.104	0.566	0.575
1.885	0.299	-8.045E-3	0.299	0.220	-0.128	0.255	0.176	0.529	0.557
1.902	0.303	-1.004E-2	0.303	0.217	-0.110	0.243	-0.697	0.227	0.733
1.919	0.307	-1.172E-2	0.307	0.207	-0.117	0.238	-0.502	0.703	0.864
1.935	0.310	-1.393E-2	0.310	0.190	-9.747E-2	0.213	-0.228	1.816	1.830
1.952	0.313	-1.497E-2	0.313	0.204	-4.623E-2	0.209	-0.114	1.742	1.746
1.969	0.316	-1.547E-2	0.317	0.190	-3.841E-2	0.194	-0.787	0.588	0.983
1.985	0.319	-1.626E-2	0.320	0.171	-3.335E-2	0.174	-0.787	1.396	1.602
2.002	0.322	-1.658E-2	0.323	0.168	9.167E-3	0.168	-0.194	1.498	1.511
2.019	0.325	-1.595E-2	0.325	0.163	2.482E-2	0.165	-0.662	0.363	0.755
2.035	0.328	-1.576E-2	0.328	0.148	1.317E-2	0.149	-1.207	0.975	1.552
2.052	0.330	-1.551E-2	0.330	0.121	5.408E-2	0.132	-1.383	0.841	1.619
2.069	0.332	-1.395E-2	0.332	0.101	5.741E-2	0.116	-3.018E-2	-0.131	0.134
2.085	0.333	-1.359E-2	0.333	0.117	3.225E-2	0.121	0.860	-1.190	1.468
2.102	0.335	-1.288E-2	0.336	0.137	2.808E-2	0.140	0.856	-1.388	1.631
2.119	0.338	-1.266E-2	0.338	0.141	-1.580E-2	0.142	0.936	-3.020	3.162
2.135	0.340	-1.340E-2	0.340	0.167	-7.451E-2	0.183	1.846	-2.305	2.953
2.152	0.343	-1.514E-2	0.344	0.205	-9.803E-2	0.227	1.522	-1.340	2.028
2.169	0.347	-1.667E-2	0.347	0.220	-0.110	0.247	0.504	-0.857	0.995
2.186	0.351	-1.883E-2	0.351	0.219	-0.132	0.256	1.617E-2	-0.816	0.816
2.202	0.354	-2.109E-2	0.355	0.221	-0.136	0.260	0.260	-1.662E-2	0.261
2.219	0.358	-2.336E-2	0.359	0.227	-0.133	0.263	0.175	0.958	0.974
2.236	0.362	-2.553E-2	0.363	0.228	-0.106	0.252	-0.870	0.760	1.155
2.252	0.366	-2.691E-2	0.367	0.200	-9.904E-2	0.223	-0.615	1.440	1.566
2.269	0.369	-2.884E-2	0.370	0.198	-7.249E-2	0.211	8.286E-2	2.062	2.064
2.286	0.372	-2.933E-2	0.373	0.214	-1.743E-2	0.215	-0.438	1.638	1.695
2.302	0.376	-2.942E-2	0.377	0.182	-1.855E-2	0.183	-1.258	-9.468E-2	1.261
2.319	0.378	-2.995E-2	0.380	0.164	-2.687E-2	0.167	-0.940	0.481	1.056
2.336	0.381	-3.031E-2	0.382	0.159	-1.997E-3	0.159	-0.255	1.650	1.669
2.352	0.384	-3.002E-2	0.385	0.150	3.122E-2	0.153	-0.610	1.861	1.959
2.369	0.386	-2.927E-2	0.387	0.143	5.904E-2	0.155	-0.902	7.904E-2	0.906
2.386	0.388	-2.805E-2	0.389	0.118	4.075E-2	0.125	-1.057	-0.663	1.248
2.402	0.390	-2.791E-2	0.391	0.106	2.333E-2	0.108	0.353	-1.193	1.244
2.419	0.392	-2.727E-2	0.393	0.129	1.358E-2	0.130	1.545	-1.199	1.956
2.436	0.394	-2.746E-2	0.395	0.162	-2.420E-2	0.163	0.782	-2.454	2.575
2.452	0.397	-2.808E-2	0.398	0.157	-6.442E-2	0.170	1.036	-1.833	2.105
2.469	0.400	-2.961E-2	0.401	0.184	-9.146E-2	0.206	1.800	-1.278	2.208
2.486	0.403	-3.113E-2	0.405	0.231	-0.101	0.252	1.211	-0.809	1.456
2.503	0.407	-3.300E-2	0.409	0.222	-0.120	0.252	-0.572	-0.731	0.928
2.519	0.411	-3.514E-2	0.412	0.207	-0.127	0.243	-0.550	-1.212	1.331
2.536	0.414	-3.723E-2	0.416	0.205	-0.155	0.257	0.225	-0.192	0.296
2.553	0.418	-4.031E-2	0.420	0.213	-0.147	0.259	0.227	1.462	1.479
2.569	0.421	-4.215E-2	0.424	0.217	-9.367E-2	0.236	-0.672	1.519	1.661
2.586	0.425	-4.344E-2	0.427	0.191	-9.472E-2	0.213	-0.563	1.148	1.279
2.603	0.428	-4.531E-2	0.430	0.190	-6.899E-2	0.202	-0.481	1.126	1.224
2.619	0.431	-4.574E-2	0.434	0.186	-4.015E-2	0.191	-0.128	1.914	1.918
2.636	0.434	-4.665E-2	0.437	0.175	-2.040E-2	0.176	-0.410	0.820	0.917
2.653	0.437	-4.642E-2	0.440	0.180	9.558E-4	0.180	-0.498	0.940	1.064
2.669	0.440	-4.662E-2	0.442	0.157	5.792E-4	0.157	-0.881	0.931	1.282
2.686	0.442	-4.640E-2	0.445	0.146	3.443E-2	0.150	-1.290	0.883	1.563
2.703	0.445	-4.547E-2	0.447	0.122	3.699E-2	0.128	-0.487	0.209	0.530
2.719	0.446	-4.517E-2	0.449	0.117	3.116E-2	0.121	-0.789	-1.229	1.461
2.736	0.449	-4.443E-2	0.451	0.111	7.546E-3	0.112	0.329	-1.170	1.215
2.753	0.450	-4.491E-2	0.452	0.112	-2.124E-2	0.114	0.605	-1.766	1.866
2.769	0.453	-4.514E-2	0.455	0.144	-4.014E-2	0.150	1.800	-1.752	2.512
2.786	0.455	-4.625E-2	0.457	0.165	-8.571E-2	0.186	1.387	-1.510	2.050
2.803	0.458	-4.800E-2	0.461	0.194	-9.369E-2	0.216	0.891	-0.445	0.996
2.819	0.461	-4.938E-2	0.464	0.196	-9.322E-2	0.217	0.416	-1.861	1.907
2.836	0.465	-5.111E-2	0.467	0.203	-0.153	0.254	0.195	-1.719	1.730
2.853	0.468	-5.449E-2	0.471	0.209	-0.168	0.268	0.114	0.126	0.170
2.870	0.472	-5.672E-2	0.475	0.202	-0.132	0.242	-0.397	0.511	0.647
2.886	0.475	-5.891E-2	0.479	0.198	-0.153	0.250	-8.154E-2	0.566	0.572
2.903	0.478	-6.181E-2	0.482	0.197	-0.127	0.234	-0.154	2.210	2.216
2.920	0.482	-6.313E-2	0.486	0.196	-6.423E-2	0.206	5.196E-2	1.621	1.622
2.936	0.485	-6.396E-2	0.489	0.196	-7.191E-2	0.208	-0.563	-0.404	0.693
2.953	0.488	-6.553E-2	0.492	0.182	-8.718E-2	0.202	-0.170	1.274	1.285
2.970	0.491	-6.687E-2	0.495	0.181	-3.120E-2	0.183	-0.161	2.023	2.029
2.986	0.494	-6.657E-2	0.499	0.187	-3.643E-3	0.187	-0.716	1.329	1.509
3.003	0.497	-6.699E-2	0.502	0.154	-3.107E-3	0.154	-1.219	0.898	1.514
3.020	0.499	-6.667E-2	0.504	0.141	3.356E-2	0.145	-1.552	0.395	1.601
3.036	0.502	-6.587E-2	0.506	0.112	1.578E-2	0.113	5.135E-2	-0.691	0.693
3.053	0.503	-6.615E-2	0.507	0.124	-2.871E-3	0.124	0.778	-0.695	1.043
3.070	0.506	-6.596E-2	0.510	0.159	2.417E-3	0.159	1.053	-0.815	1.332
3.086	0.508	-6.607E-2	0.513	0.148	-3.096E-2	0.152	0.509	-1.822	1.892
3.103	0.511	-6.700E-2	0.515	0.175	-6.318E-2	0.186	1.232	-2.767	3.029
3.120	0.514	-6.817E-2	0.519	0.196	-0.115	0.228	1.135	-2.352	2.612
3.136	0.517	-7.085E-2	0.522	0.207	-0.154	0.258	0.642	-1.336	1.482
3.153	0.521	-7.332E-2	0.526	0.222	-0.151	0.269	0.408	0.184	0.447
3.170	0.525	-7.590E-2	0.530	0.220	-0.151	0.266	-0.126	0.208	0.243
3.187	0.528	-7.834E-2	0.534	0.216	-0.143	0.259	-0.131	0.452	0.471
3.203	0.532	-8.068E-2	0.538	0.216	-0.136	0.255	0.243	0.844	0.879
3.220	0.536	-8.287E-2	0.542	0.223	-0.116	0.251	0.112	1.533	1.538
3.237	0.539	-8.457E-2	0.546	0.223	-8.356E-2	0.238	-0.259	1.664	1.684
3.253	0.543	-8.566E-2	0.550	0.212	-5.884E-2	0.220	0.176	1.438	1.448
3.270	0.546	-8.653E-2	0.553	0.226	-3.824E-2	0.229	-0.610	0.388	0.723
3.287	0.551	-8.694E-2	0.557	0.203	-4.055E-2	0.207	-1.026	0.801	1.302
3.303	0.553	-8.789E-2	0.560	0.175	-2.297E-2	0.177	-1.285	1.189	1.751
3.320	0.556	-8.770E-2	0.563	0.173	1.107E-2	0.173	-6.822E-2	1.555	1.557
3.337	0.559	-8.752E-2	0.566	0.165	2.257E-2	0.167	-0.812	0.543	0.977
3.353	0.562	-8.695E-2	0.569	0.153	3.256E-2	0.157	-0.449	-0.181	0.485
3.370	0.564	-8.643E-2	0.571	0.142	1.664E-2	0.143	4.700E-2	-1.213	1.214
3.387	0.567	-8.640E-2	0.573	0.159	-1.019E-2	0.160	0.576	-1.701	1.796
3.403	0.569	-8.677E-2	0.576	0.163	-3.910E-2	0.167	0.412	-1.990	2.032
3.420	0.572	-8.770E-2	0.579	0.169	-7.665E-2	0.185	0.892	-1.245	1.532
3.437	0.575	-8.933E-2	0.582	0.194	-8.586E-2	0.213	1.174	-1.018	1.554
3.453	0.579	-9.057E-2	0.586	0.210	-0.101	0.233	0.994	-0.914	1.350
3.470	0.582	-9.268E-2	0.589	0.224	-0.126	0.257	0.265	-0.655	0.706
3.487	0.586	-9.476E-2	0.594	0.224	-0.119	0.254			
3.504	0.590	-9.666E-2	0.597						
