	mass B									
t	x	y	r	vx	vy	v	ax	ay	a	
0.000	1.318E-3	9.400E-4	1.619E-3						
0.017	3.335E-3	2.481E-3	4.157E-3	0.135	9.708E-2	0.166			
0.033	5.811E-3	4.179E-3	7.158E-3	0.142	0.109	0.179	-0.364	0.508	0.625
0.050	8.072E-3	6.115E-3	1.013E-2	0.121	0.115	0.167	-1.247	-5.512E-2	1.249
0.067	9.842E-3	8.032E-3	1.270E-2	9.819E-2	0.107	0.145	-1.167	-0.508	1.273
0.083	1.135E-2	9.686E-3	1.492E-2	8.280E-2	9.670E-2	0.127	-1.312	0.224	1.331
0.100	1.260E-2	1.126E-2	1.690E-2	5.614E-2	0.112	0.126	-1.398	0.546	1.501
0.117	1.322E-2	1.343E-2	1.885E-2	3.239E-2	0.122	0.126	-0.781	0.460	0.907
0.133	1.369E-2	1.532E-2	2.054E-2	3.103E-2	0.121	0.125	-0.640	-0.265	0.693
0.150	1.426E-2	1.749E-2	2.256E-2	1.532E-2	0.118	0.119	-0.995	0.834	1.298
0.167	1.420E-2	1.926E-2	2.393E-2	-7.488E-3	0.140	0.140	-0.681	0.596	0.905
0.184	1.401E-2	2.215E-2	2.621E-2	-6.488E-3	0.152	0.152	0.286	-0.599	0.664
0.200	1.398E-2	2.434E-2	2.807E-2	3.294E-3	0.112	0.112	0.151	-1.886	1.892
0.217	1.412E-2	2.589E-2	2.949E-2	3.875E-4	8.754E-2	8.754E-2	3.755E-2	-0.606	0.607
0.234	1.399E-2	2.727E-2	3.065E-2	4.755E-4	9.171E-2	9.171E-2	1.000	-0.213	1.023
0.250	1.413E-2	2.895E-2	3.221E-2	3.355E-2	8.592E-2	9.223E-2	1.836	-0.543	1.915
0.267	1.511E-2	3.013E-2	3.371E-2	6.666E-2	6.836E-2	9.548E-2	1.497	-7.063E-2	1.499
0.284	1.636E-2	3.123E-2	3.525E-2	8.124E-2	8.256E-2	0.116	0.620	-5.028E-2	0.622
0.300	1.782E-2	3.289E-2	3.741E-2	8.807E-2	7.529E-2	0.116	1.197	-0.416	1.267
0.317	1.930E-2	3.374E-2	3.887E-2	0.116	5.838E-2	0.130	0.307	-0.239	0.389
0.334	2.170E-2	3.483E-2	4.104E-2	0.111	7.189E-2	0.132	0.170	0.562	0.587
0.350	2.300E-2	3.614E-2	4.284E-2	0.105	7.796E-2	0.130	-0.646	2.565E-2	0.646
0.367	2.519E-2	3.744E-2	4.512E-2	0.106	7.249E-2	0.128	-0.336	-0.267	0.429
0.384	2.652E-2	3.856E-2	4.680E-2	8.186E-2	6.757E-2	0.106	-1.323	0.570	1.441
0.400	2.792E-2	3.969E-2	4.853E-2	6.802E-2	8.926E-2	0.112	-1.345	0.224	1.363
0.417	2.879E-2	4.154E-2	5.054E-2	3.462E-2	8.484E-2	9.163E-2	-1.122	0.356	1.177
0.434	2.908E-2	4.252E-2	5.151E-2	2.655E-2	8.672E-2	9.070E-2	-0.962	0.176	0.978
0.450	2.968E-2	4.443E-2	5.343E-2	1.122E-2	0.104	0.104	-1.272	0.159	1.282
0.467	2.945E-2	4.599E-2	5.461E-2	-2.294E-2	8.605E-2	8.906E-2	-0.798	-0.732	1.082
0.484	2.891E-2	4.730E-2	5.544E-2	-1.680E-2	7.889E-2	8.066E-2	-0.718	-9.958E-2	0.725
0.500	2.889E-2	4.862E-2	5.656E-2	-3.610E-2	8.314E-2	9.064E-2	-0.422	5.482E-2	0.425
0.517	2.771E-2	5.008E-2	5.723E-2	-4.656E-2	8.262E-2	9.484E-2	0.334	0.230	0.405
0.534	2.734E-2	5.137E-2	5.820E-2	-1.414E-2	8.746E-2	8.859E-2	1.561	0.390	1.609
0.551	2.724E-2	5.299E-2	5.958E-2	3.002E-3	9.882E-2	9.887E-2	0.575	-0.225	0.617
0.567	2.744E-2	5.467E-2	6.117E-2	7.220E-3	8.177E-2	8.209E-2	0.629	-1.045	1.220
0.584	2.748E-2	5.572E-2	6.213E-2	1.889E-2	5.890E-2	6.186E-2	0.390	-0.856	0.941
0.601	2.807E-2	5.664E-2	6.321E-2	2.693E-2	5.474E-2	6.101E-2	1.337	-6.913E-2	1.339
0.617	2.838E-2	5.755E-2	6.417E-2	5.364E-2	5.684E-2	7.816E-2	2.470	0.399	2.502
0.634	2.986E-2	5.853E-2	6.571E-2	0.117	6.749E-2	0.135	1.541	-9.408E-2	1.544
0.651	3.227E-2	5.980E-2	6.795E-2	0.113	5.832E-2	0.127	-0.381	-6.128E-2	0.386
0.667	3.361E-2	6.048E-2	6.919E-2	8.959E-2	5.689E-2	0.106	-1.024	-0.717	1.250
0.684	3.526E-2	6.170E-2	7.106E-2	8.712E-2	4.550E-2	9.828E-2	-0.380	0.344	0.512
0.701	3.652E-2	6.200E-2	7.196E-2	7.276E-2	5.313E-2	9.010E-2	-0.591	0.263	0.646
0.717	3.769E-2	6.347E-2	7.382E-2	6.843E-2	7.077E-2	9.844E-2	-0.629	0.214	0.664
0.734	3.880E-2	6.436E-2	7.515E-2	5.368E-2	5.060E-2	7.376E-2	-1.597	-0.602	1.707
0.751	3.948E-2	6.516E-2	7.619E-2	1.514E-2	5.190E-2	5.406E-2	-0.736	0.482	0.880
0.767	3.931E-2	6.609E-2	7.690E-2	1.956E-2	6.662E-2	6.943E-2	8.856E-2	0.542	0.550
0.784	4.013E-2	6.738E-2	7.843E-2	3.255E-2	7.315E-2	8.006E-2	-8.502E-2	4.112E-2	9.444E-2
0.801	4.040E-2	6.853E-2	7.955E-2	8.750E-3	6.567E-2	6.625E-2	-1.238	0.173	1.250
0.817	4.042E-2	6.957E-2	8.047E-2	-7.155E-3	7.660E-2	7.693E-2	-1.075	8.719E-2	1.079
0.834	4.016E-2	7.109E-2	8.165E-2	-2.701E-2	7.527E-2	7.997E-2	-0.687	-0.187	0.712
0.851	3.952E-2	7.209E-2	8.221E-2	-3.276E-2	6.342E-2	7.139E-2	4.798E-2	-0.293	0.297
0.868	3.906E-2	7.320E-2	8.298E-2	-2.294E-2	6.851E-2	7.225E-2	1.210	0.172	1.222
0.884	3.876E-2	7.437E-2	8.386E-2	4.790E-3	6.919E-2	6.935E-2	2.009	1.238E-2	2.009
0.901	3.922E-2	7.551E-2	8.509E-2	4.733E-2	6.846E-2	8.323E-2	0.963	-0.640	1.156
0.918	4.034E-2	7.666E-2	8.662E-2	4.254E-2	5.056E-2	6.608E-2	0.599	-0.468	0.760
0.934	4.064E-2	7.720E-2	8.725E-2	5.279E-2	4.581E-2	6.989E-2	1.645	-0.627	1.760
0.951	4.210E-2	7.819E-2	8.880E-2	0.108	3.889E-2	0.115	2.606	-9.735E-2	2.607
0.968	4.424E-2	7.850E-2	9.010E-2	0.139	3.288E-2	0.143	1.144	0.202	1.162
0.984	4.674E-2	7.928E-2	9.203E-2	0.147	5.188E-2	0.155	-0.137	0.126	0.186
1.001	4.913E-2	8.023E-2	9.408E-2	0.133	3.899E-2	0.139	-1.217	-0.441	1.294
1.018	5.119E-2	8.058E-2	9.547E-2	0.106	3.014E-2	0.110	-0.433	-2.999E-2	0.434
1.034	5.267E-2	8.123E-2	9.682E-2	0.112	4.255E-2	0.120	-1.111	0.478	1.209
1.051	5.493E-2	8.200E-2	9.870E-2	8.549E-2	4.587E-2	9.702E-2	-0.327	0.443	0.551
1.068	5.552E-2	8.276E-2	9.966E-2	7.747E-2	5.537E-2	9.522E-2	-0.274	0.391	0.478
1.084	5.752E-2	8.385E-2	0.102	9.847E-2	6.216E-2	0.116	-0.387	0.466	0.606
1.101	5.881E-2	8.484E-2	0.103	5.570E-2	6.751E-2	8.753E-2	-2.304	0.527	2.364
1.118	5.937E-2	8.610E-2	0.105	2.028E-2	8.169E-2	8.417E-2	-1.923	0.162	1.929
1.134	5.949E-2	8.756E-2	0.106	-7.224E-3	7.519E-2	7.554E-2	-0.666	-0.631	0.917
1.151	5.913E-2	8.861E-2	0.107	-6.124E-3	5.708E-2	5.741E-2	-0.456	-9.265E-2	0.465
1.168	5.928E-2	8.947E-2	0.107	-1.303E-2	6.962E-2	7.083E-2	0.707	0.493	0.862
1.185	5.870E-2	9.094E-2	0.108	3.556E-3	8.062E-2	8.069E-2	0.255	9.453E-2	0.272
1.201	5.940E-2	9.216E-2	0.110	1.367E-2	6.874E-2	7.009E-2	0.332	-0.607	0.692
1.218	5.915E-2	9.323E-2	0.110	-9.565E-4	6.059E-2	6.060E-2	1.133	-0.323	1.178
1.235	5.937E-2	9.418E-2	0.111	5.362E-2	5.753E-2	7.864E-2	2.399	-0.402	2.433
1.251	6.094E-2	9.515E-2	0.113	8.950E-2	4.910E-2	0.102	2.370	-0.548	2.432
1.268	6.235E-2	9.582E-2	0.114	0.120	3.707E-2	0.126	0.415	-0.518	0.664
1.285	6.496E-2	9.639E-2	0.116	0.120	3.242E-2	0.124	0.473	0.134	0.492
1.301	6.634E-2	9.690E-2	0.117	0.116	4.022E-2	0.123	0.392	0.206	0.443
1.318	6.882E-2	9.773E-2	0.120	0.147	4.311E-2	0.154	0.561	-0.417	0.699
1.335	7.126E-2	9.834E-2	0.121	0.132	2.481E-2	0.134	-1.072	-9.690E-2	1.076
1.351	7.321E-2	9.856E-2	0.123	0.109	3.435E-2	0.114	-1.184	0.419	1.256
1.368	7.489E-2	9.949E-2	0.125	9.292E-2	4.775E-2	0.104	-1.388	0.355	1.433
1.385	7.631E-2	0.100	0.126	6.445E-2	4.071E-2	7.623E-2	-1.402	0.154	1.411
1.401	7.705E-2	0.101	0.127	4.166E-2	5.275E-2	6.721E-2	-0.652	0.903	1.113
1.418	7.770E-2	0.102	0.128	4.435E-2	7.260E-2	8.507E-2	-1.460	0.406	1.516
1.435	7.852E-2	0.103	0.130	1.451E-3	6.900E-2	6.901E-2	-1.550	-0.713	1.706
1.451	7.775E-2	0.104	0.130	-2.477E-2	4.559E-2	5.188E-2	-1.102	-1.165	1.603
1.468	7.770E-2	0.105	0.130	-1.995E-2	2.949E-2	3.560E-2	-0.484	-0.106	0.495
1.485	7.709E-2	0.105	0.130	-4.725E-2	3.995E-2	6.187E-2	0.221	0.380	0.440
1.502	7.612E-2	0.106	0.131	-1.880E-2	4.835E-2	5.188E-2	1.399	-8.549E-2	1.402
1.518	7.646E-2	0.107	0.131	1.312E-2	3.388E-2	3.633E-2	0.936	-0.618	1.122
1.535	7.656E-2	0.107	0.132	4.973E-3	2.666E-2	2.712E-2	4.787E-2	-0.488	0.491
1.552	7.663E-2	0.108	0.132	1.401E-2	1.968E-2	2.416E-2	1.050	-0.596	1.207
1.568	7.703E-2	0.108	0.133	4.065E-2	5.722E-3	4.105E-2	1.692	-0.271	1.714
1.585	7.798E-2	0.108	0.133	7.170E-2	8.321E-3	7.219E-2	1.624	0.528	1.708
1.602	7.942E-2	0.108	0.134	9.531E-2	2.587E-2	9.876E-2	1.991	0.140	1.996
1.618	8.116E-2	0.109	0.136	0.134	1.646E-2	0.135	0.988	-0.336	1.043
1.635	8.390E-2	0.109	0.137	0.139	7.321E-3	0.139	-0.705	-0.147	0.720
1.652	8.580E-2	0.109	0.139	0.101	1.633E-2	0.103	-1.666	2.511E-2	1.666
1.668	8.728E-2	0.109	0.140	8.415E-2	8.387E-3	8.456E-2	-1.392	-0.168	1.402
1.685	8.861E-2	0.109	0.141	5.838E-2	7.116E-3	5.882E-2	-0.839	0.405	0.931
1.702	8.923E-2	0.110	0.141	4.896E-2	2.389E-2	5.448E-2	-0.444	0.101	0.455
1.718	9.025E-2	0.110	0.142	5.142E-2	1.479E-2	5.351E-2	-0.163	0.257	0.304
1.735	9.094E-2	0.110	0.143	3.944E-2	2.213E-2	4.523E-2	-0.913	0.456	1.020
1.752	9.156E-2	0.111	0.144	2.355E-2	4.104E-2	4.732E-2	-1.246	0.661	1.410
1.768	9.173E-2	0.111	0.144	-3.644E-3	3.796E-2	3.813E-2	-1.992	-0.228	2.005
1.785	9.144E-2	0.112	0.145	-4.148E-2	3.632E-2	5.513E-2	-0.375	-0.175	0.414
1.802	9.035E-2	0.113	0.144	-2.663E-2	3.010E-2	4.019E-2	-0.115	-0.268	0.291
1.818	9.055E-2	0.113	0.145	-2.536E-2	2.814E-2	3.788E-2	0.277	8.129E-2	0.289
1.835	8.950E-2	0.114	0.145	-3.737E-2	3.184E-2	4.910E-2	1.399	-0.580	1.514
1.852	8.930E-2	0.114	0.145	2.830E-2	1.368E-2	3.143E-2	2.186	-0.684	2.291
1.869	9.044E-2	0.114	0.146	4.647E-2	3.258E-4	4.647E-2	1.804	-0.277	1.825
1.885	9.085E-2	0.114	0.146	7.004E-2	1.048E-2	7.082E-2	2.006	0.337	2.035
1.902	9.278E-2	0.114	0.147	0.128	1.037E-2	0.128	1.898	0.143	1.904
1.919	9.512E-2	0.115	0.149	0.132	1.439E-2	0.132	-0.280	-0.189	0.338
1.935	9.717E-2	0.115	0.150	0.115	7.108E-3	0.116	-0.601	-0.412	0.728
1.952	9.897E-2	0.115	0.152	0.110	-3.537E-3	0.110	-0.412	-0.239	0.476
1.969	0.101	0.115	0.153	0.105	7.221E-4	0.105	-0.290	0.275	0.399
1.985	0.102	0.115	0.154	9.763E-2	6.034E-3	9.781E-2	-0.471	0.297	0.557
2.002	0.104	0.115	0.155	9.146E-2	1.050E-2	9.206E-2	-0.866	0.194	0.888
2.019	0.106	0.115	0.156	6.868E-2	1.281E-2	6.987E-2	-1.014	-0.129	1.022
2.035	0.106	0.115	0.157	5.412E-2	6.757E-3	5.454E-2	-1.010	-0.422	1.095
2.052	0.107	0.115	0.158	3.963E-2	-2.579E-3	3.972E-2	-0.298	0.586	0.657
2.069	0.108	0.115	0.158	3.773E-2	2.224E-2	4.380E-2	-1.339	0.818	1.569
2.085	0.109	0.116	0.159	7.290E-3	3.532E-2	3.607E-2	-1.703	0.458	1.764
2.102	0.108	0.116	0.159	-3.396E-2	2.815E-2	4.411E-2	-0.561	-0.284	0.629
2.119	0.107	0.117	0.159	-7.755E-3	3.094E-2	3.189E-2	0.596	-0.284	0.660
2.135	0.108	0.117	0.159	-4.792E-3	1.736E-2	1.801E-2	0.516	-0.366	0.633
2.152	0.107	0.118	0.159	-2.973E-3	1.596E-2	1.624E-2	0.479	-0.386	0.615
2.169	0.108	0.118	0.160	2.038E-2	9.671E-3	2.256E-2	1.399	-0.258	1.422
2.186	0.108	0.118	0.160	3.835E-2	1.684E-3	3.838E-2	3.289	-0.467	3.322
2.202	0.109	0.118	0.161	0.125	-1.209E-3	0.125	2.954	-0.218	2.963
2.219	0.112	0.118	0.163	0.159	-8.869E-3	0.160	0.710	-0.476	0.855
2.236	0.114	0.118	0.164	0.128	-1.474E-2	0.129	-0.427	-3.600E-2	0.428
2.252	0.116	0.117	0.165	0.149	-1.321E-2	0.149	-0.169	8.906E-2	0.191
2.269	0.119	0.117	0.167	0.132	-8.082E-3	0.132	-1.314	0.392	1.371
2.286	0.121	0.117	0.168	9.340E-2	-3.258E-3	9.346E-2	-1.865	0.160	1.872
2.302	0.122	0.117	0.169	7.514E-2	4.813E-4	7.514E-2	-1.735	1.515E-2	1.735
2.319	0.123	0.117	0.170	3.569E-2	-4.850E-3	3.601E-2	-0.796	4.700E-2	0.798
2.336	0.123	0.117	0.170	3.923E-2	1.223E-3	3.925E-2	-0.154	0.483	0.507
2.352	0.125	0.117	0.171	4.563E-2	1.292E-2	4.743E-2	-0.285	8.719E-2	0.298
2.369	0.125	0.117	0.172	1.969E-2	5.950E-3	2.057E-2	-1.566	-7.793E-2	1.568
2.386	0.125	0.117	0.172	-1.840E-3	4.978E-3	5.307E-3	-0.272	-1.160E-2	0.272
2.402	0.125	0.118	0.172	2.729E-3	1.079E-2	1.113E-2	3.968E-2	1.448E-2	4.224E-2
2.419	0.125	0.118	0.172	1.063E-2	3.127E-3	1.108E-2	0.444	-0.203	0.488
2.436	0.125	0.118	0.172	8.332E-3	3.318E-3	8.969E-3	-0.448	0.329	0.556
2.452	0.126	0.118	0.172	3.766E-3	1.440E-2	1.488E-2	-7.843E-2	0.271	0.282
2.469	0.125	0.118	0.172	-2.452E-3	1.511E-2	1.531E-2	0.308	1.313E-3	0.308
2.486	0.126	0.118	0.173	1.816E-2	1.091E-2	2.118E-2	2.257	-0.275	2.273
2.502	0.126	0.119	0.173	6.835E-2	8.516E-3	6.888E-2	2.266	-0.246	2.280
2.519	0.128	0.119	0.174	0.105	1.093E-3	0.105	1.492	-0.378	1.539
2.536	0.130	0.119	0.176	0.110	-3.593E-3	0.110	0.687	-0.263	0.736
2.553	0.132	0.119	0.177	0.129	-7.855E-3	0.130	1.332	-0.123	1.338
2.569	0.134	0.118	0.179	0.154	-8.063E-3	0.154	-0.423	7.919E-2	0.430
2.586	0.137	0.118	0.181	0.124	-4.771E-3	0.124	-1.747	0.238	1.763
2.603	0.138	0.118	0.182	8.073E-2	-2.410E-4	8.073E-2	-1.881	0.137	1.886
2.619	0.139	0.118	0.183	6.952E-2	6.277E-4	6.952E-2	-0.459	1.204E-2	0.459
2.636	0.140	0.118	0.183	6.147E-2	-8.462E-4	6.147E-2	0.522	-4.277E-3	0.522
2.653	0.141	0.118	0.184	8.658E-2	7.226E-4	8.658E-2	-0.352	0.272	0.445
2.669	0.143	0.118	0.186	6.192E-2	7.671E-3	6.240E-2	-0.597	0.657	0.888
2.686	0.143	0.118	0.186	4.610E-2	2.282E-2	5.144E-2	-1.573	0.448	1.635
2.703	0.145	0.119	0.187	3.114E-2	2.542E-2	4.020E-2	-0.638	0.440	0.775
2.719	0.144	0.119	0.187	4.851E-3	3.229E-2	3.265E-2	-0.725	0.499	0.880
2.736	0.145	0.120	0.188	1.943E-2	4.678E-2	5.066E-2	0.122	0.151	0.194
2.753	0.145	0.121	0.189	6.238E-3	3.713E-2	3.765E-2	-0.602	-0.610	0.857
2.769	0.145	0.121	0.189	-2.552E-3	2.371E-2	2.385E-2	0.351	-0.560	0.661
2.786	0.145	0.122	0.189	1.650E-2	1.933E-2	2.541E-2	0.370	0.187	0.414
2.803	0.146	0.122	0.190	1.774E-2	2.844E-2	3.352E-2	0.769	0.257	0.811
2.819	0.146	0.123	0.190	3.007E-2	3.213E-2	4.400E-2	1.695	-0.443	1.751
2.836	0.147	0.123	0.191	8.226E-2	1.206E-2	8.314E-2	1.852	-0.965	2.088
2.853	0.148	0.123	0.193	9.518E-2	-2.633E-3	9.521E-2	0.423	3.851E-2	0.425
2.870	0.150	0.123	0.194	9.002E-2	1.242E-2	9.087E-2	1.464	0.321	1.498
2.886	0.151	0.123	0.195	0.140	1.502E-2	0.141	1.576	-7.081E-3	1.576
2.903	0.154	0.123	0.198	0.159	5.230E-3	0.159	-0.874	-0.487	1.001
2.920	0.157	0.124	0.200	0.101	2.886E-3	0.101	-2.476	-0.132	2.480
2.936	0.158	0.124	0.200	7.110E-2	-1.879E-3	7.113E-2	-0.962	-0.266	0.998
2.953	0.159	0.124	0.201	7.353E-2	-3.995E-3	7.364E-2	0.131	6.441E-2	0.146
2.970	0.160	0.123	0.202	7.551E-2	-1.936E-3	7.553E-2	-0.319	0.248	0.404
2.986	0.162	0.123	0.203	6.462E-2	6.211E-3	6.492E-2	-1.051	0.409	1.127
3.003	0.162	0.124	0.204	3.898E-2	1.111E-2	4.053E-2	-1.820	0.216	1.833
3.020	0.163	0.124	0.205	4.514E-3	1.385E-2	1.457E-2	-0.737	-4.683E-2	0.738
3.036	0.163	0.124	0.205	7.197E-3	9.770E-3	1.213E-2	-4.544E-2	0.129	0.137
3.053	0.163	0.124	0.205	1.480E-2	1.556E-2	2.148E-2	-0.326	0.376	0.498
3.070	0.163	0.125	0.205	-1.014E-2	2.572E-2	2.765E-2	-0.837	-0.271	0.879
3.086	0.163	0.125	0.205	-1.428E-2	7.755E-3	1.625E-2	-0.269	-0.586	0.645
3.103	0.163	0.125	0.205	-1.542E-2	-4.915E-4	1.543E-2	0.407	-0.600	0.725
3.120	0.162	0.125	0.205	-5.557E-3	-4.772E-3	7.325E-3	1.076	-0.330	1.125
3.136	0.162	0.125	0.205	2.408E-2	-1.724E-2	2.961E-2	1.409	-0.553	1.514
3.153	0.163	0.124	0.205	4.231E-2	-2.003E-2	4.681E-2	0.934	-0.609	1.115
3.170	0.164	0.124	0.206	5.374E-2	-3.728E-2	6.541E-2	1.592	-0.510	1.671
3.187	0.165	0.123	0.206	9.211E-2	-4.126E-2	0.101	1.780	-0.557	1.865
3.203	0.167	0.123	0.207	0.122	-4.918E-2	0.131	0.324	-0.603	0.685
3.220	0.169	0.122	0.208	0.100	-6.720E-2	0.121	0.185	-0.479	0.514
3.237	0.170	0.120	0.209	0.118	-6.386E-2	0.134	-8.826E-2	0.303	0.316
3.253	0.173	0.119	0.210	0.116	-5.599E-2	0.129	-1.336	0.785	1.549
3.270	0.174	0.119	0.211	5.972E-2	-3.936E-2	7.152E-2	-1.725	0.342	1.759
3.287	0.175	0.118	0.211	5.625E-2	-3.925E-2	6.859E-2	0.119	0.225	0.255
3.303	0.176	0.117	0.211	7.068E-2	-3.948E-2	8.096E-2	-0.664	-0.594	0.891
3.320	0.177	0.117	0.212	3.659E-2	-5.001E-2	6.196E-2	-1.741	0.212	1.754
3.337	0.177	0.116	0.212	3.079E-3	-4.512E-2	4.522E-2	-1.572	0.369	1.614
3.353	0.177	0.115	0.211	-9.282E-3	-2.494E-2	2.661E-2	-0.408	1.151	1.221
3.370	0.177	0.115	0.211	-1.504E-2	-1.572E-2	2.175E-2	-0.209	0.367	0.423
3.387	0.177	0.115	0.211	-1.206E-2	-5.401E-3	1.322E-2	-0.350	0.284	0.450
3.403	0.177	0.115	0.210	-2.708E-2	-1.109E-2	2.926E-2	-0.804	-0.356	0.880
3.420	0.176	0.114	0.210	-4.123E-2	-1.499E-2	4.387E-2	0.416	-0.324	0.527
3.437	0.175	0.114	0.209	-1.633E-2	-2.332E-2	2.847E-2	1.238	-0.273	1.268
3.453	0.175	0.114	0.209	8.766E-3	-2.437E-2	2.590E-2	1.045	-0.179	1.060
3.470	0.175	0.113	0.209	1.289E-2	-2.766E-2	3.051E-2	0.606	-4.372E-2	0.608
3.487	0.176	0.113	0.209	2.982E-2	-2.817E-2	4.102E-2	1.644	-7.385E-2	1.645
3.503	0.176	0.112	0.209	6.599E-2	-2.754E-2	7.151E-2	1.613	-0.315	1.644
3.520	0.178	0.112	0.210	8.989E-2	-3.933E-2	9.811E-2	0.641	-0.254	0.689
3.537	0.179	0.111	0.211	8.368E-2	-3.889E-2	9.227E-2	0.334	-0.315	0.459
3.554	0.181	0.110	0.212	9.755E-2	-4.436E-2	0.107	0.331	0.197	0.385
3.570	0.183	0.110	0.213	0.102	-4.004E-2	0.110	-0.902	0.359	0.971
3.587	0.184	0.109	0.214	6.460E-2	-2.482E-2	6.920E-2	-1.306	0.639	1.454
3.604	0.185	0.109	0.214	5.197E-2	-2.282E-2	5.676E-2	-0.426	0.530	0.680
3.620	0.186	0.108	0.215	5.810E-2	-6.898E-3	5.850E-2	8.715E-2	0.526	0.533
3.637	0.187	0.108	0.216	5.163E-2	-1.948E-3	5.167E-2	-0.615	0.435	0.753
3.654	0.188	0.108	0.217	3.979E-2	2.748E-3	3.988E-2	-0.882	0.161	0.897
3.670	0.188	0.109	0.217	2.031E-2	8.144E-3	2.189E-2	-1.126	0.315	1.169
3.687	0.188	0.109	0.217	2.755E-3	9.247E-3	9.649E-3	-0.743	0.152	0.758
3.704	0.188	0.109	0.217	-5.986E-3	1.584E-2	1.693E-2	-0.712	0.134	0.725
3.720	0.188	0.109	0.217	-1.780E-2	1.321E-2	2.217E-2	-0.450	0.123	0.467
3.737	0.188	0.109	0.217	-2.528E-2	1.806E-2	3.107E-2	-0.625	0.174	0.648
3.754	0.187	0.110	0.217	-3.363E-2	2.206E-2	4.022E-2	0.155	-0.286	0.325
3.770	0.186	0.110	0.217	-2.733E-2	7.933E-3	2.846E-2	0.843	-0.423	0.943
3.787	0.186	0.110	0.216	7.094E-4	4.408E-3	4.465E-3	1.121	-0.239	1.146
3.804	0.187	0.110	0.217	9.691E-3	4.496E-3	1.068E-2	0.464	-0.394	0.609
3.820	0.187	0.110	0.217	1.444E-2	-1.059E-2	1.791E-2	1.770	-0.581	1.863
3.837	0.187	0.110	0.217	6.356E-2	-1.652E-2	6.567E-2	3.396	-0.497	3.432
3.854	0.189	0.110	0.218	0.136	-2.402E-2	0.138	1.431	-0.633	1.565
3.871	0.192	0.109	0.220	0.119	-3.984E-2	0.126	-1.082	-0.268	1.115
3.887	0.193	0.108	0.221	8.215E-2	-3.490E-2	8.926E-2	-0.766	-1.063E-2	0.766
3.904	0.194	0.108	0.222	0.101	-3.462E-2	0.106	-1.622E-2	0.166	0.167
3.921	0.196	0.107	0.223	8.716E-2	-3.543E-2	9.408E-2	-0.809	-2.465E-2	0.809
3.937	0.197	0.107	0.224	6.476E-2	-3.035E-2	7.152E-2	-1.254	0.511	1.354
3.954	0.198	0.106	0.225	5.152E-2	-2.295E-2	5.640E-2	-1.042	0.592	1.198
3.971	0.199	0.106	0.225	2.676E-2	-6.934E-3	2.765E-2	-1.069	0.586	1.219
3.987	0.199	0.106	0.226	1.552E-2	-3.986E-3	1.603E-2	-0.594	0.190	0.624
4.004	0.199	0.106	0.226	8.578E-3	-1.766E-3	8.758E-3	-0.589	0.156	0.609
4.021	0.199	0.106	0.226	-4.304E-3	2.063E-3	4.773E-3	-0.546	4.823E-2	0.548
4.037	0.199	0.106	0.226	-1.117E-2	5.559E-5	1.117E-2	-0.433	-0.215	0.483
4.054	0.199	0.106	0.225	-1.657E-2	-5.639E-3	1.750E-2	-0.166	1.800E-2	0.167
4.071	0.199	0.106	0.225	-1.908E-2	-8.495E-4	1.910E-2	5.953E-2	0.155	0.166
4.087	0.198	0.106	0.225	-1.302E-2	2.713E-3	1.330E-2	0.583	-0.420	0.718
4.104	0.198	0.106	0.225	-8.422E-4	-1.514E-2	1.517E-2	1.004	-0.919	1.361
4.121	0.198	0.105	0.225	2.115E-2	-3.100E-2	3.752E-2	2.480	-1.101	2.713
4.137	0.199	0.105	0.225	7.768E-2	-4.833E-2	9.149E-2	3.097	-1.033	3.265
4.154	0.201	0.104	0.226	0.134	-6.878E-2	0.150	1.047	-0.318	1.094
4.171	0.203	0.102	0.228	0.114	-6.023E-2	0.129	-0.433	0.459	0.631
4.188	0.205	0.102	0.229	0.105	-4.851E-2	0.116	-0.487	0.787	0.926
4.204	0.207	0.101	0.230	0.111	-3.825E-2	0.118	-1.708	-1.158E-2	1.708
4.221	0.209	0.100	0.231	4.713E-2	-4.270E-2	6.360E-2	-1.631	0.398	1.679
4.238	0.209	9.937E-2	0.231	3.996E-2	-3.499E-2	5.312E-2	0.166	-7.149E-3	0.167
4.254	0.210	9.920E-2	0.232	7.204E-2	-3.069E-2	7.830E-2	0.531	0.371	0.647
4.271	0.211	9.835E-2	0.233	5.145E-2	-3.424E-2	6.180E-2	-0.370	1.321E-2	0.370
4.288	0.212	9.805E-2	0.233	5.494E-2	-2.201E-2	5.919E-2	-0.699	0.796	1.059
4.304	0.213	9.761E-2	0.234	3.906E-2	-1.319E-2	4.123E-2	-1.362	0.651	1.510
4.321	0.213	9.761E-2	0.234	-8.048E-4	3.594E-3	3.683E-3	-1.274	0.266	1.302
4.338	0.213	9.773E-2	0.234	-2.107E-3	-3.620E-3	4.188E-3	-0.735	-0.112	0.744
4.354	0.213	9.749E-2	0.234	-1.896E-2	-5.075E-3	1.963E-2	-0.676	-0.331	0.753
4.371	0.212	9.756E-2	0.233	-3.358E-2	-8.597E-3	3.466E-2	-0.209	-7.333E-2	0.222
4.388	0.212	9.721E-2	0.233	-2.064E-2	-1.366E-2	2.475E-2	1.073	-0.383	1.139
4.404	0.211	9.711E-2	0.233	-2.202E-4	-1.585E-2	1.586E-2	1.154	-0.467	1.245
4.421	0.212	9.668E-2	0.233	2.122E-2	-3.231E-2	3.866E-2	1.676	-0.824	1.868
4.438	0.212	9.603E-2	0.233	5.127E-2	-4.313E-2	6.699E-2	1.704	-0.388	1.747
4.454	0.213	9.524E-2	0.234	8.343E-2	-4.583E-2	9.519E-2	0.865	-0.172	0.882
4.471	0.215	9.450E-2	0.235	8.012E-2	-4.732E-2	9.305E-2	0.806	7.275E-2	0.809
4.488	0.216	9.366E-2	0.236	0.102	-4.529E-2	0.111	0.181	-2.331E-2	0.183
4.505	0.218	9.299E-2	0.237	0.101	-4.540E-2	0.111	-0.944	-4.567E-2	0.945
4.521	0.219	9.214E-2	0.238	5.797E-2	-4.928E-2	7.608E-2	-0.763	3.890E-2	0.764
4.538	0.220	9.135E-2	0.238	7.360E-2	-4.355E-2	8.552E-2	0.883	0.552	1.041
4.555	0.222	9.069E-2	0.240	9.714E-2	-3.102E-2	0.102	-0.678	0.244	0.721
4.571	0.223	9.031E-2	0.241	5.217E-2	-3.230E-2	6.136E-2	-2.552	0.230	2.562
4.588	0.224	8.961E-2	0.241	1.783E-3	-2.907E-2	2.912E-2	-1.342	0.358	1.389
4.605	0.224	8.934E-2	0.241	8.653E-3	-1.548E-2	1.773E-2	0.405	0.127	0.424
4.621	0.224	8.910E-2	0.241	2.136E-2	-2.493E-2	3.283E-2	-0.414	-0.240	0.478
4.638	0.224	8.851E-2	0.241	-4.833E-3	-2.764E-2	2.806E-2	-1.407	0.292	1.437
4.655	0.224	8.817E-2	0.241	-3.140E-2	-1.261E-2	3.384E-2	-1.152	0.457	1.239
4.671	0.223	8.809E-2	0.240	-4.007E-2	-1.058E-2	4.144E-2	-0.546	-0.347	0.647
4.688	0.222	8.782E-2	0.239	-5.007E-2	-2.545E-2	5.616E-2	0.479	-0.706	0.853
4.705	0.222	8.724E-2	0.238	-2.835E-2	-3.593E-2	4.577E-2	1.540	-0.893	1.780
4.721	0.222	8.662E-2	0.238	8.009E-3	-5.205E-2	5.266E-2	2.092	-0.700	2.206
4.738	0.222	8.550E-2	0.238	3.779E-2	-6.392E-2	7.425E-2	1.440	-0.241	1.461
4.755	0.223	8.449E-2	0.238	5.989E-2	-5.749E-2	8.302E-2	1.519	0.126	1.524
4.771	0.224	8.358E-2	0.239	8.336E-2	-5.864E-2	0.102	1.007	-5.083E-2	1.009
4.788	0.226	8.253E-2	0.240	9.981E-2	-6.116E-2	0.117	0.340	-0.187	0.388
4.805	0.227	8.154E-2	0.241	9.100E-2	-6.317E-2	0.111	-0.319	-0.180	0.366
4.821	0.229	8.043E-2	0.242	8.838E-2	-6.833E-2	0.112	-0.347	-0.630	0.719
4.838	0.230	7.926E-2	0.243	8.167E-2	-8.221E-2	0.116	-0.901	0.135	0.911
4.855	0.231	7.768E-2	0.244	5.792E-2	-7.066E-2	9.137E-2	-0.598	1.018	1.181
4.872	0.232	7.691E-2	0.244	5.650E-2	-4.043E-2	6.948E-2	-0.590	0.903	1.079
4.888	0.233	7.633E-2	0.245	4.768E-2	-4.125E-2	6.305E-2	-0.687	0.289	0.746
4.905	0.234	7.553E-2	0.246	2.502E-2	-3.545E-2	4.339E-2	-0.940	0.117	0.947
4.922	0.234	7.515E-2	0.246	2.032E-2	-3.145E-2	3.745E-2	-0.709	0.447	0.838
4.938	0.234	7.448E-2	0.246	1.895E-3	-2.677E-2	2.683E-2	-1.580	0.223	1.595
4.955	0.234	7.426E-2	0.246	-3.258E-2	-1.824E-2	3.734E-2	-1.070	0.284	1.107
4.972	0.233	7.387E-2	0.245	-3.980E-2	-2.091E-2	4.496E-2	-2.522E-2	-6.218E-2	6.709E-2
4.988	0.233	7.356E-2	0.244	-2.647E-2	-1.894E-2	3.255E-2	-0.350	0.138	0.376
5.005	0.232	7.324E-2	0.244	-5.021E-2	-1.700E-2	5.301E-2	-0.108	-0.435	0.448
5.022	0.231	7.299E-2	0.242	-4.129E-2	-3.056E-2	5.137E-2	1.037	-0.226	1.062
5.038	0.231	7.222E-2	0.242	-3.779E-3	-3.147E-2	3.169E-2	1.626	9.841E-2	1.629
5.055	0.231	7.194E-2	0.242	8.784E-3	-2.027E-2	2.209E-2	0.793	0.318	0.854
5.072	0.231	7.154E-2	0.242	2.303E-2	-2.399E-2	3.325E-2	1.698	-0.986	1.963
5.088	0.232	7.114E-2	0.242	6.180E-2	-4.909E-2	7.893E-2	1.589	-0.976	1.865
5.105	0.233	6.991E-2	0.244	8.537E-2	-6.499E-2	0.107	1.266	-0.939	1.576
5.122	0.235	6.897E-2	0.245	9.463E-2	-7.194E-2	0.119	0.493	0.244	0.550
5.138	0.236	6.751E-2	0.246	0.109	-6.591E-2	0.127	-0.347	0.846	0.914
5.155	0.238	6.677E-2	0.247	8.268E-2	-3.619E-2	9.025E-2	-1.069	0.238	1.096
5.172	0.239	6.630E-2	0.248	6.621E-2	-5.514E-2	8.616E-2	-0.468	-0.754	0.888
5.189	0.240	6.493E-2	0.249	7.188E-2	-7.150E-2	0.101	-0.677	0.274	0.731
5.205	0.242	6.391E-2	0.250	4.639E-2	-4.205E-2	6.261E-2	-1.375	1.447	1.996
5.222	0.242	6.353E-2	0.250	1.905E-2	-1.962E-2	2.734E-2	-1.057	0.520	1.178
5.239	0.242	6.326E-2	0.250	1.455E-2	-2.528E-2	2.917E-2	-0.400	-0.197	0.446
5.255	0.242	6.269E-2	0.250	6.089E-3	-2.978E-2	3.040E-2	-0.909	-3.226E-3	0.909
5.272	0.242	6.226E-2	0.250	-1.495E-2	-2.320E-2	2.760E-2	-0.861	0.522	1.007
5.289	0.242	6.191E-2	0.250	-2.662E-2	-1.342E-2	2.981E-2	-0.689	0.351	0.773
5.305	0.242	6.182E-2	0.249	-3.333E-2	-9.168E-3	3.457E-2	-0.914	-0.364	0.984
5.322	0.241	6.161E-2	0.249	-5.839E-2	-2.570E-2	6.380E-2	-8.974E-2	-0.508	0.516
5.339	0.240	6.096E-2	0.247	-4.339E-2	-3.061E-2	5.310E-2	1.256	-0.352	1.304
5.355	0.239	6.059E-2	0.247	-6.786E-3	-3.180E-2	3.252E-2	1.492	0.120	1.496
5.372	0.239	5.990E-2	0.247	3.517E-3	-3.185E-2	3.204E-2	0.595	-0.214	0.632
5.389	0.240	5.952E-2	0.247	1.236E-2	-3.330E-2	3.552E-2	1.487	-0.735	1.659
5.405	0.240	5.879E-2	0.247	4.956E-2	-5.877E-2	7.688E-2	1.616	-1.046	1.925
5.422	0.241	5.756E-2	0.248	7.549E-2	-7.112E-2	0.104	1.182	-0.481	1.276
5.439	0.242	5.641E-2	0.249	8.106E-2	-7.172E-2	0.108	5.665E-2	7.771E-2	9.617E-2
5.455	0.244	5.517E-2	0.250	8.293E-2	-7.025E-2	0.109	0.180	9.733E-2	0.204
5.472	0.245	5.407E-2	0.251	8.145E-2	-6.674E-2	0.105	-0.356	-0.177	0.398
5.489	0.247	5.294E-2	0.252	7.663E-2	-7.581E-2	0.108	2.025E-2	-0.378	0.379
5.505	0.248	5.154E-2	0.253	7.552E-2	-8.193E-2	0.111	-0.748	0.671	1.005
5.522	0.249	5.021E-2	0.254	6.075E-2	-5.513E-2	8.204E-2	-1.252	1.255	1.773
5.539	0.250	4.970E-2	0.255	2.560E-2	-3.296E-2	4.174E-2	-1.802	0.741	1.949
5.556	0.250	4.911E-2	0.255	3.921E-3	-3.472E-2	3.494E-2	-0.771	2.273E-2	0.772
5.572	0.250	4.854E-2	0.254	-3.540E-3	-3.194E-2	3.214E-2	-0.830	-3.865E-2	0.831
5.589	0.250	4.804E-2	0.254	-1.743E-2	-3.482E-2	3.893E-2	-0.180	9.238E-2	0.202
5.606	0.249	4.738E-2	0.254	-1.861E-2	-3.171E-2	3.677E-2	-1.001	3.985E-2	1.002
5.622	0.249	4.699E-2	0.254	-3.741E-2	-2.963E-2	4.772E-2	-0.619	-0.202	0.651
5.639	0.248	4.639E-2	0.252	-5.533E-2	-4.060E-2	6.863E-2	-0.891	-0.236	0.922
5.656	0.247	4.563E-2	0.252	-5.375E-2	-3.904E-2	6.643E-2	0.600	0.354	0.696
5.672	0.246	4.509E-2	0.250	-4.670E-2	-2.699E-2	5.394E-2	0.966	9.699E-3	0.966
5.689	0.246	4.473E-2	0.250	-1.313E-2	-3.601E-2	3.833E-2	1.769	-1.216	2.147
5.706	0.246	4.389E-2	0.250	9.310E-3	-6.976E-2	7.038E-2	1.062	-0.862	1.368
5.722	0.246	4.240E-2	0.250	2.471E-2	-7.080E-2	7.499E-2	1.363	-8.906E-2	1.366
5.739	0.247	4.153E-2	0.250	4.997E-2	-6.326E-2	8.062E-2	1.424	0.166	1.434
5.756	0.248	4.029E-2	0.251	7.806E-2	-7.129E-2	0.106	1.206	-0.531	1.318
5.772	0.249	3.915E-2	0.252	8.744E-2	-7.746E-2	0.117	0.873	0.704	1.121
5.789	0.251	3.771E-2	0.254	0.106	-5.513E-2	0.119	-0.948	4.905E-2	0.950
5.806	0.253	3.731E-2	0.255	6.659E-2	-6.047E-2	8.995E-2	-1.865	-6.360E-2	1.867
5.822	0.253	3.569E-2	0.255	2.498E-2	-7.522E-2	7.926E-2	-1.722	0.145	1.728
5.839	0.254	3.480E-2	0.256	2.203E-2	-4.537E-2	5.043E-2	0.164	1.053	1.066
5.856	0.254	3.418E-2	0.256	2.258E-2	-4.041E-2	4.629E-2	-6.003E-3	-5.068E-2	5.103E-2
5.873	0.254	3.345E-2	0.256	2.931E-2	-4.844E-2	5.662E-2	-0.808	-0.139	0.820
5.889	0.255	3.256E-2	0.257	-5.094E-3	-4.689E-2	4.717E-2	-1.100	0.499	1.208
5.906	0.254	3.188E-2	0.256	-1.591E-2	-3.067E-2	3.455E-2	-1.079	0.583	1.227
5.923	0.254	3.154E-2	0.256	-2.890E-2	-2.495E-2	3.819E-2	-1.107	0.382	1.171
5.939	0.253	3.105E-2	0.255	-6.243E-2	-2.157E-2	6.605E-2	-1.055	0.274	1.090
5.956	0.252	3.082E-2	0.254	-6.226E-2	-1.320E-2	6.364E-2	6.975E-2	3.711E-2	7.901E-2
5.973	0.251	3.061E-2	0.253	-5.774E-2	-2.005E-2	6.113E-2	0.959	-0.540	1.101
5.989	0.250	3.015E-2	0.252	-3.465E-2	-3.283E-2	4.773E-2	0.618	-0.297	0.686
6.006	0.250	2.952E-2	0.252	-2.776E-2	-3.126E-2	4.181E-2	0.903	-0.565	1.065
6.023	0.249	2.910E-2	0.251	-1.680E-2	-4.600E-2	4.897E-2	0.973	-0.613	1.150
6.039	0.249	2.798E-2	0.251	1.462E-2	-5.984E-2	6.160E-2	1.612	-0.270	1.634
6.056	0.250	2.711E-2	0.251	3.199E-2	-5.010E-2	5.945E-2	1.444	0.128	1.450
6.073	0.250	2.631E-2	0.252	6.375E-2	-5.499E-2	8.419E-2	1.330	5.664E-2	1.331
6.089	0.252	2.527E-2	0.253	7.974E-2	-5.200E-2	9.519E-2	-8.289E-2	1.958E-2	8.517E-2
6.106	0.253	2.457E-2	0.254	6.041E-2	-4.938E-2	7.802E-2	-0.884	-0.103	0.890
6.123	0.254	2.363E-2	0.255	4.519E-2	-5.874E-2	7.411E-2	-0.265	-0.418	0.495
6.139	0.255	2.261E-2	0.256	5.380E-2	-6.251E-2	8.248E-2	0.508	0.158	0.532
6.156	0.256	2.154E-2	0.257	6.320E-2	-5.507E-2	8.382E-2	-0.504	0.713	0.873
6.173	0.257	2.078E-2	0.258	4.063E-2	-3.702E-2	5.497E-2	-1.407	0.688	1.566
6.190	0.257	2.030E-2	0.258	9.315E-3	-3.061E-2	3.200E-2	-1.223	0.327	1.266
6.206	0.257	1.976E-2	0.258	2.074E-3	-2.862E-2	2.869E-2	-0.579	0.128	0.593
6.223	0.257	1.935E-2	0.258	-8.381E-3	-2.472E-2	2.611E-2	-0.778	2.751E-2	0.779
6.240	0.257	1.893E-2	0.257	-2.509E-2	-2.802E-2	3.761E-2	-1.294	0.263	1.320
6.256	0.256	1.841E-2	0.257	-5.007E-2	-1.850E-2	5.337E-2	-1.158	0.643	1.324
6.273	0.255	1.831E-2	0.256	-6.747E-2	-3.050E-3	6.754E-2	-0.279	0.352	0.449
6.290	0.254	1.831E-2	0.255	-5.834E-2	-6.696E-3	5.872E-2	0.408	-0.513	0.656
6.306	0.253	1.809E-2	0.254	-5.088E-2	-2.138E-2	5.519E-2	0.906	-0.695	1.142
6.323	0.252	1.760E-2	0.253	-3.285E-2	-3.099E-2	4.516E-2	0.986	-0.103	0.992
6.340	0.252	1.706E-2	0.253	-1.211E-2	-2.518E-2	2.794E-2	1.157	-0.170	1.169
6.356	0.252	1.676E-2	0.252	1.315E-3	-3.224E-2	3.227E-2	1.453	-0.878	1.697
6.373	0.252	1.598E-2	0.253	3.662E-2	-5.806E-2	6.864E-2	1.743	-0.849	1.939
6.390	0.253	1.482E-2	0.254	6.355E-2	-6.270E-2	8.927E-2	1.332	-0.297	1.365
6.406	0.254	1.389E-2	0.255	7.763E-2	-6.337E-2	0.100	0.426	-0.142	0.449
6.423	0.256	1.271E-2	0.256	8.089E-2	-7.051E-2	0.107	0.219	-0.358	0.419
6.440	0.257	1.154E-2	0.257	8.073E-2	-7.371E-2	0.109	-0.892	0.231	0.921
6.456	0.258	1.025E-2	0.259	5.805E-2	-6.548E-2	8.751E-2	-0.772	0.300	0.828
6.473	0.259	9.350E-3	0.259	4.365E-2	-5.913E-2	7.350E-2	-0.173	0.618	0.642
6.490	0.260	8.275E-3	0.260	6.034E-2	-5.009E-2	7.842E-2	-0.126	0.241	0.272
6.506	0.261	7.679E-3	0.261	4.098E-2	-4.493E-2	6.081E-2	-1.530	0.536	1.621
6.523	0.261	6.776E-3	0.261	4.999E-3	-3.903E-2	3.935E-2	-1.618	0.373	1.661
6.540	0.261	6.377E-3	0.261	-1.357E-2	-2.650E-2	2.977E-2	-0.717	0.495	0.872
6.557	0.261	5.892E-3	0.261	-1.792E-2	-2.584E-2	3.144E-2	-0.816	3.237E-2	0.816
6.573	0.260	5.514E-3	0.260	-3.758E-2	-2.395E-2	4.456E-2	-0.954	-6.272E-2	0.956
6.590	0.259	5.093E-3	0.260	-5.542E-2	-2.833E-2	6.224E-2	-0.372	-5.364E-2	0.375
6.607	0.259	4.569E-3	0.259	-4.771E-2	-2.705E-2	5.485E-2	6.285E-2	0.206	0.215
6.623	0.258	4.190E-3	0.258	-5.045E-2	-2.016E-2	5.432E-2	0.461	-3.080E-2	0.462
6.640	0.257	3.897E-3	0.257	-3.876E-2	-2.667E-2	4.705E-2	0.858	-0.339	0.922
6.657	0.257	3.301E-3	0.257	-1.505E-2	-3.458E-2	3.772E-2	1.582	-0.795	1.771
6.673	0.256	2.743E-3	0.256	8.938E-3	-4.929E-2	5.010E-2	1.696	-0.394	1.741
6.690	0.257	1.656E-3	0.257	4.495E-2	-5.401E-2	7.027E-2	2.008	-0.415	2.051
6.707	0.258	9.407E-4	0.258	7.508E-2	-5.583E-2	9.357E-2	1.282	-0.533	1.389
6.723	0.259	-2.072E-4	0.259	8.994E-2	-7.605E-2	0.118	0.106	-0.367	0.382
6.740	0.261	-1.597E-3	0.261	7.804E-2	-7.017E-2	0.105	-0.578	6.969E-2	0.582
6.757	0.262	-2.549E-3	0.262	6.724E-2	-6.746E-2	9.525E-2	-0.230	0.380	0.445
6.773	0.263	-3.848E-3	0.263	7.174E-2	-6.428E-2	9.632E-2	-0.440	0.339	0.555
6.790	0.264	-4.693E-3	0.264	5.623E-2	-5.076E-2	7.576E-2	-0.816	0.321	0.877
6.807	0.265	-5.542E-3	0.265	3.833E-2	-5.494E-2	6.699E-2	-0.915	0.162	0.930
6.823	0.266	-6.527E-3	0.266	3.013E-2	-4.809E-2	5.674E-2	-0.952	0.277	0.991
6.840	0.266	-7.146E-3	0.266	5.817E-3	-4.139E-2	4.179E-2	-0.905	0.582	1.076
6.857	0.266	-7.908E-3	0.266	-3.741E-3	-3.324E-2	3.345E-2	-0.912	0.598	1.091
6.874	0.266	-8.255E-3	0.266	-1.816E-2	-1.773E-2	2.538E-2	-0.964	0.134	0.974
6.890	0.265	-8.499E-3	0.265	-4.176E-2	-2.777E-2	5.015E-2	-1.609	-0.728	1.766
6.907	0.264	-9.182E-3	0.265	-6.707E-2	-4.556E-2	8.108E-2	-0.158	-0.618	0.638
6.924	0.263	-1.002E-2	0.263	-5.709E-2	-4.815E-2	7.469E-2	0.581	0.260	0.637
6.940	0.263	-1.079E-2	0.263	-3.440E-2	-3.694E-2	5.048E-2	1.272	0.248	1.296
6.957	0.262	-1.125E-2	0.262	-2.430E-2	-3.635E-2	4.372E-2	0.791	-9.943E-2	0.797
6.974	0.262	-1.200E-2	0.262	-1.906E-3	-4.412E-2	4.416E-2	1.215	-0.875	1.497
6.990	0.262	-1.272E-2	0.262	1.296E-2	-6.151E-2	6.286E-2	0.971	-0.998	1.392
7.007	0.262	-1.405E-2	0.263	3.209E-2	-8.233E-2	8.836E-2	1.456	-0.285	1.484
7.024	0.263	-1.547E-2	0.263	5.940E-2	-7.117E-2	9.270E-2	1.492	0.187	1.504
7.040	0.264	-1.643E-2	0.265	8.539E-2	-6.998E-2	0.110	1.118	-0.368	1.177
7.057	0.266	-1.781E-2	0.266	9.531E-2	-8.823E-2	0.130	-0.281	-0.201	0.346
7.074	0.267	-1.937E-2	0.268	7.889E-2	-7.867E-2	0.111	-0.645	0.500	0.816
7.090	0.268	-2.043E-2	0.269	6.656E-2	-6.604E-2	9.376E-2	-0.475	0.585	0.754
7.107	0.270	-2.158E-2	0.270	6.876E-2	-6.287E-2	9.317E-2	-0.778	0.145	0.791
7.124	0.271	-2.253E-2	0.272	4.119E-2	-5.895E-2	7.192E-2	-1.697	-9.716E-2	1.700
7.140	0.271	-2.354E-2	0.272	8.078E-3	-6.661E-2	6.710E-2	-0.591	-0.126	0.604
7.157	0.271	-2.475E-2	0.272	1.852E-2	-6.555E-2	6.811E-2	0.218	0.569	0.610
7.174	0.272	-2.573E-2	0.273	2.509E-2	-4.653E-2	5.286E-2	-0.486	0.636	0.800
7.191	0.272	-2.630E-2	0.273	-3.033E-3	-4.093E-2	4.104E-2	-1.624	0.345	1.660
7.207	0.271	-2.710E-2	0.273	-2.902E-2	-3.971E-2	4.918E-2	-0.956	-0.107	0.962
7.224	0.271	-2.763E-2	0.272	-3.724E-2	-4.020E-2	5.480E-2	2.226E-2	3.046E-2	3.772E-2
7.241	0.270	-2.844E-2	0.272	-2.618E-2	-4.293E-2	5.028E-2	0.303	-0.108	0.322
7.257	0.270	-2.906E-2	0.271	-2.506E-2	-4.062E-2	4.773E-2	0.593	-0.463	0.752
7.274	0.269	-2.979E-2	0.271	-1.166E-2	-5.804E-2	5.920E-2	0.698	-0.307	0.762
7.291	0.270	-3.100E-2	0.271	4.803E-3	-5.669E-2	5.690E-2	1.170	-0.304	1.209
7.307	0.270	-3.168E-2	0.271	2.125E-2	-5.913E-2	6.284E-2	1.009	0.114	1.015
7.324	0.270	-3.297E-2	0.272	4.372E-2	-6.237E-2	7.617E-2	1.698	-0.461	1.759
7.341	0.271	-3.376E-2	0.273	7.259E-2	-6.519E-2	9.757E-2	1.355	-0.289	1.385
7.357	0.273	-3.515E-2	0.275	9.594E-2	-7.961E-2	0.125	0.826	-0.321	0.886
7.374	0.274	-3.642E-2	0.277	9.570E-2	-7.295E-2	0.120	-5.868E-2	0.102	0.118
7.391	0.276	-3.758E-2	0.278	9.510E-2	-7.490E-2	0.121	0.736	-0.165	0.754
7.407	0.277	-3.892E-2	0.280	0.116	-8.047E-2	0.141	-1.110	0.376	1.172
7.424	0.280	-4.027E-2	0.283	7.433E-2	-6.401E-2	9.810E-2	-1.503	0.977	1.793
7.441	0.280	-4.106E-2	0.283	3.965E-2	-4.363E-2	5.896E-2	-1.156	0.824	1.419
7.457	0.281	-4.172E-2	0.284	5.572E-2	-3.808E-2	6.748E-2	-0.166	2.522E-2	0.168
7.474	0.282	-4.233E-2	0.285	2.771E-2	-4.200E-2	5.031E-2	-1.377	0.238	1.397
7.491	0.282	-4.312E-2	0.285	8.609E-3	-3.400E-2	3.507E-2	-0.867	0.522	1.011
7.508	0.282	-4.346E-2	0.285	-2.304E-4	-1.991E-2	1.991E-2	-0.466	0.291	0.549
7.524	0.282	-4.379E-2	0.285	-6.767E-3	-2.532E-2	2.621E-2	-0.185	-0.149	0.238
7.541	0.282	-4.431E-2	0.285	-7.116E-3	-2.715E-2	2.807E-2	-0.825	-4.367E-2	0.827
7.558	0.282	-4.469E-2	0.285	-2.955E-2	-2.462E-2	3.846E-2	-0.555	0.162	0.578
7.574	0.281	-4.513E-2	0.284	-3.585E-2	-2.314E-2	4.267E-2	0.398	8.941E-2	0.408
7.591	0.281	-4.546E-2	0.284	-8.545E-3	-2.056E-2	2.227E-2	1.142	-0.384	1.205
7.608	0.281	-4.581E-2	0.284	1.753E-3	-3.452E-2	3.457E-2	0.892	-0.549	1.047
7.624	0.281	-4.662E-2	0.284	1.837E-2	-4.342E-2	4.715E-2	1.289	-0.154	1.298
7.641	0.281	-4.726E-2	0.285	4.681E-2	-3.665E-2	5.945E-2	1.483	-7.364E-2	1.485
7.658	0.282	-4.784E-2	0.286	6.847E-2	-4.455E-2	8.169E-2	1.527	-0.471	1.598
7.674	0.283	-4.875E-2	0.288	9.542E-2	-5.537E-2	0.110	0.795	-0.319	0.857
7.691	0.285	-4.969E-2	0.290	0.101	-5.431E-2	0.115	0.129	-0.347	0.370
7.708	0.287	-5.056E-2	0.291	9.261E-2	-6.454E-2	0.113	-0.870	-0.121	0.879
7.724	0.288	-5.184E-2	0.293	7.804E-2	-6.393E-2	0.101	-0.419	0.265	0.496
7.741	0.289	-5.269E-2	0.294	7.077E-2	-5.042E-2	8.690E-2	-0.194	0.637	0.666
7.758	0.291	-5.352E-2	0.296	7.834E-2	-4.497E-2	9.033E-2	-0.646	0.205	0.678
7.774	0.292	-5.419E-2	0.297	4.974E-2	-4.209E-2	6.516E-2	-1.151	-5.983E-2	1.153
7.791	0.292	-5.493E-2	0.298	3.261E-2	-4.764E-2	5.773E-2	-1.048	0.102	1.053
7.808	0.293	-5.578E-2	0.298	2.269E-2	-4.097E-2	4.684E-2	-0.791	0.259	0.833
7.824	0.293	-5.629E-2	0.299	9.880E-4	-3.488E-2	3.490E-2	-0.990	0.156	1.002
7.841	0.293	-5.695E-2	0.299	-8.542E-3	-3.857E-2	3.951E-2	-0.662	-3.575E-2	0.663
7.858	0.293	-5.758E-2	0.299	-2.078E-2	-3.563E-2	4.125E-2	-1.131	-0.506	1.239
7.875	0.292	-5.814E-2	0.298	-4.525E-2	-5.218E-2	6.907E-2	-0.799	-0.359	0.876
7.891	0.291	-5.932E-2	0.297	-5.264E-2	-5.557E-2	7.654E-2	0.690	0.180	0.713
7.908	0.291	-5.999E-2	0.297	-2.024E-2	-3.918E-2	4.410E-2	1.519	0.427	1.578
7.925	0.291	-6.063E-2	0.297	3.055E-3	-4.265E-2	4.276E-2	1.010	-0.784	1.278
7.941	0.291	-6.141E-2	0.297	9.531E-3	-6.424E-2	6.494E-2	0.750	-1.054	1.294
7.958	0.291	-6.277E-2	0.298	2.789E-2	-8.205E-2	8.666E-2	1.255	-0.293	1.289
7.975	0.292	-6.415E-2	0.299	5.243E-2	-7.309E-2	8.995E-2	1.587	8.861E-2	1.589
7.991	0.293	-6.521E-2	0.300	8.025E-2	-7.469E-2	0.110	0.950	0.290	0.993
8.008	0.294	-6.664E-2	0.302	8.804E-2	-7.019E-2	0.113	-5.557E-2	2.792E-2	6.219E-2
8.025	0.296	-6.755E-2	0.303	7.464E-2	-6.606E-2	9.967E-2	-0.263	-0.263	0.372
8.041	0.297	-6.885E-2	0.305	7.764E-2	-8.361E-2	0.114	8.399E-2	-0.354	0.364
8.058	0.298	-7.034E-2	0.307	8.131E-2	-7.941E-2	0.114	-0.427	0.364	0.561
8.075	0.300	-7.150E-2	0.308	6.278E-2	-6.787E-2	9.245E-2	-0.761	0.340	0.833
8.091	0.300	-7.261E-2	0.309	5.222E-2	-6.883E-2	8.639E-2	-0.995	0.444	1.089
8.108	0.301	-7.379E-2	0.310	3.534E-2	-5.605E-2	6.626E-2	-0.955	0.610	1.133
8.125	0.302	-7.448E-2	0.311	1.429E-2	-4.349E-2	4.578E-2	-0.731	0.389	0.828
8.141	0.302	-7.525E-2	0.311	1.351E-2	-4.593E-2	4.788E-2	-0.910	-0.498	1.038
8.158	0.302	-7.601E-2	0.311	-1.220E-2	-5.801E-2	5.928E-2	-1.592	9.099E-2	1.595
8.175	0.301	-7.718E-2	0.311	-4.594E-2	-4.935E-2	6.742E-2	-0.761	0.415	0.867
8.192	0.301	-7.766E-2	0.310	-3.833E-2	-3.550E-2	5.225E-2	-0.130	0.672	0.685
8.208	0.300	-7.837E-2	0.310	-4.201E-2	-3.320E-2	5.355E-2	-0.248	-0.698	0.741
8.225	0.299	-7.877E-2	0.309	-5.514E-2	-5.126E-2	7.528E-2	0.447	-0.648	0.788
8.242	0.298	-8.008E-2	0.309	-2.595E-2	-6.579E-2	7.072E-2	1.247	-0.160	1.257
8.258	0.298	-8.096E-2	0.309	-7.140E-3	-4.953E-2	5.004E-2	0.962	3.359E-2	0.962
8.275	0.298	-8.173E-2	0.309	-5.716E-5	-6.307E-2	6.307E-2	1.218	-0.641	1.377
8.292	0.298	-8.306E-2	0.310	3.416E-2	-7.675E-2	8.401E-2	1.872	-0.430	1.921
8.308	0.299	-8.429E-2	0.311	6.597E-2	-7.396E-2	9.911E-2	1.275	0.181	1.288
8.325	0.300	-8.553E-2	0.312	7.591E-2	-7.175E-2	0.104	0.299	0.101	0.316
8.342	0.302	-8.668E-2	0.314	7.515E-2	-6.962E-2	0.102	0.469	-9.225E-2	0.478
8.358	0.303	-8.786E-2	0.315	8.878E-2	-7.475E-2	0.116	5.475E-2	-0.407	0.411
8.375	0.305	-8.918E-2	0.317	8.439E-2	-8.377E-2	0.119	-0.600	0.150	0.618
8.392	0.306	-9.065E-2	0.319	6.144E-2	-7.263E-2	9.513E-2	-1.289	0.527	1.393
8.408	0.307	-9.160E-2	0.320	4.511E-2	-6.057E-2	7.552E-2	-0.782	0.109	0.790
8.425	0.307	-9.267E-2	0.321	3.208E-2	-7.124E-2	7.813E-2	-0.533	-6.068E-2	0.537
8.442	0.308	-9.398E-2	0.322	2.955E-2	-6.589E-2	7.222E-2	-0.577	0.413	0.710
8.458	0.308	-9.487E-2	0.323	1.395E-2	-5.294E-2	5.475E-2	-0.901	0.731	1.160
8.475	0.308	-9.574E-2	0.323	-3.272E-3	-4.430E-2	4.442E-2	-1.093	-1.522E-2	1.094
8.492	0.308	-9.635E-2	0.323	-2.006E-2	-4.931E-2	5.323E-2	-1.449	0.121	1.454
8.508	0.308	-9.739E-2	0.323	-5.189E-2	-4.734E-2	7.024E-2	-1.016	0.180	1.032
8.525	0.306	-9.793E-2	0.322	-5.933E-2	-3.649E-2	6.965E-2	0.338	-0.312	0.459
8.542	0.306	-9.861E-2	0.321	-3.614E-2	-5.858E-2	6.884E-2	0.623	-0.404	0.742
8.559	0.305	-9.988E-2	0.321	-3.544E-2	-5.718E-2	6.727E-2	0.541	8.544E-2	0.547
8.575	0.304	-0.101	0.321	-2.571E-2	-4.648E-2	5.312E-2	1.357	7.659E-2	1.359
8.592	0.304	-0.101	0.321	1.439E-2	-5.920E-2	6.092E-2	2.217	-0.657	2.313
8.609	0.305	-0.102	0.322	4.886E-2	-6.777E-2	8.354E-2	1.504	-0.119	1.508
8.625	0.306	-0.104	0.323	6.569E-2	-6.487E-2	9.232E-2	0.735	7.175E-2	0.739
8.642	0.307	-0.105	0.324	7.133E-2	-6.204E-2	9.454E-2	0.673	3.451E-2	0.674
8.659	0.308	-0.106	0.326	8.715E-2	-6.608E-2	0.109	0.293	-0.241	0.379
8.675	0.310	-0.107	0.328	8.599E-2	-6.888E-2	0.110	-0.328	-0.124	0.351
8.692	0.311	-0.108	0.329	7.088E-2	-7.129E-2	0.101	-0.837	8.180E-2	0.841
8.709	0.312	-0.109	0.331	6.069E-2	-6.610E-2	8.973E-2	-0.201	0.573	0.607
8.725	0.313	-0.110	0.332	6.078E-2	-5.236E-2	8.022E-2	-0.158	0.855	0.869
8.742	0.314	-0.111	0.333	6.036E-2	-3.648E-2	7.053E-2	-0.511	0.269	0.577
8.759	0.315	-0.111	0.334	4.138E-2	-4.124E-2	5.842E-2	-1.131	-0.457	1.220
8.775	0.316	-0.112	0.335	2.234E-2	-5.548E-2	5.981E-2	-0.998	0.133	1.007
8.792	0.316	-0.113	0.336	7.722E-3	-3.883E-2	3.959E-2	-1.101	0.851	1.392
8.809	0.316	-0.114	0.336	-1.261E-2	-2.085E-2	2.436E-2	-0.942	4.857E-2	0.943
8.825	0.316	-0.114	0.336	-2.715E-2	-3.821E-2	4.687E-2	-0.495	2.282E-2	0.495
8.842	0.315	-0.115	0.335	-2.695E-2	-2.806E-2	3.891E-2	2.289E-2	0.405	0.405
8.859	0.315	-0.115	0.335	-2.649E-2	-1.344E-2	2.970E-2	-3.688E-3	-0.449	0.449
8.876	0.314	-0.115	0.335	-2.682E-2	-4.681E-2	5.395E-2	0.505	-1.005	1.125
8.892	0.314	-0.117	0.335	-1.216E-2	-5.382E-2	5.518E-2	0.848	0.340	0.914
8.909	0.314	-0.117	0.335	5.674E-3	-2.934E-2	2.988E-2	1.724	0.105	1.727
8.926	0.314	-0.118	0.335	3.935E-2	-4.604E-2	6.056E-2	1.609	-0.693	1.752
8.942	0.315	-0.119	0.337	6.831E-2	-6.261E-2	9.267E-2	1.005	-0.459	1.105
8.959	0.316	-0.120	0.338	6.751E-2	-5.465E-2	8.686E-2	0.475	0.311	0.568
8.976	0.317	-0.121	0.340	8.297E-2	-5.434E-2	9.918E-2	0.968	-9.780E-2	0.973
8.992	0.319	-0.121	0.341	0.103	-5.656E-2	0.117	0.460	2.826E-2	0.460
9.009	0.321	-0.122	0.343	9.930E-2	-5.557E-2	0.114	-0.729	-0.102	0.737
9.026	0.322	-0.123	0.345	7.679E-2	-5.699E-2	9.563E-2	-1.076	0.156	1.088
9.042	0.323	-0.124	0.346	6.125E-2	-5.428E-2	8.184E-2	-0.249	0.209	0.325
9.059	0.324	-0.125	0.348	6.838E-2	-4.626E-2	8.256E-2	-0.669	0.408	0.783
9.076	0.326	-0.126	0.349	4.643E-2	-4.299E-2	6.327E-2	-1.216	-0.223	1.237
9.092	0.326	-0.127	0.350	1.719E-2	-5.053E-2	5.337E-2	-1.420	6.440E-3	1.420
9.109	0.326	-0.128	0.350	6.024E-3	-4.881E-2	4.918E-2	-0.606	0.457	0.759
9.126	0.326	-0.128	0.350	-7.137E-3	-3.030E-2	3.113E-2	-1.076	0.509	1.190
9.142	0.326	-0.129	0.350	-2.533E-2	-3.158E-2	4.048E-2	-0.595	-0.146	0.612
9.159	0.325	-0.129	0.350	-3.366E-2	-3.760E-2	5.046E-2	5.605E-2	-0.393	0.397
9.176	0.325	-0.130	0.350	-1.870E-2	-4.304E-2	4.692E-2	0.267	-0.377	0.462
9.193	0.325	-0.131	0.350	-2.338E-2	-5.134E-2	5.641E-2	0.626	-0.261	0.678
9.209	0.324	-0.132	0.350	-5.263E-3	-5.208E-2	5.235E-2	1.052	2.279E-2	1.053
9.226	0.325	-0.132	0.350	2.123E-2	-4.962E-2	5.397E-2	1.398	-0.170	1.408
9.243	0.325	-0.133	0.351	3.491E-2	-5.688E-2	6.674E-2	1.352	-0.713	1.529
9.259	0.326	-0.134	0.352	6.820E-2	-7.424E-2	0.101	1.428	-0.659	1.573
9.276	0.327	-0.136	0.354	8.575E-2	-8.099E-2	0.118	0.641	3.389E-3	0.641
9.293	0.329	-0.137	0.356	8.654E-2	-7.264E-2	0.113	9.377E-2	8.761E-2	0.128
9.309	0.330	-0.138	0.358	8.927E-2	-7.575E-2	0.117	-0.309	0.146	0.341
9.326	0.332	-0.139	0.360	7.811E-2	-7.263E-2	0.107	-0.725	0.214	0.756
9.343	0.333	-0.141	0.361	6.193E-2	-6.372E-2	8.886E-2	-0.418	0.227	0.475
9.359	0.334	-0.142	0.362	6.399E-2	-6.735E-2	9.290E-2	0.140	-4.029E-2	0.145
9.376	0.335	-0.143	0.364	6.896E-2	-6.537E-2	9.502E-2	-0.596	0.301	0.668
9.393	0.336	-0.144	0.365	4.610E-2	-5.711E-2	7.339E-2	-1.572	0.226	1.589
9.409	0.336	-0.145	0.366	1.210E-2	-5.609E-2	5.738E-2	-1.255	-1.483E-3	1.255
9.426	0.336	-0.146	0.366	3.429E-3	-5.931E-2	5.941E-2	-0.312	8.136E-2	0.322
9.443	0.336	-0.147	0.367	4.706E-3	-5.316E-2	5.337E-2	-0.482	0.168	0.510
9.459	0.336	-0.147	0.367	-1.171E-2	-5.187E-2	5.318E-2	-1.185	-6.556E-2	1.187
9.476	0.336	-0.148	0.367	-3.701E-2	-5.696E-2	6.793E-2	-0.914	3.278E-2	0.915
9.493	0.335	-0.149	0.367	-4.391E-2	-5.158E-2	6.774E-2	0.532	-0.183	0.563
9.509	0.335	-0.150	0.367	-1.940E-2	-5.894E-2	6.205E-2	1.090	-8.130E-2	1.093
9.526	0.335	-0.151	0.367	-1.902E-3	-6.098E-2	6.101E-2	0.929	-0.388	1.007
9.543	0.334	-0.152	0.367	6.291E-3	-6.427E-2	6.457E-2	0.973	-2.691	2.861
9.560	0.335	-0.153	0.368	3.204E-2	-0.147	0.151	1.678	-1.419	2.197
9.576	0.336	-0.157	0.370	6.261E-2	-0.139	0.153	1.319	1.133	1.739
9.593	0.337	-0.158	0.372	7.849E-2	-7.645E-2	0.110	0.801	2.024	2.176
9.610	0.338	-0.160	0.374	8.597E-2	-8.654E-2	0.122	2.224E-2	4.072E-4	2.224E-2
9.626	0.340	-0.161	0.376	8.289E-2	-7.535E-2	0.112	0.243	0.182	0.303
9.643	0.341	-0.162	0.378	8.778E-2	-7.673E-2	0.117	6.779E-2	0.196	0.207
9.660	0.343	-0.164	0.380	9.260E-2	-7.483E-2	0.119	-7.581E-2	1.586E-2	7.745E-2
9.676	0.344	-0.165	0.381	8.024E-2	-7.012E-2	0.107	-0.693	0.474	0.839
9.693	0.345	-0.166	0.383	7.152E-2	-6.479E-2	9.650E-2	-0.960	0.566	1.115
9.710	0.346	-0.167	0.384	4.871E-2	-4.712E-2	6.777E-2	-1.578	0.542	1.668
9.726	0.347	-0.167	0.385	1.755E-2	-4.658E-2	4.978E-2	-1.230	0.134	1.238
9.743	0.347	-0.168	0.386	5.111E-3	-4.531E-2	4.559E-2	-0.611	-3.525E-2	0.612
9.760	0.347	-0.169	0.386	1.169E-3	-4.487E-2	4.489E-2	-0.483	-0.212	0.528
9.776	0.347	-0.170	0.386	-1.242E-2	-5.402E-2	5.543E-2	-1.229	-0.446	1.307
9.793	0.347	-0.171	0.386	-3.807E-2	-5.996E-2	7.103E-2	-0.316	0.187	0.367
9.810	0.346	-0.172	0.386	-3.110E-2	-4.947E-2	5.843E-2	0.529	0.372	0.647
9.826	0.346	-0.172	0.386	-9.680E-3	-4.293E-2	4.401E-2	0.956	-1.229E-3	0.956
9.843	0.345	-0.173	0.386	-5.410E-3	-5.240E-2	5.268E-2	1.292	-6.812E-2	1.294
9.860	0.345	-0.174	0.387	3.240E-2	-4.676E-2	5.689E-2	1.715	0.109	1.719
9.877	0.347	-0.175	0.388	5.922E-2	-4.454E-2	7.410E-2	1.571	0.139	1.577
9.893	0.347	-0.176	0.389	7.714E-2	-4.626E-2	8.995E-2	1.134	-0.657	1.311
9.910	0.349	-0.176	0.391	0.102	-6.102E-2	0.119	1.021	-0.514	1.143
9.927	0.351	-0.178	0.393	0.110	-7.133E-2	0.131	-0.379	7.978E-2	0.388
9.943	0.353	-0.179	0.395	9.234E-2	-5.377E-2	0.107	-0.719	0.377	0.812
9.960	0.354	-0.180	0.397	7.894E-2	-5.645E-2	9.705E-2	-0.472	-6.906E-2	0.477
9.977	0.355	-0.181	0.399	8.143E-2	-6.099E-2	0.102	7.890E-2	4.952E-2	9.315E-2
9.993	0.357	-0.182	0.400	7.962E-2	-5.207E-2	9.514E-2	-0.742	0.400	0.843
10.010	0.358	-0.182	0.402	6.047E-2	-4.779E-2	7.708E-2			
10.027	0.359	-0.183	0.403						
