	mass A									
t	x	y	r	vx	vy	v	ax	ay	a	
0.000	-3.506E-4	-1.709E-3	1.745E-3						
0.017	-3.680E-3	-3.314E-3	4.952E-3	-0.162	-5.514E-2	0.171			
0.033	-5.758E-3	-3.549E-3	6.764E-3	-0.111	-1.157E-2	0.112	-0.509	0.327	0.605
0.050	-7.382E-3	-3.700E-3	8.257E-3	-0.170	-4.435E-2	0.176	-1.256	-0.207	1.273
0.067	-1.143E-2	-5.029E-3	1.249E-2	-0.184	-3.524E-2	0.187	0.962	1.750	1.998
0.083	-1.352E-2	-4.876E-3	1.437E-2	-0.113	2.894E-2	0.116	3.068	1.683	3.499
0.100	-1.519E-2	-4.063E-3	1.572E-2	-8.817E-2	2.381E-2	9.133E-2	1.600	8.041E-2	1.602
0.117	-1.646E-2	-4.082E-3	1.696E-2	-5.995E-2	1.881E-2	6.283E-2	2.408	1.006	2.610
0.133	-1.719E-2	-3.435E-3	1.753E-2	-9.664E-3	6.316E-2	6.390E-2	0.936	0.841	1.258
0.150	-1.679E-2	-1.974E-3	1.690E-2	-1.566E-2	5.555E-2	5.772E-2	0.330	-0.657	0.736
0.167	-1.771E-2	-1.582E-3	1.778E-2	-1.998E-2	2.797E-2	3.437E-2	-0.676	-1.183	1.363
0.184	-1.745E-2	-1.041E-3	1.748E-2	-1.762E-2	2.322E-2	2.915E-2	-0.493	-0.695	0.852
0.200	-1.830E-2	-8.069E-4	1.832E-2	-5.099E-2	3.080E-3	5.108E-2	-2.871	-1.592	3.283
0.217	-1.915E-2	-9.385E-4	1.918E-2	-0.102	-2.876E-2	0.106	-3.971	-2.474	4.679
0.234	-2.169E-2	-1.766E-3	2.176E-2	-0.192	-7.957E-2	0.208	-1.719	-1.448	2.247
0.250	-2.556E-2	-3.593E-3	2.582E-2	-0.172	-8.599E-2	0.192	-2.399	-1.102	2.640
0.267	-2.742E-2	-4.636E-3	2.781E-2	-0.232	-9.998E-2	0.253	-1.242	-0.312	1.281
0.284	-3.330E-2	-6.929E-3	3.402E-2	-0.268	-0.114	0.292	-0.252	-0.199	0.321
0.300	-3.638E-2	-8.435E-3	3.734E-2	-0.197	-9.397E-2	0.218	3.085	0.358	3.105
0.317	-3.988E-2	-1.006E-2	4.113E-2	-0.185	-0.105	0.213	2.122	1.220	2.448
0.334	-4.254E-2	-1.195E-2	4.419E-2	-0.123	-6.214E-2	0.137	1.043	1.166	1.564
0.350	-4.397E-2	-1.214E-2	4.562E-2	-0.136	-4.588E-2	0.143	0.536	1.061	1.189
0.367	-4.708E-2	-1.348E-2	4.897E-2	-0.132	-4.836E-2	0.141	1.305	0.498	1.397
0.384	-4.838E-2	-1.375E-2	5.030E-2	-7.076E-2	-1.538E-2	7.242E-2	1.258	1.527	1.978
0.400	-4.944E-2	-1.399E-2	5.138E-2	-9.173E-2	-3.262E-3	9.178E-2	-0.571	0.642	0.859
0.417	-5.144E-2	-1.386E-2	5.327E-2	-0.102	8.905E-3	0.102	-0.266	0.392	0.474
0.434	-5.283E-2	-1.369E-2	5.457E-2	-9.032E-2	8.736E-3	9.074E-2	3.051	1.224	3.287
0.450	-5.445E-2	-1.357E-2	5.612E-2	-1.601E-2	4.399E-2	4.682E-2	2.696	0.548	2.751
0.467	-5.336E-2	-1.223E-2	5.474E-2	2.914E-2	4.300E-2	5.194E-2	0.764	-0.828	1.127
0.484	-5.348E-2	-1.213E-2	5.484E-2	-1.187E-2	1.068E-3	1.191E-2	-2.113	-1.519	2.602
0.501	-5.376E-2	-1.219E-2	5.512E-2	-3.490E-2	-3.545E-3	3.508E-2	-2.986	-1.489	3.336
0.517	-5.465E-2	-1.225E-2	5.600E-2	-0.108	-4.251E-2	0.116	-3.071	-2.551	3.992
0.534	-5.737E-2	-1.361E-2	5.896E-2	-0.152	-9.741E-2	0.181	-2.522	-1.872	3.140
0.551	-5.972E-2	-1.550E-2	6.170E-2	-0.176	-0.105	0.205	-2.585E-2	-0.410	0.411
0.567	-6.325E-2	-1.712E-2	6.553E-2	-0.170	-0.105	0.200	-1.114	-0.657	1.294
0.584	-6.541E-2	-1.901E-2	6.811E-2	-0.188	-0.129	0.228	-2.089	-1.151	2.385
0.601	-6.953E-2	-2.141E-2	7.275E-2	-0.261	-0.146	0.299	-1.099	0.182	1.114
0.617	-7.411E-2	-2.390E-2	7.787E-2	-0.227	-0.125	0.259	2.713	1.099	2.927
0.634	-7.711E-2	-2.557E-2	8.124E-2	-0.158	-0.102	0.188	4.044	2.205	4.606
0.651	-7.938E-2	-2.730E-2	8.395E-2	-9.826E-2	-6.120E-2	0.116	0.192	1.149	1.164
0.667	-8.039E-2	-2.761E-2	8.500E-2	-0.133	-4.718E-2	0.141	0.443	0.994	1.089
0.684	-8.383E-2	-2.888E-2	8.867E-2	-0.122	-4.651E-2	0.130	1.104	0.861	1.400
0.701	-8.445E-2	-2.916E-2	8.935E-2	-5.884E-2	-7.382E-3	5.930E-2	1.604	1.371	2.110
0.717	-8.580E-2	-2.912E-2	9.060E-2	-8.578E-2	-1.586E-3	8.579E-2	-0.985	0.158	0.998
0.734	-8.732E-2	-2.922E-2	9.207E-2	-9.029E-2	-4.767E-3	9.042E-2	-0.735	0.268	0.782
0.751	-8.881E-2	-2.928E-2	9.351E-2	-0.107	6.654E-3	0.107	0.368	0.568	0.677
0.767	-9.088E-2	-2.899E-2	9.539E-2	-8.823E-2	1.713E-2	8.988E-2	1.777	-0.142	1.783
0.784	-9.175E-2	-2.871E-2	9.614E-2	-3.694E-2	2.450E-3	3.702E-2	1.473	-0.510	1.559
0.801	-9.211E-2	-2.891E-2	9.654E-2	-3.754E-2	-5.047E-3	3.788E-2	-0.346	-0.268	0.438
0.817	-9.301E-2	-2.888E-2	9.739E-2	-5.503E-2	-1.841E-3	5.506E-2	-1.205	-0.965	1.544
0.834	-9.395E-2	-2.897E-2	9.832E-2	-7.350E-2	-3.514E-2	8.147E-2	-1.461	-1.413	2.033
0.851	-9.546E-2	-3.005E-2	0.100	-0.106	-5.784E-2	0.121	-2.499	-1.690	3.016
0.868	-9.749E-2	-3.090E-2	0.102	-0.154	-8.110E-2	0.174	-2.781	-1.048	2.972
0.884	-0.101	-3.276E-2	0.106	-0.204	-0.103	0.228	-1.947	-0.648	2.052
0.901	-0.104	-3.435E-2	0.110	-0.220	-9.618E-2	0.240	0.135	0.366	0.390
0.918	-0.108	-3.597E-2	0.114	-0.199	-9.296E-2	0.220	1.424	7.006E-2	1.426
0.934	-0.111	-3.746E-2	0.117	-0.168	-9.231E-2	0.192	1.468	0.276	1.493
0.951	-0.114	-3.905E-2	0.120	-0.151	-8.642E-2	0.174	0.630	0.946	1.137
0.968	-0.116	-4.034E-2	0.123	-0.147	-6.024E-2	0.159	0.121	1.730	1.735
0.984	-0.118	-4.106E-2	0.125	-0.148	-2.725E-2	0.151	9.324E-2	1.362	1.365
1.001	-0.121	-4.125E-2	0.128	-0.144	-1.263E-2	0.144	0.305	0.637	0.706
1.018	-0.123	-4.148E-2	0.130	-0.137	-9.192E-3	0.138	0.782	0.347	0.855
1.034	-0.125	-4.156E-2	0.132	-0.120	-2.391E-4	0.120	1.959	1.135	2.264
1.051	-0.127	-4.149E-2	0.134	-7.254E-2	2.617E-2	7.712E-2	1.831	1.226	2.204
1.068	-0.128	-4.068E-2	0.134	-5.030E-2	4.656E-2	6.854E-2	1.072	0.504	1.185
1.084	-0.129	-3.993E-2	0.135	-4.595E-2	4.010E-2	6.099E-2	0.446	0.192	0.485
1.101	-0.129	-3.934E-2	0.135	-3.039E-2	4.972E-2	5.827E-2	0.904	-0.268	0.943
1.118	-0.130	-3.827E-2	0.135	-1.866E-2	3.952E-2	4.370E-2	0.252	-0.798	0.837
1.134	-0.130	-3.803E-2	0.136	-1.807E-2	1.406E-2	2.290E-2	-0.676	-1.043	1.243
1.151	-0.131	-3.780E-2	0.136	-4.309E-2	8.685E-3	4.396E-2	-2.903	-1.137	3.118
1.168	-0.132	-3.774E-2	0.137	-0.111	-2.145E-2	0.113	-3.336	-1.637	3.716
1.185	-0.134	-3.852E-2	0.140	-0.166	-5.187E-2	0.174	-2.979	-1.649	3.405
1.201	-0.137	-3.947E-2	0.143	-0.200	-7.204E-2	0.212	-1.691	-1.218	2.084
1.218	-0.141	-4.092E-2	0.147	-0.230	-9.508E-2	0.249	0.155	-0.321	0.357
1.235	-0.145	-4.264E-2	0.151	-0.196	-8.530E-2	0.214	1.919	0.896	2.117
1.251	-0.147	-4.377E-2	0.154	-0.156	-6.016E-2	0.168	1.364	0.988	1.684
1.268	-0.150	-4.465E-2	0.156	-0.154	-5.266E-2	0.163	9.031E-2	0.520	0.528
1.285	-0.153	-4.553E-2	0.159	-0.154	-4.503E-2	0.161	0.824	0.931	1.243
1.301	-0.155	-4.615E-2	0.162	-0.130	-2.162E-2	0.131	0.810	1.312	1.542
1.318	-0.157	-4.625E-2	0.164	-0.119	1.114E-3	0.119	0.203	0.779	0.805
1.335	-0.159	-4.611E-2	0.166	-0.130	4.660E-3	0.130	0.241	0.215	0.323
1.351	-0.161	-4.609E-2	0.168	-0.111	5.647E-3	0.111	1.350	0.809	1.573
1.368	-0.163	-4.592E-2	0.169	-8.208E-2	3.052E-2	8.757E-2	1.513	1.037	1.834
1.385	-0.164	-4.508E-2	0.170	-6.105E-2	4.612E-2	7.651E-2	1.744	1.257	2.150
1.401	-0.165	-4.439E-2	0.171	-2.655E-2	6.484E-2	7.007E-2	0.817	-4.587E-2	0.818
1.418	-0.165	-4.291E-2	0.170	-2.457E-2	5.653E-2	6.164E-2	-0.454	-1.109	1.198
1.435	-0.166	-4.250E-2	0.171	-5.147E-2	1.656E-2	5.406E-2	-0.924	-1.726	1.958
1.451	-0.167	-4.236E-2	0.172	-5.333E-2	2.062E-3	5.337E-2	-0.329	-0.769	0.836
1.468	-0.167	-4.243E-2	0.173	-6.021E-2	-9.061E-3	6.088E-2	-2.020	-1.083	2.292
1.485	-0.169	-4.266E-2	0.174	-0.117	-3.195E-2	0.121	-2.936	-1.032	3.112
1.502	-0.171	-4.350E-2	0.177	-0.170	-4.823E-2	0.177	-1.459	-0.882	1.705
1.518	-0.174	-4.427E-2	0.180	-0.162	-5.679E-2	0.172	-0.895	-0.943	1.300
1.535	-0.177	-4.539E-2	0.182	-0.189	-8.094E-2	0.206	-0.131	-0.417	0.437
1.552	-0.181	-4.697E-2	0.187	-0.186	-7.585E-2	0.201	0.349	-9.651E-3	0.349
1.568	-0.183	-4.792E-2	0.189	-0.157	-7.179E-2	0.173	0.752	0.243	0.791
1.585	-0.186	-4.937E-2	0.192	-0.172	-7.615E-2	0.188	0.886	1.019	1.350
1.602	-0.189	-5.046E-2	0.195	-0.131	-3.682E-2	0.136	0.530	1.462	1.555
1.618	-0.190	-5.060E-2	0.197	-0.136	-1.902E-2	0.137	0.236	0.895	0.926
1.635	-0.193	-5.110E-2	0.200	-0.147	-1.622E-2	0.148	-0.373	0.616	0.720
1.652	-0.195	-5.114E-2	0.202	-0.130	5.908E-3	0.130	2.032	1.466	2.506
1.668	-0.198	-5.090E-2	0.204	-9.618E-2	3.072E-2	0.101	1.857	1.193	2.207
1.685	-0.198	-5.011E-2	0.205	-4.999E-2	4.903E-2	7.002E-2	1.502	0.320	1.536
1.702	-0.199	-4.926E-2	0.205	-5.477E-2	4.093E-2	6.838E-2	-4.938E-2	0.320	0.323
1.718	-0.200	-4.875E-2	0.206	-5.136E-2	5.344E-2	7.412E-2	0.407	0.310	0.511
1.735	-0.201	-4.748E-2	0.206	-4.126E-2	6.116E-2	7.377E-2	0.761	-9.655E-2	0.767
1.752	-0.201	-4.671E-2	0.207	-2.572E-2	4.330E-2	5.037E-2	2.481E-2	-1.363	1.363
1.768	-0.202	-4.604E-2	0.207	-3.618E-2	1.975E-2	4.122E-2	-1.260	-1.122	1.687
1.785	-0.203	-4.605E-2	0.208	-7.208E-2	3.724E-4	7.208E-2	-1.131	-0.978	1.496
1.802	-0.204	-4.602E-2	0.209	-7.758E-2	-8.341E-3	7.803E-2	-2.472	-1.439	2.860
1.818	-0.205	-4.632E-2	0.210	-0.139	-4.649E-2	0.146	-2.170	-1.759	2.793
1.835	-0.209	-4.758E-2	0.214	-0.177	-7.394E-2	0.192	-0.961	-0.711	1.195
1.852	-0.211	-4.879E-2	0.217	-0.150	-6.673E-2	0.164	-0.115	-1.576E-2	0.116
1.869	-0.214	-4.980E-2	0.220	-0.184	-7.131E-2	0.197	0.145	6.272E-2	0.158
1.885	-0.217	-5.117E-2	0.223	-0.159	-7.028E-2	0.174	1.208	0.210	1.226
1.902	-0.219	-5.215E-2	0.225	-0.122	-5.928E-2	0.136	0.941	0.667	1.153
1.919	-0.221	-5.315E-2	0.228	-0.139	-5.121E-2	0.148	-0.410	0.508	0.652
1.935	-0.224	-5.386E-2	0.230	-0.135	-4.003E-2	0.141	0.776	0.937	1.217
1.952	-0.226	-5.448E-2	0.232	-0.114	-2.269E-2	0.116	0.863	1.047	1.357
1.969	-0.228	-5.461E-2	0.234	-0.102	-1.956E-3	0.102	0.550	0.926	1.077
1.985	-0.229	-5.455E-2	0.236	-9.982E-2	7.191E-3	0.100	1.383	1.401	1.969
2.002	-0.231	-5.437E-2	0.237	-5.856E-2	4.068E-2	7.130E-2	1.151	1.051	1.559
2.019	-0.231	-5.319E-2	0.237	-4.887E-2	5.291E-2	7.203E-2	0.916	0.822	1.231
2.035	-0.233	-5.261E-2	0.238	-4.433E-2	5.576E-2	7.123E-2	1.265E-2	-0.280	0.280
2.052	-0.233	-5.133E-2	0.238	-3.371E-2	5.508E-2	6.458E-2	0.844	-0.507	0.984
2.069	-0.234	-5.077E-2	0.239	-2.917E-2	3.028E-2	4.205E-2	0.408	-0.630	0.750
2.085	-0.234	-5.032E-2	0.239	-1.005E-2	3.496E-2	3.638E-2	0.450	-0.558	0.716
2.102	-0.234	-4.960E-2	0.239	-1.823E-2	1.807E-2	2.567E-2	-2.719	-1.756	3.237
2.119	-0.234	-4.972E-2	0.240	-9.134E-2	-2.881E-2	9.578E-2	-3.539	-1.740	3.943
2.135	-0.237	-5.056E-2	0.242	-0.156	-4.364E-2	0.162	-2.219	-0.866	2.382
2.152	-0.240	-5.118E-2	0.245	-0.154	-5.058E-2	0.162	-0.107	-8.792E-2	0.139
2.169	-0.242	-5.225E-2	0.248	-0.160	-5.318E-2	0.169	-0.758	-0.819	1.116
2.186	-0.245	-5.295E-2	0.251	-0.178	-6.881E-2	0.191	0.403	-0.398	0.566
2.202	-0.248	-5.455E-2	0.254	-0.155	-7.830E-2	0.174	0.981	7.738E-2	0.984
2.219	-0.250	-5.556E-2	0.256	-0.131	-5.781E-2	0.144	1.035	0.879	1.358
2.236	-0.252	-5.648E-2	0.259	-0.131	-5.112E-2	0.141	5.564E-2	0.276	0.282
2.252	-0.254	-5.727E-2	0.261	-0.124	-4.789E-2	0.133	0.558	0.949	1.101
2.269	-0.257	-5.807E-2	0.263	-0.117	-2.365E-2	0.120	-4.597E-2	1.313	1.314
2.286	-0.258	-5.806E-2	0.265	-0.119	2.788E-3	0.120	1.096	1.369	1.754
2.302	-0.261	-5.798E-2	0.267	-9.184E-2	1.719E-2	9.344E-2	1.168	1.209	1.681
2.319	-0.261	-5.748E-2	0.268	-6.504E-2	4.440E-2	7.875E-2	1.257	1.415	1.893
2.336	-0.263	-5.650E-2	0.269	-6.206E-2	6.578E-2	9.044E-2	0.802	0.559	0.978
2.352	-0.264	-5.529E-2	0.269	-3.321E-2	6.412E-2	7.221E-2	0.932	-6.844E-2	0.934
2.369	-0.264	-5.436E-2	0.269	-2.885E-2	5.955E-2	6.617E-2	5.716E-2	-0.655	0.658
2.386	-0.264	-5.330E-2	0.270	-3.537E-2	4.694E-2	5.877E-2	-0.572	-1.103	1.242
2.402	-0.265	-5.279E-2	0.270	-4.497E-2	1.910E-2	4.885E-2	-0.636	-1.185	1.345
2.419	-0.266	-5.266E-2	0.271	-5.931E-2	6.677E-3	5.969E-2	-1.020	-0.728	1.253
2.436	-0.267	-5.257E-2	0.272	-7.655E-2	-2.693E-3	7.660E-2	-2.479	-1.376	2.835
2.452	-0.269	-5.275E-2	0.274	-0.139	-3.763E-2	0.144	-2.540	-1.292	2.850
2.469	-0.272	-5.383E-2	0.277	-0.175	-5.373E-2	0.183	-1.044	-0.487	1.152
2.486	-0.274	-5.455E-2	0.280	-0.163	-4.658E-2	0.170	0.900	-0.157	0.913
2.503	-0.277	-5.538E-2	0.283	-0.149	-6.003E-2	0.160	0.744	-0.918	1.181
2.519	-0.279	-5.655E-2	0.285	-0.134	-7.840E-2	0.155	0.629	-0.227	0.669
2.536	-0.282	-5.800E-2	0.287	-0.130	-7.081E-2	0.148	0.198	0.728	0.755
2.553	-0.284	-5.891E-2	0.290	-0.126	-4.919E-2	0.136	-7.032E-2	1.289	1.291
2.569	-0.286	-5.964E-2	0.292	-0.132	-3.032E-2	0.136	-0.759	1.280	1.488
2.586	-0.288	-5.993E-2	0.294	-0.152	-5.243E-3	0.152	0.389	1.417	1.470
2.603	-0.291	-5.981E-2	0.297	-0.128	1.702E-2	0.129	1.364	0.846	1.605
2.619	-0.292	-5.936E-2	0.298	-9.303E-2	2.462E-2	9.623E-2	1.235	0.594	1.370
2.636	-0.294	-5.899E-2	0.300	-9.292E-2	3.298E-2	9.860E-2	0.864	0.967	1.296
2.653	-0.295	-5.826E-2	0.301	-6.637E-2	5.839E-2	8.840E-2	1.198	0.890	1.493
2.669	-0.296	-5.704E-2	0.302	-4.611E-2	6.611E-2	8.060E-2	0.302	-0.192	0.358
2.686	-0.297	-5.605E-2	0.302	-5.925E-2	4.950E-2	7.721E-2	-0.320	-0.501	0.595
2.703	-0.298	-5.539E-2	0.303	-6.033E-2	4.647E-2	7.615E-2	0.456	0.319	0.556
2.719	-0.299	-5.450E-2	0.304	-4.160E-2	6.231E-2	7.492E-2	0.641	-0.339	0.725
2.736	-0.300	-5.331E-2	0.304	-3.659E-2	4.099E-2	5.495E-2	-0.853	-1.422	1.658
2.753	-0.300	-5.313E-2	0.305	-6.902E-2	5.719E-3	6.926E-2	-2.220	-1.409	2.629
2.769	-0.302	-5.312E-2	0.306	-0.115	-2.696E-3	0.115	-2.386	-0.989	2.583
2.786	-0.304	-5.322E-2	0.309	-0.148	-2.481E-2	0.150	-1.366	-1.078	1.740
2.803	-0.307	-5.395E-2	0.311	-0.162	-4.357E-2	0.168	-0.909	-0.942	1.309
2.819	-0.309	-5.468E-2	0.314	-0.174	-5.229E-2	0.182	0.437	-0.136	0.457
2.836	-0.313	-5.569E-2	0.318	-0.156	-5.194E-2	0.164	0.952	-8.156E-2	0.956
2.853	-0.315	-5.641E-2	0.320	-0.131	-5.011E-2	0.140	0.368	9.293E-2	0.380
2.870	-0.317	-5.737E-2	0.322	-0.148	-5.287E-2	0.157	0.428	0.696	0.817
2.886	-0.320	-5.817E-2	0.325	-0.124	-2.754E-2	0.127	0.723	1.412	1.587
2.903	-0.321	-5.829E-2	0.326	-0.110	-1.235E-3	0.110	0.443	0.990	1.085
2.920	-0.323	-5.821E-2	0.328	-0.121	4.126E-3	0.121	0.271	0.332	0.429
2.936	-0.325	-5.815E-2	0.330	-9.706E-2	8.394E-3	9.743E-2	0.433	0.675	0.802
2.953	-0.327	-5.793E-2	0.332	-0.101	2.604E-2	0.104	0.808	1.207	1.452
2.970	-0.329	-5.728E-2	0.333	-8.298E-2	5.025E-2	9.701E-2	0.758	1.363	1.559
2.986	-0.329	-5.626E-2	0.334	-6.043E-2	7.130E-2	9.347E-2	1.307	1.085	1.698
3.003	-0.331	-5.490E-2	0.335	-5.214E-2	8.696E-2	0.101	0.447	-0.459	0.641
3.020	-0.331	-5.336E-2	0.335	-3.592E-2	6.070E-2	7.053E-2	0.502	-1.389	1.477
3.036	-0.332	-5.287E-2	0.336	-4.082E-2	3.049E-2	5.095E-2	1.155E-2	-0.880	0.880
3.053	-0.332	-5.234E-2	0.336	-3.469E-2	3.582E-2	4.986E-2	-0.283	-0.367	0.463
3.070	-0.333	-5.168E-2	0.337	-4.692E-2	2.164E-2	5.167E-2	-1.305	-1.238	1.799
3.086	-0.334	-5.162E-2	0.338	-8.108E-2	-9.277E-3	8.161E-2	-1.938	-1.067	2.212
3.103	-0.336	-5.199E-2	0.340	-0.112	-1.603E-2	0.113	-1.080	-0.705	1.290
3.120	-0.338	-5.215E-2	0.342	-0.119	-2.672E-2	0.122	-1.365	-1.331	1.907
3.136	-0.340	-5.288E-2	0.344	-0.149	-6.337E-2	0.162	-0.310	-0.906	0.958
3.153	-0.343	-5.427E-2	0.347	-0.146	-6.301E-2	0.159	0.514	-0.203	0.553
3.170	-0.344	-5.498E-2	0.349	-0.115	-5.927E-2	0.129	0.872	7.305E-3	0.872
3.187	-0.346	-5.624E-2	0.351	-0.124	-7.095E-2	0.143	-0.262	0.160	0.307
3.203	-0.349	-5.735E-2	0.353	-0.124	-5.230E-2	0.134	0.562	1.315	1.431
3.220	-0.351	-5.799E-2	0.355	-0.106	-2.553E-2	0.109	0.666	1.316	1.475
3.237	-0.352	-5.820E-2	0.357	-9.728E-2	-7.518E-3	9.757E-2	0.370	0.815	0.895
3.253	-0.354	-5.824E-2	0.359	-9.803E-2	9.114E-4	9.803E-2	-0.282	0.599	0.662
3.270	-0.355	-5.817E-2	0.360	-0.103	1.155E-2	0.104	0.497	0.701	0.859
3.287	-0.357	-5.785E-2	0.362	-8.842E-2	2.513E-2	9.193E-2	1.193	0.965	1.535
3.303	-0.358	-5.733E-2	0.363	-5.610E-2	4.277E-2	7.054E-2	1.384	1.267	1.876
3.320	-0.359	-5.643E-2	0.364	-4.416E-2	6.790E-2	8.100E-2	0.446	0.223	0.499
3.337	-0.360	-5.507E-2	0.364	-4.098E-2	5.609E-2	6.947E-2	0.513	8.468E-2	0.520
3.353	-0.361	-5.456E-2	0.365	-2.969E-2	5.767E-2	6.486E-2	0.801	-0.380	0.887
3.370	-0.361	-5.314E-2	0.365	-1.144E-2	5.849E-2	5.960E-2	0.530	-0.965	1.101
3.387	-0.361	-5.260E-2	0.365	-1.124E-2	1.642E-2	1.990E-2	-0.881	-1.804	2.007
3.403	-0.361	-5.260E-2	0.365	-4.003E-2	-2.114E-3	4.008E-2	-1.470	-0.867	1.707
3.420	-0.362	-5.267E-2	0.366	-6.569E-2	-1.021E-2	6.648E-2	-1.478	-0.379	1.526
3.437	-0.363	-5.294E-2	0.367	-8.450E-2	-1.590E-2	8.598E-2	-1.832	-1.049	2.111
3.453	-0.365	-5.321E-2	0.369	-0.127	-4.094E-2	0.134	-1.477	-1.055	1.814
3.470	-0.368	-5.430E-2	0.372	-0.141	-5.909E-2	0.153	1.718E-2	-0.848	0.848
3.487	-0.370	-5.518E-2	0.374	-0.120	-6.236E-2	0.135	0.938	0.163	0.952
3.504	-0.372	-5.638E-2	0.376	-0.110	-5.929E-2	0.125	0.249	0.256	0.357
3.520	-0.373	-5.716E-2	0.378	-0.112	-4.839E-2	0.122	0.601	0.947	1.121
3.537	-0.375	-5.800E-2	0.380	-9.455E-2	-3.271E-2	0.100	0.524	0.511	0.732
3.554	-0.377	-5.825E-2	0.381	-8.536E-2	-2.456E-2	8.882E-2	8.667E-2	0.542	0.549
3.570	-0.378	-5.882E-2	0.383	-9.833E-2	-2.170E-2	0.101	-0.545	0.847	1.007
3.587	-0.380	-5.897E-2	0.384	-0.101	6.410E-3	0.102	0.342	1.689	1.723
3.604	-0.382	-5.860E-2	0.386	-8.972E-2	3.542E-2	9.646E-2	1.324	1.072	1.704
3.620	-0.383	-5.779E-2	0.387	-5.555E-2	4.442E-2	7.113E-2	1.416	1.011	1.740
3.637	-0.383	-5.712E-2	0.388	-3.852E-2	6.273E-2	7.361E-2	1.081	0.736	1.308
3.654	-0.384	-5.570E-2	0.388	-2.533E-2	7.727E-2	8.132E-2	0.565	0.228	0.610
3.670	-0.384	-5.454E-2	0.388	-1.408E-2	6.529E-2	6.679E-2	0.361	-0.895	0.965
3.687	-0.385	-5.352E-2	0.388	-1.710E-2	4.925E-2	5.214E-2	5.578E-2	-0.524	0.527
3.704	-0.385	-5.290E-2	0.389	-1.165E-2	4.387E-2	4.539E-2	-6.685E-2	-0.853	0.856
3.720	-0.385	-5.205E-2	0.389	-1.713E-2	2.776E-2	3.262E-2	-0.749	-1.099	1.330
3.737	-0.385	-5.197E-2	0.389	-3.819E-2	3.090E-4	3.819E-2	-1.480	-1.111	1.851
3.754	-0.386	-5.204E-2	0.390	-6.621E-2	-6.914E-3	6.657E-2	-1.749	-0.767	1.910
3.770	-0.388	-5.220E-2	0.391	-9.739E-2	-2.344E-2	0.100	-1.532	-0.942	1.799
3.787	-0.390	-5.283E-2	0.393	-0.118	-4.133E-2	0.125	-0.904	-0.416	0.995
3.804	-0.392	-5.358E-2	0.395	-0.127	-3.762E-2	0.132	-0.131	-4.947E-3	0.131
3.820	-0.394	-5.408E-2	0.397	-0.123	-3.758E-2	0.129	-0.736	-0.488	0.883
3.837	-0.396	-5.484E-2	0.400	-0.145	-5.576E-2	0.156	0.496	-0.110	0.509
3.854	-0.399	-5.594E-2	0.403	-0.123	-4.601E-2	0.131	0.864	0.919	1.261
3.871	-0.400	-5.637E-2	0.404	-9.497E-2	-1.885E-2	9.683E-2	0.442	1.358	1.428
3.887	-0.402	-5.657E-2	0.406	-0.121	-2.872E-3	0.121	-0.767	0.685	1.028
3.904	-0.404	-5.647E-2	0.408	-0.119	5.645E-3	0.119	0.611	0.506	0.793
3.921	-0.406	-5.638E-2	0.410	-0.101	1.168E-2	0.101	1.346	0.849	1.591
3.937	-0.407	-5.608E-2	0.411	-7.340E-2	3.368E-2	8.076E-2	1.254	1.132	1.690
3.954	-0.408	-5.526E-2	0.412	-5.684E-2	5.248E-2	7.736E-2	0.804	0.987	1.273
3.971	-0.409	-5.433E-2	0.413	-4.874E-2	6.414E-2	8.056E-2	0.406	0.386	0.560
3.987	-0.410	-5.312E-2	0.413	-4.213E-2	6.792E-2	7.993E-2	0.478	0.181	0.511
4.004	-0.411	-5.206E-2	0.414	-3.435E-2	6.714E-2	7.541E-2	0.608	-0.720	0.942
4.021	-0.411	-5.088E-2	0.414	-2.094E-2	4.880E-2	5.310E-2	0.134	-0.791	0.803
4.037	-0.411	-5.043E-2	0.414	-2.717E-2	3.297E-2	4.272E-2	-0.283	-0.832	0.879
4.054	-0.412	-4.978E-2	0.415	-3.558E-2	2.766E-2	4.507E-2	-1.713	-0.753	1.871
4.071	-0.412	-4.951E-2	0.415	-7.501E-2	5.169E-3	7.519E-2	-2.188	-1.638	2.733
4.087	-0.414	-4.960E-2	0.417	-0.121	-2.561E-2	0.124	-1.508	-1.395	2.055
4.104	-0.416	-5.036E-2	0.420	-0.120	-4.552E-2	0.129	-0.338	-1.100	1.150
4.121	-0.418	-5.112E-2	0.422	-0.129	-5.773E-2	0.142	-1.047	-0.160	1.059
4.137	-0.421	-5.229E-2	0.424	-0.157	-5.628E-2	0.167	-0.746	0.266	0.792
4.154	-0.424	-5.300E-2	0.427	-0.159	-4.313E-2	0.165	0.290	0.355	0.459
4.171	-0.426	-5.373E-2	0.429	-0.142	-4.615E-2	0.149	1.732	0.405	1.779
4.188	-0.428	-5.454E-2	0.432	-0.107	-3.258E-2	0.111	0.973	0.949	1.359
4.204	-0.430	-5.482E-2	0.433	-9.745E-2	-1.040E-2	9.800E-2	-2.381E-2	0.978	0.978
4.221	-0.432	-5.489E-2	0.435	-0.119	-9.920E-4	0.119	-0.135	0.738	0.750
4.238	-0.434	-5.485E-2	0.437	-0.101	1.282E-2	0.101	1.192	1.137	1.647
4.254	-0.435	-5.446E-2	0.438	-7.571E-2	3.742E-2	8.446E-2	0.990	0.906	1.342
4.271	-0.436	-5.360E-2	0.439	-6.754E-2	4.635E-2	8.191E-2	0.734	0.729	1.034
4.288	-0.437	-5.291E-2	0.440	-5.434E-2	5.610E-2	7.810E-2	1.136	0.391	1.201
4.304	-0.438	-5.173E-2	0.441	-2.774E-2	6.525E-2	7.090E-2	1.273	0.178	1.286
4.321	-0.438	-5.074E-2	0.441	-1.051E-2	5.837E-2	5.931E-2	0.682	-0.722	0.993
4.338	-0.438	-4.978E-2	0.441	-5.865E-3	4.364E-2	4.403E-2	1.830E-2	-1.046	1.046
4.354	-0.438	-4.928E-2	0.441	-9.612E-3	2.099E-2	2.309E-2	-1.038	-1.117	1.525
4.371	-0.439	-4.908E-2	0.441	-3.839E-2	6.545E-3	3.894E-2	-2.112	-1.037	2.353
4.388	-0.440	-4.906E-2	0.442	-8.344E-2	-1.202E-2	8.430E-2	-2.083	-0.711	2.201
4.404	-0.441	-4.948E-2	0.444	-0.110	-2.076E-2	0.112	-1.263	-1.214	1.752
4.421	-0.443	-4.976E-2	0.446	-0.123	-4.529E-2	0.131	-0.512	-0.470	0.695
4.438	-0.446	-5.099E-2	0.448	-0.129	-4.891E-2	0.138	6.167E-3	0.584	0.584
4.454	-0.448	-5.139E-2	0.451	-0.122	-1.560E-2	0.123	-0.169	0.178	0.245
4.471	-0.450	-5.151E-2	0.453	-0.131	-3.970E-2	0.137	0.149	-0.721	0.736
4.488	-0.452	-5.271E-2	0.455	-0.124	-5.271E-2	0.135	1.116	-0.385	1.181
4.505	-0.454	-5.327E-2	0.457	-8.812E-2	-4.139E-2	9.736E-2	0.843	1.179	1.449
4.521	-0.455	-5.409E-2	0.458	-9.214E-2	-2.219E-2	9.477E-2	-0.288	1.068	1.107
4.538	-0.457	-5.401E-2	0.460	-0.106	3.301E-3	0.106	-0.294	0.993	1.036
4.555	-0.458	-5.398E-2	0.462	-9.812E-2	6.054E-3	9.831E-2	0.806	0.863	1.181
4.571	-0.460	-5.381E-2	0.463	-8.116E-2	3.062E-2	8.674E-2	1.364	0.956	1.666
4.588	-0.461	-5.296E-2	0.464	-5.121E-2	4.411E-2	6.759E-2	1.689	1.103	2.018
4.605	-0.462	-5.234E-2	0.465	-2.395E-2	5.943E-2	6.407E-2	1.121	0.451	1.208
4.621	-0.462	-5.098E-2	0.465	-1.275E-2	6.835E-2	6.953E-2	0.340	-5.715E-2	0.344
4.638	-0.462	-5.006E-2	0.465	-1.417E-2	5.116E-2	5.309E-2	9.675E-2	-1.424	1.427
4.655	-0.462	-4.927E-2	0.465	-1.050E-2	2.479E-2	2.692E-2	-0.431	-1.356	1.423
4.671	-0.463	-4.923E-2	0.465	-2.435E-2	3.935E-4	2.436E-2	-0.716	-0.884	1.138
4.688	-0.463	-4.926E-2	0.466	-4.074E-2	-2.038E-3	4.079E-2	-1.186	-0.497	1.286
4.705	-0.464	-4.930E-2	0.467	-5.783E-2	-1.432E-2	5.958E-2	-1.698	-0.682	1.830
4.721	-0.465	-4.974E-2	0.468	-1.000E-1	-2.787E-2	0.104	-1.763	-0.988	2.021
4.738	-0.467	-5.023E-2	0.470	-0.121	-4.400E-2	0.128	-0.871	-0.592	1.053
4.755	-0.469	-5.120E-2	0.472	-0.124	-5.239E-2	0.135	0.109	-0.183	0.213
4.771	-0.471	-5.198E-2	0.474	-0.120	-4.633E-2	0.129	0.542	-0.229	0.588
4.788	-0.473	-5.275E-2	0.476	-0.104	-5.908E-2	0.119	0.551	-1.835E-2	0.551
4.805	-0.475	-5.395E-2	0.478	-0.101	-5.324E-2	0.114	0.260	0.730	0.774
4.821	-0.477	-5.453E-2	0.480	-9.816E-2	-2.848E-2	0.102	0.502	1.332	1.424
4.838	-0.478	-5.490E-2	0.481	-8.276E-2	-1.126E-2	8.353E-2	1.022	0.806	1.302
4.855	-0.479	-5.490E-2	0.482	-6.401E-2	5.643E-4	6.401E-2	0.147	0.575	0.594
4.872	-0.480	-5.488E-2	0.483	-7.339E-2	5.918E-3	7.363E-2	-0.198	0.386	0.433
4.888	-0.482	-5.470E-2	0.485	-7.955E-2	1.411E-2	8.079E-2	0.681	1.422	1.577
4.905	-0.483	-5.441E-2	0.486	-4.682E-2	4.925E-2	6.795E-2	1.728	1.953	2.608
4.922	-0.483	-5.306E-2	0.486	-1.943E-2	8.690E-2	8.905E-2	1.155	0.344	1.205
4.938	-0.484	-5.151E-2	0.486	-9.086E-3	6.235E-2	6.301E-2	0.685	-0.718	0.992
4.955	-0.484	-5.098E-2	0.486	1.740E-3	5.061E-2	5.064E-2	0.182	-0.620	0.647
4.972	-0.484	-4.982E-2	0.486	4.897E-4	5.371E-2	5.371E-2	-5.999E-2	-0.803	0.806
4.988	-0.484	-4.919E-2	0.486	-4.889E-3	1.924E-2	1.985E-2	-0.614	-1.707	1.814
5.005	-0.484	-4.918E-2	0.486	-1.524E-2	-5.435E-3	1.618E-2	-1.776	-0.927	2.004
5.022	-0.484	-4.937E-2	0.487	-6.412E-2	-1.085E-2	6.503E-2	-2.099	-0.326	2.124
5.038	-0.486	-4.954E-2	0.488	-9.358E-2	-1.463E-2	9.472E-2	-1.476	-1.173	1.885
5.055	-0.487	-4.986E-2	0.490	-0.105	-4.731E-2	0.115	-0.735	-1.375	1.559
5.072	-0.489	-5.112E-2	0.492	-0.123	-6.890E-2	0.141	-0.142	-0.542	0.560
5.088	-0.491	-5.216E-2	0.494	-0.110	-5.979E-2	0.125	0.842	-2.428E-2	0.842
5.105	-0.493	-5.311E-2	0.496	-9.090E-2	-6.839E-2	0.114	4.420E-2	-0.197	0.202
5.122	-0.494	-5.444E-2	0.497	-0.107	-7.107E-2	0.128	-0.696	0.343	0.775
5.138	-0.497	-5.549E-2	0.500	-0.121	-5.420E-2	0.133	0.556	1.159	1.286
5.155	-0.498	-5.625E-2	0.502	-8.775E-2	-3.298E-2	9.374E-2	1.451	1.410	2.023
5.172	-0.499	-5.659E-2	0.503	-6.490E-2	-6.675E-3	6.524E-2	0.807	1.023	1.303
5.189	-0.501	-5.647E-2	0.504	-6.671E-2	3.699E-3	6.682E-2	7.524E-2	0.554	0.559
5.205	-0.502	-5.646E-2	0.505	-6.109E-2	7.902E-3	6.160E-2	0.508	1.353	1.445
5.222	-0.503	-5.621E-2	0.506	-5.068E-2	4.691E-2	6.905E-2	0.691	1.114	1.311
5.239	-0.503	-5.490E-2	0.506	-3.689E-2	5.622E-2	6.724E-2	1.084	0.565	1.222
5.255	-0.504	-5.433E-2	0.507	-1.614E-2	5.226E-2	5.469E-2	0.752	-0.263	0.797
5.272	-0.504	-5.315E-2	0.507	-7.439E-3	5.771E-2	5.818E-2	0.625	5.089E-2	0.627
5.289	-0.504	-5.241E-2	0.507	-1.029E-3	4.731E-2	4.732E-2	0.260	-1.078	1.109
5.305	-0.504	-5.157E-2	0.507	6.497E-3	2.747E-2	2.823E-2	-1.370	-1.863	2.312
5.322	-0.504	-5.149E-2	0.507	-4.362E-2	-1.823E-2	4.727E-2	-2.223	-1.997	2.988
5.339	-0.505	-5.218E-2	0.508	-8.087E-2	-4.253E-2	9.137E-2	-1.231	-0.396	1.293
5.355	-0.507	-5.291E-2	0.509	-7.571E-2	-3.025E-2	8.153E-2	-0.632	-4.809E-2	0.633
5.372	-0.508	-5.319E-2	0.511	-0.101	-3.734E-2	0.107	-1.589	-0.347	1.626
5.389	-0.510	-5.415E-2	0.513	-0.133	-5.051E-2	0.143	-1.320	-0.588	1.445
5.405	-0.512	-5.488E-2	0.515	-0.144	-5.097E-2	0.153	0.265	3.796E-2	0.268
5.422	-0.515	-5.585E-2	0.518	-0.126	-5.318E-2	0.137	0.975	-0.409	1.057
5.439	-0.517	-5.665E-2	0.520	-0.106	-6.023E-2	0.122	0.774	0.205	0.801
5.455	-0.518	-5.786E-2	0.522	-0.103	-5.338E-2	0.116	0.526	0.604	0.801
5.472	-0.520	-5.843E-2	0.523	-8.951E-2	-3.298E-2	9.539E-2	0.780	1.313	1.527
5.489	-0.521	-5.896E-2	0.525	-7.486E-2	-1.446E-2	7.624E-2	9.066E-2	1.239	1.243
5.506	-0.523	-5.892E-2	0.526	-8.492E-2	1.188E-2	8.574E-2	0.232	1.176	1.198
5.522	-0.524	-5.857E-2	0.527	-7.505E-2	2.436E-2	7.890E-2	0.796	0.718	1.072
5.539	-0.525	-5.810E-2	0.528	-4.977E-2	3.459E-2	6.061E-2	0.803	0.912	1.215
5.556	-0.526	-5.741E-2	0.529	-5.088E-2	5.435E-2	7.444E-2	0.639	0.829	1.047
5.572	-0.527	-5.629E-2	0.530	-3.240E-2	6.529E-2	7.289E-2	1.012	0.550	1.152
5.589	-0.527	-5.524E-2	0.530	-1.081E-2	6.938E-2	7.022E-2	0.986	-4.796E-2	0.987
5.606	-0.527	-5.398E-2	0.530	-3.357E-3	6.696E-2	6.705E-2	-0.344	-0.896	0.960
5.622	-0.527	-5.300E-2	0.530	-1.740E-2	3.894E-2	4.265E-2	-0.971	-1.591	1.864
5.639	-0.528	-5.268E-2	0.530	-4.220E-2	1.077E-2	4.355E-2	-0.898	-1.097	1.418
5.656	-0.528	-5.264E-2	0.531	-4.555E-2	2.556E-3	4.562E-2	-1.334	-0.664	1.490
5.672	-0.529	-5.259E-2	0.532	-8.091E-2	-8.364E-3	8.134E-2	-2.125	-0.369	2.157
5.689	-0.531	-5.292E-2	0.534	-0.126	-1.393E-2	0.126	-1.633	-0.775	1.808
5.706	-0.533	-5.306E-2	0.536	-0.133	-2.807E-2	0.136	6.589E-2	-0.629	0.632
5.722	-0.536	-5.386E-2	0.538	-0.123	-4.228E-2	0.130	0.534	5.138E-2	0.536
5.739	-0.537	-5.447E-2	0.540	-0.113	-2.369E-2	0.115	5.654E-2	0.366	0.371
5.756	-0.539	-5.465E-2	0.542	-0.121	-2.518E-2	0.123	0.150	-6.832E-2	0.165
5.772	-0.542	-5.531E-2	0.544	-0.113	-3.283E-2	0.118	0.556	0.333	0.648
5.789	-0.543	-5.574E-2	0.546	-9.623E-2	-1.212E-2	9.699E-2	0.675	1.171	1.351
5.806	-0.545	-5.571E-2	0.548	-9.318E-2	8.375E-3	9.355E-2	0.247	0.998	1.028
5.822	-0.546	-5.546E-2	0.549	-8.768E-2	2.023E-2	8.999E-2	0.476	0.646	0.802
5.839	-0.548	-5.504E-2	0.550	-7.789E-2	2.995E-2	8.345E-2	0.701	0.785	1.052
5.856	-0.549	-5.446E-2	0.552	-6.373E-2	4.529E-2	7.819E-2	1.233	1.160	1.693
5.873	-0.550	-5.352E-2	0.552	-3.830E-2	6.934E-2	7.921E-2	1.180	0.556	1.304
5.889	-0.550	-5.215E-2	0.553	-2.016E-2	6.802E-2	7.095E-2	0.492	0.160	0.517
5.906	-0.550	-5.126E-2	0.553	-2.401E-2	6.686E-2	7.103E-2	-8.207E-2	-0.331	0.341
5.923	-0.551	-4.992E-2	0.553	-2.442E-2	6.493E-2	6.937E-2	-0.208	-0.293	0.360
5.939	-0.551	-4.909E-2	0.553	-2.844E-2	5.076E-2	5.818E-2	-0.156	-1.360	1.369
5.956	-0.552	-4.823E-2	0.554	-3.263E-2	2.567E-2	4.152E-2	-0.739	-1.190	1.401
5.973	-0.552	-4.823E-2	0.554	-4.844E-2	3.014E-3	4.853E-2	-1.656	-0.708	1.801
5.989	-0.553	-4.813E-2	0.556	-9.046E-2	6.669E-3	9.071E-2	-1.919	-0.602	2.011
6.006	-0.555	-4.801E-2	0.557	-0.116	-1.439E-2	0.117	-1.414	-1.030	1.749
6.023	-0.557	-4.861E-2	0.559	-0.133	-3.408E-2	0.137	-0.325	-0.395	0.512
6.039	-0.560	-4.915E-2	0.562	-0.133	-2.508E-2	0.135	0.289	-4.495E-3	0.289
6.056	-0.562	-4.944E-2	0.564	-0.117	-3.056E-2	0.121	0.248	-0.138	0.284
6.073	-0.564	-5.017E-2	0.566	-0.125	-3.551E-2	0.130	0.131	-0.113	0.173
6.089	-0.566	-5.063E-2	0.568	-0.118	-2.993E-2	0.121	0.704	0.476	0.850
6.106	-0.568	-5.117E-2	0.570	-9.649E-2	-2.273E-2	9.913E-2	0.867	0.484	0.993
6.123	-0.569	-5.139E-2	0.571	-8.985E-2	-1.108E-2	9.054E-2	0.433	0.983	1.074
6.139	-0.571	-5.153E-2	0.573	-8.310E-2	7.066E-3	8.340E-2	0.476	0.851	0.975
6.156	-0.572	-5.115E-2	0.574	-7.332E-2	2.174E-2	7.648E-2	0.883	1.053	1.374
6.173	-0.573	-5.081E-2	0.575	-5.506E-2	3.716E-2	6.643E-2	0.668	0.754	1.008
6.190	-0.574	-4.991E-2	0.576	-4.694E-2	5.212E-2	7.014E-2	0.693	0.802	1.060
6.206	-0.575	-4.907E-2	0.577	-3.764E-2	5.969E-2	7.057E-2	0.676	0.800	1.048
6.223	-0.575	-4.792E-2	0.577	-1.973E-2	8.015E-2	8.254E-2	0.666	-4.339E-2	0.668
6.240	-0.575	-4.640E-2	0.577	-1.670E-2	6.399E-2	6.613E-2	-7.941E-2	-1.012	1.015
6.256	-0.576	-4.578E-2	0.577	-2.202E-2	3.695E-2	4.301E-2	-0.716	-1.118	1.328
6.273	-0.576	-4.516E-2	0.578	-4.029E-2	3.146E-2	5.112E-2	-0.982	-0.715	1.214
6.290	-0.577	-4.473E-2	0.579	-5.714E-2	1.321E-2	5.865E-2	-1.124	-0.848	1.408
6.306	-0.578	-4.472E-2	0.580	-7.507E-2	4.426E-4	7.508E-2	-1.911	-1.479	2.417
6.323	-0.579	-4.472E-2	0.581	-0.120	-3.011E-2	0.124	-1.924	-1.480	2.428
6.340	-0.582	-4.573E-2	0.584	-0.147	-5.792E-2	0.158	-0.500	-0.621	0.797
6.356	-0.584	-4.665E-2	0.586	-0.132	-4.700E-2	0.141	0.529	0.134	0.546
6.373	-0.586	-4.730E-2	0.588	-0.126	-4.979E-2	0.136	0.501	-0.482	0.695
6.390	-0.589	-4.831E-2	0.591	-0.120	-6.669E-2	0.137	0.619	0.263	0.672
6.406	-0.590	-4.952E-2	0.592	-0.103	-4.496E-2	0.112	0.364	1.011	1.075
6.423	-0.592	-4.981E-2	0.594	-0.106	-2.347E-2	0.108	0.113	0.970	0.976
6.440	-0.594	-5.030E-2	0.596	-0.104	-1.960E-2	0.106	0.702	0.895	1.137
6.456	-0.595	-5.047E-2	0.598	-7.993E-2	7.536E-3	8.029E-2	1.300	1.237	1.795
6.473	-0.597	-5.005E-2	0.599	-5.962E-2	2.520E-2	6.472E-2	0.881	0.631	1.084
6.490	-0.597	-4.963E-2	0.600	-5.083E-2	2.610E-2	5.714E-2	0.547	0.273	0.611
6.507	-0.598	-4.918E-2	0.600	-4.264E-2	3.346E-2	5.420E-2	0.703	0.931	1.167
6.523	-0.599	-4.851E-2	0.601	-2.723E-2	5.665E-2	6.286E-2	0.834	1.059	1.348
6.540	-0.599	-4.729E-2	0.601	-1.367E-2	7.260E-2	7.388E-2	0.496	-0.257	0.559
6.557	-0.599	-4.609E-2	0.601	-1.059E-2	4.891E-2	5.004E-2	0.158	-1.369	1.378
6.573	-0.600	-4.566E-2	0.601	-9.664E-3	2.104E-2	2.315E-2	-0.530	-1.151	1.267
6.590	-0.600	-4.539E-2	0.601	-2.500E-2	1.297E-2	2.816E-2	-1.129	-0.332	1.177
6.607	-0.600	-4.523E-2	0.602	-5.137E-2	9.665E-3	5.227E-2	-2.105	-0.767	2.240
6.623	-0.601	-4.506E-2	0.603	-9.091E-2	-9.381E-3	9.139E-2	-1.553	-1.305	2.028
6.640	-0.603	-4.554E-2	0.605	-0.112	-3.800E-2	0.118	-0.924	-0.267	0.962
6.657	-0.605	-4.633E-2	0.607	-0.113	-2.193E-2	0.115	-0.100	-3.857E-2	0.108
6.673	-0.607	-4.627E-2	0.609	-0.120	-2.635E-2	0.123	1.703E-2	-0.668	0.669
6.690	-0.609	-4.721E-2	0.611	-0.111	-5.644E-2	0.124	0.284	-1.409	1.437
6.707	-0.611	-4.815E-2	0.613	-0.109	-6.753E-2	0.128	0.557	0.443	0.712
6.723	-0.613	-4.946E-2	0.615	-9.662E-2	-4.899E-2	0.108	0.679	1.390	1.548
6.740	-0.614	-4.979E-2	0.616	-8.097E-2	-1.217E-2	8.188E-2	0.986	0.796	1.267
6.757	-0.615	-4.987E-2	0.617	-6.821E-2	-2.210E-2	7.170E-2	0.636	0.486	0.800
6.773	-0.616	-5.053E-2	0.618	-5.565E-2	-6.602E-3	5.604E-2	0.303	0.957	1.004
6.790	-0.617	-5.009E-2	0.619	-5.983E-2	2.219E-2	6.381E-2	-0.224	1.192	1.213
6.807	-0.618	-4.979E-2	0.620	-6.380E-2	2.625E-2	6.899E-2	0.570	0.830	1.007
6.823	-0.619	-4.921E-2	0.621	-4.356E-2	5.042E-2	6.663E-2	1.350	0.885	1.614
6.840	-0.620	-4.810E-2	0.622	-1.391E-2	6.020E-2	6.178E-2	1.493	0.803	1.695
6.857	-0.620	-4.721E-2	0.622	4.355E-3	7.064E-2	7.078E-2	0.253	0.401	0.474
6.874	-0.620	-4.575E-2	0.621	-1.726E-3	8.032E-2	8.034E-2	-0.502	-0.616	0.794
6.890	-0.620	-4.453E-2	0.622	-1.813E-2	4.907E-2	5.231E-2	-0.706	-2.007	2.128
6.907	-0.620	-4.411E-2	0.622	-2.270E-2	9.692E-3	2.469E-2	-0.391	-1.489	1.540
6.924	-0.621	-4.420E-2	0.622	-3.146E-2	-2.070E-3	3.153E-2	-1.434	-0.396	1.488
6.940	-0.621	-4.418E-2	0.623	-6.702E-2	-1.020E-4	6.702E-2	-1.852	-0.479	1.913
6.957	-0.623	-4.421E-2	0.625	-0.101	-1.685E-2	0.102	-1.527	-0.982	1.816
6.974	-0.625	-4.474E-2	0.626	-0.113	-3.637E-2	0.119	-0.225	-0.607	0.648
6.990	-0.627	-4.542E-2	0.628	-0.112	-3.675E-2	0.118	-0.210	-0.145	0.255
7.007	-0.628	-4.597E-2	0.630	-0.114	-3.862E-2	0.121	0.149	0.224	0.269
7.024	-0.631	-4.671E-2	0.632	-0.114	-3.314E-2	0.119	9.272E-2	0.142	0.169
7.040	-0.632	-4.707E-2	0.634	-0.105	-2.882E-2	0.109	0.387	0.385	0.546
7.057	-0.634	-4.767E-2	0.636	-0.105	-2.542E-2	0.108	0.579	0.548	0.797
7.074	-0.636	-4.792E-2	0.638	-8.595E-2	-7.612E-3	8.629E-2	0.902	1.035	1.373
7.090	-0.637	-4.792E-2	0.639	-7.117E-2	8.505E-3	7.167E-2	0.457	0.615	0.766
7.107	-0.638	-4.764E-2	0.640	-7.229E-2	1.470E-2	7.377E-2	0.311	0.756	0.817
7.124	-0.639	-4.743E-2	0.641	-6.297E-2	2.931E-2	6.946E-2	0.479	0.951	1.065
7.140	-0.640	-4.666E-2	0.642	-5.277E-2	5.102E-2	7.341E-2	0.614	1.168	1.319
7.157	-0.641	-4.573E-2	0.643	-4.547E-2	6.569E-2	7.989E-2	0.844	1.355	1.596
7.174	-0.642	-4.447E-2	0.643	-2.406E-2	9.563E-2	9.861E-2	0.983	0.522	1.113
7.191	-0.642	-4.254E-2	0.643	-1.015E-2	9.086E-2	9.142E-2	0.141	-1.011	1.021
7.207	-0.642	-4.143E-2	0.643	-1.960E-2	5.379E-2	5.725E-2	-0.694	-1.772	1.903
7.224	-0.643	-4.075E-2	0.644	-3.545E-2	3.291E-2	4.837E-2	-0.708	-0.866	1.119
7.241	-0.643	-4.034E-2	0.644	-4.316E-2	2.428E-2	4.952E-2	-1.100	-0.286	1.136
7.257	-0.644	-3.993E-2	0.645	-6.855E-2	2.447E-2	7.278E-2	-1.127	-0.335	1.175
7.274	-0.646	-3.952E-2	0.647	-8.776E-2	1.469E-2	8.898E-2	-1.181	-0.552	1.303
7.291	-0.647	-3.944E-2	0.648	-0.101	3.265E-3	0.101	-1.028	-1.040	1.462
7.307	-0.649	-3.941E-2	0.650	-0.126	-1.630E-2	0.128	-1.289	-1.104	1.697
7.324	-0.651	-3.999E-2	0.652	-0.143	-3.811E-2	0.148	-4.934E-2	-0.566	0.568
7.341	-0.654	-4.068E-2	0.655	-0.132	-3.458E-2	0.136	0.468	0.221	0.517
7.357	-0.656	-4.114E-2	0.657	-0.120	-2.813E-2	0.123	0.194	0.108	0.222
7.374	-0.658	-4.162E-2	0.659	-0.129	-3.173E-2	0.133	-1.533E-2	-1.306E-3	1.538E-2
7.391	-0.660	-4.220E-2	0.661	-0.122	-2.967E-2	0.125	1.188	0.566	1.316
7.407	-0.662	-4.261E-2	0.663	-8.924E-2	-1.266E-2	9.013E-2	0.953	1.009	1.388
7.424	-0.663	-4.262E-2	0.664	-8.322E-2	5.761E-3	8.342E-2	0.404	1.063	1.137
7.441	-0.664	-4.242E-2	0.666	-8.516E-2	2.161E-2	8.786E-2	0.411	1.084	1.160
7.457	-0.666	-4.190E-2	0.667	-6.446E-2	4.210E-2	7.699E-2	0.869	1.331	1.590
7.474	-0.667	-4.101E-2	0.668	-5.618E-2	6.602E-2	8.669E-2	0.662	0.754	1.004
7.491	-0.668	-3.970E-2	0.669	-4.460E-2	7.053E-2	8.345E-2	0.990	0.210	1.012
7.508	-0.668	-3.866E-2	0.669	-2.201E-2	6.799E-2	7.147E-2	0.805	-0.389	0.894
7.524	-0.668	-3.743E-2	0.669	-1.505E-2	6.204E-2	6.384E-2	-6.295E-2	-0.648	0.652
7.541	-0.669	-3.659E-2	0.670	-2.641E-2	4.320E-2	5.063E-2	-0.522	-0.896	1.037
7.558	-0.669	-3.599E-2	0.670	-3.340E-2	3.231E-2	4.647E-2	-0.484	-0.697	0.848
7.574	-0.670	-3.551E-2	0.671	-4.090E-2	2.098E-2	4.597E-2	-0.877	-0.806	1.191
7.591	-0.671	-3.529E-2	0.671	-6.239E-2	5.005E-3	6.259E-2	-1.028	-0.775	1.287
7.608	-0.672	-3.535E-2	0.673	-7.827E-2	-5.838E-3	7.849E-2	-1.176	-0.768	1.404
7.624	-0.673	-3.548E-2	0.674	-9.730E-2	-1.864E-2	9.907E-2	-1.409	-0.503	1.496
7.641	-0.675	-3.597E-2	0.676	-0.128	-2.570E-2	0.131	-0.958	-0.851	1.281
7.658	-0.677	-3.634E-2	0.678	-0.132	-4.184E-2	0.138	0.147	-0.639	0.656
7.674	-0.679	-3.736E-2	0.680	-0.119	-5.407E-2	0.131	0.680	-0.339	0.760
7.691	-0.681	-3.815E-2	0.682	-0.110	-4.813E-2	0.121	0.285	0.166	0.330
7.708	-0.683	-3.897E-2	0.684	-0.108	-4.986E-2	0.119	0.813	0.408	0.909
7.724	-0.685	-3.981E-2	0.686	-8.841E-2	-3.646E-2	9.563E-2	0.801	0.984	1.269
7.741	-0.686	-4.019E-2	0.687	-7.319E-2	-1.420E-2	7.456E-2	0.870	1.180	1.466
7.758	-0.687	-4.028E-2	0.689	-6.684E-2	2.191E-3	6.687E-2	0.405	0.826	0.920
7.774	-0.688	-4.011E-2	0.689	-5.434E-2	1.391E-2	5.609E-2	0.695	0.672	0.967
7.791	-0.689	-3.982E-2	0.690	-4.731E-2	2.366E-2	5.290E-2	0.273	0.742	0.791
7.808	-0.690	-3.932E-2	0.691	-4.208E-2	3.860E-2	5.711E-2	0.720	1.248	1.440
7.824	-0.691	-3.853E-2	0.692	-2.797E-2	6.454E-2	7.034E-2	0.646	0.612	0.890
7.841	-0.691	-3.717E-2	0.692	-1.450E-2	6.499E-2	6.659E-2	0.747	6.313E-2	0.750
7.858	-0.691	-3.636E-2	0.692	-8.142E-3	5.809E-2	5.866E-2	0.374	-0.349	0.512
7.875	-0.691	-3.523E-2	0.692	1.594E-3	5.964E-2	5.966E-2	-6.904E-2	-0.376	0.383
7.891	-0.691	-3.437E-2	0.692	-1.045E-2	4.304E-2	4.429E-2	-0.587	-1.380	1.499
7.908	-0.691	-3.380E-2	0.692	-2.127E-2	1.513E-2	2.610E-2	-1.276	-1.433	1.919
7.925	-0.692	-3.387E-2	0.693	-4.739E-2	-8.533E-3	4.815E-2	-1.779	-0.918	2.002
7.941	-0.693	-3.408E-2	0.694	-8.659E-2	-1.377E-2	8.768E-2	-1.761	-0.547	1.844
7.958	-0.695	-3.433E-2	0.696	-0.105	-2.501E-2	0.108	-1.088	-0.688	1.287
7.975	-0.697	-3.491E-2	0.697	-0.121	-3.896E-2	0.127	-6.196E-2	-0.352	0.357
7.991	-0.699	-3.563E-2	0.700	-0.112	-3.715E-2	0.118	0.103	0.111	0.151
8.008	-0.700	-3.615E-2	0.701	-0.108	-3.296E-2	0.113	0.122	-0.109	0.164
8.025	-0.702	-3.673E-2	0.703	-0.117	-4.102E-2	0.124	0.309	-1.718E-2	0.310
8.041	-0.704	-3.752E-2	0.705	-9.539E-2	-3.681E-2	0.102	0.844	0.332	0.907
8.058	-0.706	-3.795E-2	0.707	-8.539E-2	-2.588E-2	8.922E-2	0.606	0.791	0.996
8.075	-0.707	-3.839E-2	0.708	-7.918E-2	-1.371E-2	8.036E-2	0.567	0.842	1.016
8.091	-0.708	-3.841E-2	0.709	-6.424E-2	4.790E-3	6.442E-2	0.763	1.230	1.447
8.108	-0.709	-3.823E-2	0.710	-5.402E-2	2.537E-2	5.968E-2	0.478	1.063	1.166
8.125	-0.710	-3.757E-2	0.711	-4.804E-2	4.294E-2	6.443E-2	0.412	0.928	1.015
8.141	-0.711	-3.679E-2	0.712	-4.122E-2	5.413E-2	6.804E-2	0.462	0.679	0.822
8.158	-0.711	-3.576E-2	0.712	-3.188E-2	6.668E-2	7.391E-2	0.894	0.235	0.924
8.175	-0.712	-3.457E-2	0.713	-1.311E-2	6.336E-2	6.470E-2	0.436	-0.247	0.501
8.192	-0.712	-3.365E-2	0.713	-1.179E-2	5.546E-2	5.670E-2	-0.238	-0.752	0.789
8.208	-0.712	-3.272E-2	0.713	-2.676E-2	4.148E-2	4.936E-2	-0.693	-0.717	0.997
8.225	-0.713	-3.226E-2	0.713	-3.279E-2	2.746E-2	4.277E-2	-0.903	-0.792	1.201
8.242	-0.713	-3.180E-2	0.714	-5.537E-2	1.842E-2	5.836E-2	-1.891	-0.541	1.966
8.258	-0.715	-3.165E-2	0.715	-9.703E-2	7.096E-3	9.729E-2	-1.688	-1.295	2.128
8.275	-0.717	-3.157E-2	0.717	-0.116	-2.048E-2	0.118	-1.265	-1.279	1.799
8.292	-0.718	-3.233E-2	0.719	-0.132	-4.295E-2	0.139	-0.650	-0.685	0.944
8.308	-0.721	-3.300E-2	0.722	-0.145	-3.901E-2	0.150	-0.229	1.204E-2	0.230
8.325	-0.723	-3.363E-2	0.724	-0.135	-4.209E-2	0.142	0.752	0.101	0.759
8.342	-0.725	-3.440E-2	0.726	-0.121	-3.809E-2	0.127	1.076	0.318	1.122
8.358	-0.727	-3.490E-2	0.728	-9.881E-2	-2.877E-2	0.103	0.845	0.254	0.882
8.375	-0.729	-3.536E-2	0.730	-9.069E-2	-3.008E-2	9.555E-2	9.552E-2	0.399	0.410
8.392	-0.730	-3.591E-2	0.731	-9.809E-2	-1.840E-2	9.980E-2	-6.308E-2	1.064	1.066
8.408	-0.732	-3.598E-2	0.733	-9.417E-2	8.102E-3	9.451E-2	0.594	1.086	1.238
8.425	-0.733	-3.564E-2	0.734	-7.716E-2	1.947E-2	7.957E-2	0.771	0.942	1.217
8.442	-0.735	-3.533E-2	0.735	-6.674E-2	3.513E-2	7.542E-2	0.814	1.158	1.415
8.458	-0.736	-3.446E-2	0.737	-5.310E-2	6.156E-2	8.130E-2	1.207	1.169	1.680
8.475	-0.736	-3.327E-2	0.737	-2.498E-2	7.417E-2	7.827E-2	1.166	0.295	1.203
8.492	-0.737	-3.199E-2	0.737	-1.152E-2	7.157E-2	7.249E-2	0.216	-0.226	0.313
8.509	-0.737	-3.089E-2	0.737	-1.947E-2	6.488E-2	6.774E-2	-0.767	-0.354	0.844
8.525	-0.737	-2.982E-2	0.738	-3.708E-2	6.058E-2	7.103E-2	-0.657	-0.899	1.113
8.542	-0.738	-2.886E-2	0.739	-4.427E-2	3.714E-2	5.779E-2	-0.830	-1.537	1.747
8.559	-0.739	-2.859E-2	0.739	-5.927E-2	5.482E-3	5.952E-2	-0.661	-1.156	1.332
8.575	-0.740	-2.868E-2	0.741	-7.311E-2	-2.208E-3	7.314E-2	-1.814	-0.450	1.869
8.592	-0.741	-2.866E-2	0.742	-0.110	-5.911E-3	0.110	-1.988	-0.281	2.008
8.609	-0.744	-2.888E-2	0.744	-0.152	-1.401E-2	0.153	-1.215	-0.688	1.396
8.625	-0.746	-2.913E-2	0.747	-0.145	-2.644E-2	0.148	0.654	-0.664	0.932
8.642	-0.748	-2.976E-2	0.749	-0.129	-3.917E-2	0.135	0.483	-0.612	0.780
8.659	-0.751	-3.043E-2	0.751	-0.127	-4.491E-2	0.135	0.378	8.011E-2	0.386
8.675	-0.753	-3.126E-2	0.753	-0.121	-3.910E-2	0.128	0.857	0.578	1.034
8.692	-0.755	-3.174E-2	0.755	-9.594E-2	-2.285E-2	9.862E-2	0.896	0.660	1.113
8.709	-0.756	-3.202E-2	0.757	-8.846E-2	-1.687E-2	9.005E-2	0.321	0.720	0.788
8.725	-0.758	-3.230E-2	0.758	-8.968E-2	-1.797E-3	8.969E-2	0.101	0.874	0.880
8.742	-0.759	-3.208E-2	0.760	-8.300E-2	1.616E-2	8.456E-2	0.840	1.496	1.716
8.759	-0.760	-3.176E-2	0.761	-6.432E-2	4.336E-2	7.757E-2	0.657	1.896	2.007
8.775	-0.761	-3.063E-2	0.762	-5.530E-2	8.364E-2	0.100	0.821	1.520	1.728
8.792	-0.762	-2.897E-2	0.763	-4.436E-2	9.577E-2	0.106	0.742	-2.627E-2	0.742
8.809	-0.763	-2.744E-2	0.763	-2.416E-2	8.092E-2	8.445E-2	0.884	-0.471	1.002
8.825	-0.763	-2.627E-2	0.763	-1.793E-2	7.653E-2	7.860E-2	-0.267	-0.714	0.762
8.842	-0.763	-2.488E-2	0.764	-2.947E-2	6.337E-2	6.988E-2	-0.410	-0.955	1.040
8.859	-0.764	-2.416E-2	0.764	-3.816E-2	3.877E-2	5.440E-2	-1.199	-1.175	1.678
8.876	-0.764	-2.359E-2	0.765	-6.055E-2	2.663E-2	6.615E-2	-1.187	-0.659	1.358
8.892	-0.766	-2.327E-2	0.766	-8.793E-2	1.590E-2	8.935E-2	-1.872	-0.710	2.003
8.909	-0.767	-2.306E-2	0.768	-0.114	4.158E-3	0.114	-1.395	-0.756	1.587
8.926	-0.770	-2.313E-2	0.770	-0.143	-1.031E-2	0.143	-1.010	-0.496	1.125
8.942	-0.772	-2.340E-2	0.772	-0.144	-1.341E-2	0.144	-0.213	-0.482	0.527
8.959	-0.775	-2.358E-2	0.775	-0.149	-2.283E-2	0.151	-0.137	4.796E-2	0.146
8.976	-0.777	-2.417E-2	0.777	-0.150	-1.827E-2	0.151	0.513	-0.353	0.623
8.992	-0.780	-2.419E-2	0.780	-0.132	-2.460E-2	0.134	0.997	-0.149	1.009
9.009	-0.782	-2.499E-2	0.782	-0.114	-3.434E-2	0.119	0.743	0.137	0.756
9.026	-0.783	-2.533E-2	0.784	-0.108	-1.378E-2	0.109	0.656	0.726	0.979
9.042	-0.785	-2.545E-2	0.786	-9.412E-2	-9.689E-3	9.462E-2	0.196	0.898	0.919
9.059	-0.786	-2.566E-2	0.787	-9.660E-2	1.104E-2	9.722E-2	5.981E-2	1.522	1.523
9.076	-0.788	-2.508E-2	0.789	-9.968E-2	4.650E-2	0.110	0.648	1.709	1.828
9.092	-0.790	-2.410E-2	0.790	-7.190E-2	6.691E-2	9.822E-2	1.194	0.979	1.544
9.109	-0.791	-2.285E-2	0.791	-5.669E-2	7.933E-2	9.751E-2	0.997	0.919	1.356
9.126	-0.792	-2.146E-2	0.792	-4.332E-2	9.573E-2	0.105	0.743	-0.117	0.752
9.142	-0.792	-1.965E-2	0.792	-2.780E-2	8.213E-2	8.670E-2	0.488	-0.888	1.013
9.159	-0.793	-1.872E-2	0.793	-2.851E-2	5.678E-2	6.354E-2	-0.505	-1.127	1.235
9.176	-0.793	-1.776E-2	0.793	-4.347E-2	4.956E-2	6.592E-2	-0.822	-1.138	1.404
9.193	-0.794	-1.706E-2	0.794	-5.909E-2	1.960E-2	6.225E-2	-0.346	-0.996	1.055
9.209	-0.795	-1.710E-2	0.795	-5.482E-2	9.453E-3	5.563E-2	-0.902	-0.350	0.968
9.226	-0.796	-1.675E-2	0.796	-8.206E-2	1.533E-2	8.348E-2	-1.674	0.116	1.678
9.243	-0.798	-1.659E-2	0.798	-0.121	9.836E-3	0.121	-1.809	-0.793	1.975
9.259	-0.800	-1.642E-2	0.800	-0.137	-7.557E-3	0.137	-0.808	-0.853	1.175
9.276	-0.802	-1.684E-2	0.803	-0.150	-2.405E-2	0.152	-0.164	-0.930	0.944
9.293	-0.805	-1.722E-2	0.805	-0.143	-3.398E-2	0.147	0.458	-0.431	0.629
9.309	-0.807	-1.798E-2	0.807	-0.132	-4.232E-2	0.139	0.505	0.205	0.545
9.326	-0.809	-1.863E-2	0.810	-0.127	-2.647E-2	0.130	0.887	0.452	0.996
9.343	-0.811	-1.886E-2	0.812	-0.105	-2.270E-2	0.107	0.701	0.248	0.744
9.359	-0.813	-1.939E-2	0.813	-9.737E-2	-2.376E-2	0.100	0.435	0.687	0.813
9.376	-0.815	-1.965E-2	0.815	-9.761E-2	1.342E-3	9.762E-2	-0.115	1.128	1.134
9.393	-0.816	-1.935E-2	0.816	-9.511E-2	1.773E-2	9.675E-2	0.802	0.794	1.128
9.409	-0.818	-1.906E-2	0.818	-7.857E-2	2.417E-2	8.220E-2	0.963	1.177	1.521
9.426	-0.819	-1.854E-2	0.819	-5.435E-2	5.567E-2	7.780E-2	1.490	1.101	1.853
9.443	-0.820	-1.720E-2	0.820	-3.558E-2	6.850E-2	7.719E-2	1.080	0.515	1.196
9.459	-0.820	-1.625E-2	0.820	-1.291E-2	6.494E-2	6.621E-2	0.428	-9.262E-2	0.438
9.476	-0.820	-1.504E-2	0.820	-2.166E-2	6.978E-2	7.306E-2	-0.271	0.153	0.312
9.493	-0.821	-1.393E-2	0.821	-2.664E-2	6.785E-2	7.289E-2	-0.222	-0.563	0.605
9.510	-0.821	-1.277E-2	0.821	-2.484E-2	5.393E-2	5.938E-2	-9.782E-2	-1.131	1.135
9.526	-0.821	-1.213E-2	0.822	-3.191E-2	2.728E-2	4.198E-2	-1.064	-1.313	1.690
9.543	-0.822	-1.186E-2	0.822	-5.703E-2	9.834E-3	5.787E-2	-2.116	-0.832	2.273
9.560	-0.823	-1.180E-2	0.823	-0.105	5.575E-5	0.105	-2.627	-0.738	2.729
9.576	-0.826	-1.186E-2	0.826	-0.146	-1.364E-2	0.147	-1.564	-0.907	1.808
9.593	-0.828	-1.225E-2	0.828	-0.159	-3.132E-2	0.162	0.346	-0.753	0.828
9.610	-0.831	-1.291E-2	0.831	-0.134	-3.955E-2	0.140	1.334	-0.613	1.468
9.626	-0.833	-1.357E-2	0.833	-0.109	-4.940E-2	0.120	0.250	-0.250	0.354
9.643	-0.835	-1.456E-2	0.835	-0.125	-5.159E-2	0.135	-0.177	-1.535E-2	0.178
9.660	-0.837	-1.529E-2	0.837	-0.125	-4.620E-2	0.133	0.572	0.824	1.003
9.676	-0.839	-1.610E-2	0.839	-9.819E-2	-2.847E-2	0.102	0.886	1.021	1.352
9.693	-0.840	-1.624E-2	0.840	-9.565E-2	-6.571E-3	9.588E-2	0.764	0.954	1.222
9.710	-0.842	-1.632E-2	0.842	-7.765E-2	5.235E-4	7.765E-2	0.949	0.804	1.244
9.726	-0.843	-1.623E-2	0.843	-5.718E-2	1.931E-2	6.035E-2	0.857	1.022	1.334
9.743	-0.844	-1.567E-2	0.844	-5.314E-2	3.734E-2	6.494E-2	-3.964E-3	1.204	1.204
9.760	-0.845	-1.498E-2	0.845	-5.476E-2	5.649E-2	7.868E-2	0.476	1.176	1.269
9.776	-0.846	-1.379E-2	0.846	-4.260E-2	7.922E-2	8.995E-2	0.789	0.775	1.106
9.793	-0.846	-1.234E-2	0.846	-2.229E-2	8.295E-2	8.589E-2	0.812	-0.502	0.955
9.810	-0.846	-1.102E-2	0.846	-1.816E-2	6.262E-2	6.520E-2	-2.920E-2	-1.157	1.157
9.826	-0.847	-1.025E-2	0.847	-2.180E-2	4.097E-2	4.641E-2	-0.574	-0.945	1.106
9.843	-0.847	-9.652E-3	0.847	-3.809E-2	3.240E-2	5.000E-2	-0.819	-0.534	0.978
9.860	-0.848	-9.168E-3	0.848	-5.070E-2	2.370E-2	5.597E-2	-1.835	-0.618	1.937
9.877	-0.849	-8.862E-3	0.849	-9.300E-2	1.168E-2	9.373E-2	-2.154	-1.096	2.416
9.893	-0.851	-8.778E-3	0.851	-0.133	-1.163E-2	0.134	-1.282	-1.346	1.859
9.910	-0.853	-9.250E-3	0.853	-0.131	-3.595E-2	0.136	-0.263	-0.921	0.958
9.927	-0.855	-9.978E-3	0.855	-0.139	-4.236E-2	0.146	-0.542	-0.134	0.559
9.943	-0.858	-1.066E-2	0.858	-0.153	-3.923E-2	0.158	-8.187E-2	0.429	0.436
9.960	-0.860	-1.129E-2	0.860	-0.142	-2.892E-2	0.145	1.178	-0.183	1.192
9.977	-0.863	-1.163E-2	0.863	-0.112	-4.033E-2	0.120	1.024	-0.334	1.077
9.993	-0.864	-1.263E-2	0.864	-0.103	-4.862E-2	0.114	0.675	0.231	0.713
10.010	-0.866	-1.325E-2	0.866	-9.741E-2	-2.778E-2	0.101	1.010	1.341	1.679
10.027	-0.867	-1.356E-2	0.868	-6.624E-2	-4.846E-3	6.642E-2	0.300	1.212	1.249
10.043	-0.868	-1.341E-2	0.868	-8.061E-2	1.446E-2	8.190E-2	0.102	1.013	1.018
10.060	-0.870	-1.308E-2	0.870	-7.849E-2	2.754E-2	8.318E-2	0.163	1.194	1.205
10.077	-0.871	-1.249E-2	0.871	-5.959E-2	5.306E-2	7.979E-2	1.117	1.428	1.813
10.093	-0.872	-1.131E-2	0.872	-5.269E-2	7.826E-2	9.434E-2	0.796	0.604	0.999
10.110	-0.873	-9.882E-3	0.873	-2.608E-2	7.428E-2	7.873E-2	0.798	0.200	0.823
10.127	-0.873	-8.828E-3	0.873	-2.635E-2	7.854E-2	8.284E-2	-0.277	-0.606	0.667
10.143	-0.874	-7.261E-3	0.874	-3.732E-2	6.427E-2	7.432E-2	-0.343	-1.070	1.124
10.160	-0.874	-6.684E-3	0.874	-3.869E-2	3.248E-2	5.051E-2	-0.968	-1.415	1.714
10.177	-0.875	-6.177E-3	0.875	-6.394E-2	2.188E-2	6.758E-2	-0.999	-0.397	1.075
10.194	-0.876	-5.953E-3	0.876	-8.211E-2	1.666E-2	8.378E-2	-1.229	-0.780	1.456
10.210	-0.878	-5.621E-3	0.878	-9.465E-2	7.306E-4	9.465E-2	-1.730	-0.696	1.865
10.227	-0.880	-5.929E-3	0.880	-0.144	-1.326E-2	0.145	-1.665	-0.794	1.844
10.244	-0.882	-6.064E-3	0.882	-0.157	-1.985E-2	0.158	-0.229	-0.799	0.831
10.260	-0.885	-6.591E-3	0.885	-0.144	-4.247E-2	0.150	1.064	-0.480	1.167
10.277	-0.887	-7.481E-3	0.887	-0.126	-3.929E-2	0.132	0.450	-1.158E-2	0.451
10.294	-0.889	-7.902E-3	0.889	-0.121	-3.580E-2	0.126	9.691E-3	0.460	0.461
10.310	-0.891	-8.675E-3	0.891	-0.133	-3.111E-2	0.136	0.701	0.653	0.959
10.327	-0.893	-8.940E-3	0.893	-9.950E-2	-9.117E-3	9.991E-2	1.267	1.075	1.662
10.344	-0.895	-8.979E-3	0.895	-8.028E-2	3.659E-3	8.036E-2	0.733	0.961	1.209
10.360	-0.896	-8.818E-3	0.896	-8.397E-2	2.194E-2	8.679E-2	-4.816E-2	1.005	1.006
10.377	-0.897	-8.247E-3	0.897	-7.764E-2	3.914E-2	8.695E-2	-0.221	1.314	1.332
10.394	-0.899	-7.512E-3	0.899	-9.130E-2	6.275E-2	0.111	0.321	1.281	1.320
10.410	-0.900	-6.154E-3	0.900	-7.422E-2	8.588E-2	0.114	1.666	0.840	1.866
10.427	-0.901	-4.647E-3	0.901	-2.818E-2	8.950E-2	9.383E-2	1.777	-0.241	1.793
10.444	-0.901	-3.167E-3	0.901	-1.381E-2	7.845E-2	7.966E-2	0.864	-0.903	1.250
10.460	-0.902	-2.029E-3	0.902	-4.308E-3	5.801E-2	5.817E-2	-0.313	-0.960	1.009
10.477	-0.901	-1.232E-3	0.901	-1.685E-2	4.533E-2	4.836E-2	-1.216	-0.915	1.521
10.494	-0.902	-5.168E-4	0.902	-5.217E-2	3.006E-2	6.021E-2	-1.362	-0.906	1.636
10.511	-0.903	-2.287E-4	0.903	-6.192E-2	1.248E-2	6.316E-2	-1.756	-0.782	1.922
10.527	-0.904	-1.004E-4	0.904	-0.103	4.849E-3	0.103	-2.327	-0.755	2.447
10.544	-0.907	-6.692E-5	0.907	-0.151	-1.098E-2	0.151	-1.573	-0.931	1.828
10.561	-0.909	-4.667E-4	0.909	-0.152	-2.882E-2	0.155	-2.639E-2	-0.934	0.935
10.577	-0.912	-1.029E-3	0.912	-0.149	-4.069E-2	0.155	0.773	-9.636E-2	0.779
10.594	-0.914	-1.824E-3	0.914	-0.130	-3.514E-2	0.135	0.361	0.315	0.479
10.611	-0.916	-2.201E-3	0.916	-0.128	-2.521E-2	0.131	0.385	0.257	0.463
10.627	-0.918	-2.665E-3	0.919	-0.129	-2.894E-2	0.132	0.353	-0.187	0.400
10.644	-0.920	-3.167E-3	0.920	-0.109	-3.121E-2	0.113	1.015	0.464	1.116
10.661	-0.922	-3.707E-3	0.922	-9.818E-2	-1.599E-2	9.947E-2	0.339	6.998	7.006
10.677	-0.924	-3.700E-3	0.924	-9.422E-2	0.181	0.204	0.730	4.146	4.210
10.694	-0.925	2.342E-3	0.925	-7.944E-2	0.196	0.211	1.053	-1.713	2.011
10.711	-0.926	2.823E-3	0.926	-5.353E-2	4.793E-2	7.185E-2	1.202	-4.228	4.395
10.727	-0.927	3.942E-3	0.927	-4.136E-2	8.162E-2	9.150E-2	0.856	1.006	1.321
10.744	-0.928	5.547E-3	0.928	-2.546E-2	8.459E-2	8.834E-2	0.855	-0.349	0.924
10.761	-0.928	6.765E-3	0.928	-1.151E-2	6.564E-2	6.664E-2	0.108	-0.442	0.455
10.777	-0.928	7.737E-3	0.928	-2.021E-2	6.801E-2	7.095E-2	-0.785	-0.386	0.874
10.794	-0.929	9.034E-3	0.929	-4.088E-2	5.924E-2	7.197E-2	-0.956	-0.877	1.297
10.811	-0.929	9.714E-3	0.929	-5.199E-2	3.315E-2	6.166E-2	-1.213	-1.279	1.762
10.827	-0.930	1.014E-2	0.930	-7.796E-2	1.811E-2	8.003E-2	-1.920	-0.954	2.143
10.844	-0.932	1.032E-2	0.932	-0.119	1.583E-3	0.119	-2.164	-1.064	2.411
10.861	-0.934	1.019E-2	0.934	-0.151	-1.749E-2	0.152	-0.889	-0.714	1.141
10.878	-0.937	9.734E-3	0.937	-0.152	-2.427E-2	0.153	2.123E-2	-0.978	0.978
10.894	-0.939	9.383E-3	0.939	-0.144	-4.443E-2	0.151	0.460	-0.474	0.660
10.911	-0.942	8.252E-3	0.942	-0.140	-4.980E-2	0.149	-0.149	0.285	0.322
10.928	-0.944	7.721E-3	0.944	-0.144	-2.709E-2	0.147	0.290	0.272	0.398
10.944	-0.947	7.348E-3	0.947	-0.138	-3.951E-2	0.143	0.498	0.528	0.726
10.961	-0.949	6.403E-3	0.949	-0.120	-2.024E-2	0.122	1.146	1.137	1.614
10.978	-0.951	6.672E-3	0.951	-0.105	1.189E-2	0.106	0.934	0.757	1.202
10.994	-0.952	6.800E-3	0.952	-8.477E-2	-2.549E-4	8.477E-2	0.636	0.771	1.000
11.011	-0.953	6.664E-3	0.954	-8.480E-2	3.046E-2	9.011E-2	0.218	1.140	1.161
11.028	-0.955	7.816E-3	0.955	-8.027E-2	5.233E-2	9.582E-2	0.657	1.315	1.470
11.044	-0.956	8.410E-3	0.956	-6.149E-2	6.050E-2	8.626E-2	1.042	1.293	1.661
11.061	-0.957	9.835E-3	0.957	-4.461E-2	0.103	0.112	0.665	1.043	1.237
11.078	-0.958	1.183E-2	0.958	-3.888E-2	9.953E-2	0.107	0.120	-0.638	0.649
11.094	-0.958	1.316E-2	0.958	-4.142E-2	7.385E-2	8.467E-2	-0.292	-1.295	1.328
11.111	-0.959	1.430E-2	0.959	-4.835E-2	5.895E-2	7.624E-2	-0.506	-0.888	1.023
11.128	-0.960	1.512E-2	0.960	-5.872E-2	4.322E-2	7.291E-2	-1.460	-1.207	1.894
11.144	-0.961	1.574E-2	0.961	-9.363E-2	2.053E-2	9.585E-2	-2.031	-1.156	2.337
11.161	-0.963	1.581E-2	0.963	-0.133	1.306E-3	0.133	-1.733	-0.758	1.891
11.178	-0.965	1.578E-2	0.966	-0.149	-3.042E-3	0.149	-0.857	-0.837	1.198
11.195	-0.968	1.571E-2	0.968	-0.161	-2.387E-2	0.163	-0.588	-0.437	0.732
11.211	-0.971	1.498E-2	0.971	-0.169	-2.548E-2	0.171	-0.195	-0.445	0.486
11.228	-0.974	1.486E-2	0.974	-0.168	-2.799E-2	0.170	0.378	-0.253	0.455
11.245	-0.976	1.405E-2	0.977	-0.156	-4.300E-2	0.162	0.531	-0.459	0.702
11.261	-0.979	1.342E-2	0.979	-0.148	-3.875E-2	0.153	0.616	0.587	0.851
11.278	-0.981	1.276E-2	0.981	-0.138	-2.638E-2	0.141	0.662	1.140	1.318
11.295	-0.983	1.254E-2	0.984	-0.124	1.220E-3	0.124	0.559	1.277	1.394
11.311	-0.985	1.280E-2	0.986	-0.120	1.802E-2	0.121	0.647	1.249	1.407
11.328	-0.987	1.314E-2	0.988	-0.105	3.898E-2	0.112	0.618	1.096	1.258
11.345	-0.989	1.410E-2	0.989	-9.425E-2	5.919E-2	0.111	0.935	1.446	1.722
11.361	-0.991	1.512E-2	0.991	-8.010E-2	8.211E-2	0.115	1.215	1.247	1.741
11.378	-0.992	1.684E-2	0.992	-4.957E-2	0.106	0.117	0.993	0.385	1.065
11.395	-0.992	1.866E-2	0.992	-4.506E-2	9.482E-2	0.105	-4.069E-2	-0.877	0.878
11.411	-0.993	2.000E-2	0.993	-5.454E-2	7.339E-2	9.144E-2	-0.380	-1.193	1.252
11.428	-0.994	2.111E-2	0.994	-5.710E-2	5.642E-2	8.028E-2	-0.899	-1.009	1.351
11.445	-0.995	2.189E-2	0.995	-8.113E-2	3.904E-2	9.003E-2	-1.069	-1.084	1.522
11.461	-0.997	2.241E-2	0.997	-9.999E-2	2.097E-2	0.102	-1.557	-1.004	1.853
11.478	-0.998	2.259E-2	0.999	-0.124	4.485E-3	0.124	-1.334	-0.956	1.641
11.495	-1.001	2.256E-2	1.001	-0.153	-9.944E-3	0.154	-1.110	-1.145	1.595
11.512	-1.004	2.225E-2	1.004	-0.157	-3.316E-2	0.160	-0.719	-0.388	0.817
11.528	-1.006	2.145E-2	1.006	-0.176	-2.868E-2	0.178	-0.399	-0.332	0.519
11.545	-1.009	2.130E-2	1.010	-0.176	-3.323E-2	0.180	9.053E-2	1.625E-2	9.198E-2
11.562	-1.012	2.034E-2	1.012	-0.166	-4.011E-2	0.170	0.737	4.072E-2	0.738
11.578	-1.015	1.996E-2	1.015	-0.157	-2.357E-2	0.159	0.486	0.647	0.809
11.595	-1.017	1.956E-2	1.018	-0.145	-2.143E-2	0.147	0.993	0.420	1.078
11.612	-1.020	1.924E-2	1.020	-0.129	-1.002E-2	0.129	1.297	0.739	1.493
11.628	-1.022	1.922E-2	1.022	-9.851E-2	4.561E-3	9.862E-2	1.420	1.117	1.807
11.645	-1.023	1.940E-2	1.023	-8.065E-2	2.547E-2	8.457E-2	0.565	1.639	1.734
11.662	-1.024	2.007E-2	1.025	-7.959E-2	6.000E-2	9.967E-2	0.171	1.704	1.713
11.678	-1.026	2.140E-2	1.026	-7.753E-2	8.489E-2	0.115	0.777	0.849	1.151
11.695	-1.027	2.291E-2	1.027	-5.400E-2	8.757E-2	0.103	0.993	0.416	1.077
11.712	-1.028	2.432E-2	1.028	-3.970E-2	9.562E-2	0.104	0.145	0.129	0.194
11.728	-1.028	2.610E-2	1.029	-5.145E-2	9.679E-2	0.110	-0.256	-0.373	0.452
11.745	-1.029	2.755E-2	1.030	-5.136E-2	7.986E-2	9.495E-2	-8.647E-2	-1.380	1.383
11.762	-1.030	2.876E-2	1.030	-4.975E-2	5.290E-2	7.262E-2	-0.810	-1.333	1.560
11.778	-1.031	2.931E-2	1.031	-7.844E-2	3.104E-2	8.436E-2	-1.848	-1.443	2.345
11.795	-1.033	2.980E-2	1.033	-0.115	9.718E-3	0.115	-2.007	-0.605	2.096
11.812	-1.035	2.964E-2	1.035	-0.144	3.767E-3	0.144	-2.307	-0.585	2.380
11.828	-1.037	2.992E-2	1.038	-0.190	-7.079E-4	0.190	-1.260	-0.305	1.296
11.845	-1.041	2.961E-2	1.041	-0.196	-1.402E-2	0.197	-7.845E-2	-0.464	0.471
11.862	-1.044	2.945E-2	1.044	-0.180	-1.204E-2	0.180	0.874	-0.167	0.890
11.879	-1.047	2.921E-2	1.047	-0.174	-2.012E-2	0.176	0.809	-0.430	0.916
11.895	-1.050	2.878E-2	1.050	-0.150	-2.740E-2	0.152	0.939	-5.896E-2	0.941
11.912	-1.052	2.830E-2	1.052	-0.141	-2.267E-2	0.143	0.801	0.626	1.017
11.929	-1.054	2.803E-2	1.055	-0.128	-5.929E-3	0.128	0.816	1.324	1.555
11.945	-1.056	2.810E-2	1.057	-0.109	2.116E-2	0.111	0.420	1.488	1.547
11.962	-1.058	2.873E-2	1.058	-0.114	4.589E-2	0.123	4.323E-2	1.602	1.602
11.979	-1.060	2.963E-2	1.061	-0.112	7.192E-2	0.133	0.653	2.028	2.130
11.995	-1.062	3.113E-2	1.062	-9.038E-2	0.114	0.146	1.276	1.711	2.135
12.012	-1.063	3.344E-2	1.064	-6.882E-2	0.134	0.151	1.484	-4.200E-2	1.485
12.029	-1.064	3.560E-2	1.065	-4.189E-2	0.111	0.118	0.663	-1.456	1.600
12.045	-1.065	3.713E-2	1.065	-4.115E-2	8.197E-2	9.172E-2	-0.378	-1.233	1.290
12.062	-1.065	3.834E-2	1.066	-6.087E-2	6.982E-2	9.263E-2	-0.922	-0.917	1.300
12.079	-1.067	3.946E-2	1.067	-6.999E-2	5.402E-2	8.841E-2			
12.095	-1.068	4.014E-2	1.069						
