	mass C		
t	x	y	
0.000	2.714E-4	6.313E-4
0.017	1.458E-4	2.301E-3
0.033	7.811E-5	4.674E-3
0.050	-1.143E-5	5.525E-3
0.067	-1.922E-4	6.973E-3
0.083	-2.918E-4	9.158E-3
0.100	4.118E-4	1.100E-2
0.117	5.480E-4	1.231E-2
0.133	1.210E-3	1.366E-2
0.150	3.090E-3	1.512E-2
0.167	5.565E-3	1.675E-2
0.184	6.722E-3	1.792E-2
0.200	8.184E-3	1.937E-2
0.217	9.873E-3	2.084E-2
0.234	1.129E-2	2.278E-2
0.250	1.165E-2	2.374E-2
0.267	1.273E-2	2.596E-2
0.284	1.394E-2	2.764E-2
0.300	1.365E-2	2.931E-2
0.317	1.398E-2	3.112E-2
0.334	1.337E-2	3.317E-2
0.350	1.283E-2	3.425E-2
0.367	1.287E-2	3.646E-2
0.384	1.245E-2	3.839E-2
0.400	1.230E-2	3.972E-2
0.417	1.246E-2	4.119E-2
0.434	1.320E-2	4.211E-2
0.450	1.476E-2	4.411E-2
0.467	1.600E-2	4.507E-2
0.484	1.798E-2	4.560E-2
0.500	1.926E-2	4.740E-2
0.517	2.102E-2	4.884E-2
0.534	2.261E-2	4.998E-2
0.551	2.432E-2	5.122E-2
0.567	2.533E-2	5.292E-2
0.584	2.682E-2	5.420E-2
0.601	2.709E-2	5.561E-2
0.617	2.791E-2	5.701E-2
0.634	2.807E-2	5.830E-2
0.651	2.806E-2	5.935E-2
0.667	2.780E-2	6.171E-2
0.684	2.694E-2	6.262E-2
0.701	2.666E-2	6.347E-2
0.717	2.633E-2	6.385E-2
0.734	2.612E-2	6.558E-2
0.751	2.650E-2	6.623E-2
0.767	2.781E-2	6.770E-2
0.784	2.899E-2	6.875E-2
0.801	2.927E-2	6.990E-2
0.817	3.263E-2	7.039E-2
0.834	3.495E-2	7.180E-2
0.851	3.647E-2	7.206E-2
0.868	3.782E-2	7.289E-2
0.884	4.010E-2	7.436E-2
0.901	4.052E-2	7.446E-2
0.918	4.172E-2	7.542E-2
0.934	4.253E-2	7.662E-2
0.951	4.255E-2	7.713E-2
0.968	4.259E-2	7.825E-2
0.984	4.242E-2	7.957E-2
1.001	4.230E-2	8.029E-2
1.018	4.195E-2	8.088E-2
1.034	4.213E-2	8.152E-2
1.051	4.253E-2	8.211E-2
1.068	4.269E-2	8.263E-2
1.084	4.298E-2	8.331E-2
1.101	4.475E-2	8.395E-2
1.118	4.609E-2	8.436E-2
1.134	4.826E-2	8.455E-2
1.151	4.987E-2	8.459E-2
1.168	5.237E-2	8.521E-2
1.185	5.436E-2	8.590E-2
1.201	5.594E-2	8.594E-2
1.218	5.752E-2	8.660E-2
1.235	5.746E-2	8.671E-2
1.251	5.944E-2	8.770E-2
1.268	5.995E-2	8.833E-2
1.285	6.093E-2	8.972E-2
1.301	6.071E-2	9.041E-2
1.318	6.033E-2	9.132E-2
1.335	6.090E-2	9.198E-2
1.351	6.011E-2	9.218E-2
1.368	5.959E-2	9.284E-2
1.385	5.999E-2	9.327E-2
1.401	6.118E-2	9.440E-2
1.418	6.172E-2	9.498E-2
1.435	6.367E-2	9.530E-2
1.451	6.483E-2	9.527E-2
1.468	6.839E-2	9.622E-2
1.485	7.039E-2	9.673E-2
1.501	7.221E-2	9.728E-2
1.518	7.404E-2	9.805E-2
1.535	7.534E-2	9.796E-2
1.552	7.695E-2	9.891E-2
1.568	7.772E-2	9.918E-2
1.585	7.914E-2	0.100
1.602	7.907E-2	0.100
1.618	7.965E-2	0.102
1.635	7.869E-2	0.102
1.652	7.912E-2	0.103
1.668	7.950E-2	0.104
1.685	7.946E-2	0.105
1.702	7.976E-2	0.105
1.718	7.964E-2	0.105
1.735	8.102E-2	0.105
1.752	8.153E-2	0.106
1.768	8.403E-2	0.107
1.785	8.549E-2	0.107
1.802	8.778E-2	0.107
1.818	8.937E-2	0.107
1.835	9.044E-2	0.108
1.852	9.199E-2	0.108
1.869	9.290E-2	0.109
1.885	9.367E-2	0.109
1.902	9.432E-2	0.109
1.919	9.492E-2	0.109
1.935	9.510E-2	0.110
1.952	9.487E-2	0.111
1.969	9.450E-2	0.112
1.985	9.378E-2	0.112
2.002	9.414E-2	0.112
2.019	9.397E-2	0.113
2.035	9.399E-2	0.113
2.052	9.465E-2	0.113
2.069	9.526E-2	0.113
2.085	9.654E-2	0.113
2.102	9.814E-2	0.113
2.119	9.978E-2	0.113
2.135	0.102	0.113
2.152	0.103	0.113
2.169	0.105	0.113
2.186	0.106	0.113
2.202	0.106	0.113
2.219	0.107	0.113
2.236	0.107	0.113
2.252	0.108	0.113
2.269	0.108	0.113
2.286	0.108	0.113
2.302	0.107	0.114
2.319	0.106	0.114
2.336	0.106	0.114
2.352	0.106	0.114
2.369	0.106	0.114
2.386	0.106	0.114
2.402	0.107	0.114
2.419	0.108	0.114
2.436	0.110	0.114
2.452	0.111	0.114
2.469	0.112	0.114
2.486	0.113	0.114
2.502	0.114	0.114
2.519	0.116	0.114
2.536	0.117	0.114
2.553	0.118	0.114
2.569	0.118	0.114
2.586	0.118	0.114
2.603	0.118	0.115
2.619	0.116	0.115
2.636	0.116	0.115
2.653	0.116	0.116
2.669	0.116	0.116
2.686	0.116	0.117
2.703	0.116	0.117
2.719	0.116	0.117
2.736	0.117	0.117
2.753	0.118	0.117
2.769	0.120	0.116
2.786	0.121	0.117
2.803	0.123	0.117
2.819	0.125	0.117
2.836	0.125	0.117
2.853	0.126	0.117
2.870	0.126	0.117
2.886	0.127	0.117
2.903	0.127	0.117
2.920	0.127	0.117
2.936	0.127	0.118
2.953	0.126	0.118
2.970	0.125	0.118
2.986	0.124	0.118
3.003	0.124	0.118
3.020	0.124	0.118
3.036	0.124	0.118
3.053	0.126	0.118
3.070	0.127	0.118
3.086	0.128	0.118
3.103	0.130	0.117
3.120	0.131	0.117
3.136	0.132	0.117
3.153	0.133	0.116
3.170	0.134	0.116
3.187	0.134	0.116
3.203	0.135	0.116
3.220	0.135	0.116
3.237	0.135	0.116
3.253	0.135	0.116
3.270	0.134	0.116
3.287	0.133	0.115
3.303	0.133	0.115
3.320	0.132	0.115
3.337	0.132	0.115
3.353	0.132	0.115
3.370	0.133	0.114
3.387	0.134	0.113
3.403	0.135	0.113
3.420	0.137	0.112
3.437	0.138	0.112
3.453	0.139	0.111
3.470	0.141	0.111
3.487	0.141	0.110
3.503	0.142	0.110
3.520	0.142	0.110
3.537	0.142	0.109
3.554	0.142	0.109
3.570	0.141	0.110
3.587	0.141	0.109
3.604	0.140	0.109
3.620	0.139	0.109
3.637	0.139	0.109
3.654	0.139	0.109
3.670	0.138	0.109
3.687	0.138	0.108
3.704	0.139	0.108
3.720	0.140	0.107
3.737	0.142	0.107
3.754	0.143	0.107
3.770	0.144	0.106
3.787	0.146	0.106
3.804	0.146	0.106
3.820	0.146	0.106
3.837	0.147	0.106
3.854	0.147	0.105
3.871	0.147	0.105
3.887	0.147	0.105
3.904	0.147	0.105
3.921	0.146	0.104
3.937	0.145	0.104
3.954	0.144	0.104
3.971	0.143	0.104
3.987	0.143	0.104
4.004	0.143	0.104
4.021	0.144	0.103
4.037	0.145	0.102
4.054	0.146	0.101
4.071	0.148	0.102
4.087	0.150	0.101
4.104	0.151	0.101
4.121	0.152	9.968E-2
4.137	0.153	9.920E-2
4.154	0.153	9.863E-2
4.171	0.154	9.833E-2
4.188	0.154	9.833E-2
4.204	0.154	9.785E-2
4.221	0.153	9.746E-2
4.238	0.153	9.726E-2
4.254	0.152	9.702E-2
4.271	0.150	9.669E-2
4.288	0.150	9.639E-2
4.304	0.149	9.623E-2
4.321	0.149	9.556E-2
4.338	0.150	9.513E-2
4.354	0.151	9.460E-2
4.371	0.152	9.398E-2
4.388	0.154	9.319E-2
4.404	0.155	9.278E-2
4.421	0.156	9.184E-2
4.438	0.157	9.112E-2
4.454	0.158	9.086E-2
4.471	0.159	9.060E-2
4.488	0.160	9.025E-2
4.504	0.159	8.984E-2
4.521	0.160	8.912E-2
4.538	0.159	8.923E-2
4.555	0.159	8.907E-2
4.571	0.158	8.883E-2
4.588	0.157	8.814E-2
4.605	0.157	8.771E-2
4.621	0.156	8.739E-2
4.638	0.156	8.643E-2
4.655	0.156	8.602E-2
4.671	0.157	8.504E-2
4.688	0.158	8.486E-2
4.705	0.159	8.454E-2
4.721	0.162	8.387E-2
4.738	0.162	8.249E-2
4.755	0.162	8.168E-2
4.771	0.163	8.131E-2
4.788	0.164	8.099E-2
4.805	0.165	8.047E-2
4.821	0.165	7.966E-2
4.838	0.164	7.911E-2
4.855	0.165	7.863E-2
4.872	0.164	7.838E-2
4.888	0.164	7.813E-2
4.905	0.163	7.821E-2
4.922	0.162	7.768E-2
4.938	0.161	7.710E-2
4.955	0.159	7.639E-2
4.972	0.160	7.581E-2
4.988	0.159	7.509E-2
5.005	0.160	7.471E-2
5.022	0.162	7.410E-2
5.038	0.163	7.356E-2
5.055	0.164	7.306E-2
5.072	0.165	7.221E-2
5.088	0.166	7.145E-2
5.105	0.168	7.064E-2
5.122	0.168	7.027E-2
5.138	0.168	6.946E-2
5.155	0.168	6.935E-2
5.172	0.168	6.911E-2
5.189	0.168	6.843E-2
5.205	0.167	6.778E-2
5.222	0.166	6.726E-2
5.239	0.166	6.655E-2
5.255	0.164	6.609E-2
5.272	0.164	6.506E-2
5.289	0.163	6.467E-2
5.305	0.163	6.416E-2
5.322	0.164	6.331E-2
5.339	0.165	6.242E-2
5.355	0.166	6.175E-2
5.372	0.167	6.072E-2
5.389	0.168	5.980E-2
5.405	0.170	5.906E-2
5.422	0.171	5.804E-2
5.439	0.174	5.791E-2
5.455	0.171	5.626E-2
5.472	0.172	5.558E-2
5.489	0.173	5.521E-2
5.505	0.172	5.443E-2
5.522	0.171	5.358E-2
5.539	0.171	5.301E-2
5.556	0.170	5.214E-2
5.572	0.169	5.155E-2
5.589	0.168	5.062E-2
5.606	0.168	4.995E-2
5.622	0.167	4.907E-2
5.639	0.169	4.874E-2
5.656	0.170	4.767E-2
5.672	0.169	4.651E-2
5.689	0.169	4.553E-2
5.706	0.170	4.440E-2
5.722	0.172	4.333E-2
5.739	0.174	4.232E-2
5.756	0.174	4.121E-2
5.772	0.175	4.076E-2
5.789	0.176	4.003E-2
5.806	0.176	3.929E-2
5.822	0.177	3.849E-2
5.839	0.176	3.796E-2
5.856	0.176	3.728E-2
5.873	0.175	3.675E-2
5.889	0.174	3.619E-2
5.906	0.173	3.537E-2
5.923	0.173	3.528E-2
5.939	0.171	3.440E-2
5.956	0.172	3.366E-2
5.973	0.172	3.309E-2
5.989	0.172	3.214E-2
6.006	0.174	3.139E-2
6.023	0.175	3.085E-2
6.039	0.177	2.961E-2
6.056	0.179	2.849E-2
6.073	0.179	2.785E-2
6.089	0.180	2.728E-2
6.106	0.181	2.639E-2
6.123	0.181	2.596E-2
6.139	0.181	2.517E-2
6.156	0.181	2.462E-2
6.173	0.181	2.442E-2
6.190	0.180	2.390E-2
6.206	0.179	2.334E-2
6.223	0.178	2.246E-2
6.240	0.177	2.176E-2
6.256	0.177	2.096E-2
6.273	0.177	2.057E-2
6.290	0.178	1.974E-2
6.306	0.179	1.895E-2
6.323	0.180	1.817E-2
6.340	0.181	1.745E-2
6.356	0.183	1.617E-2
6.373	0.184	1.469E-2
6.390	0.185	1.395E-2
6.406	0.186	1.332E-2
6.423	0.187	1.245E-2
6.440	0.187	1.197E-2
6.456	0.187	1.118E-2
6.473	0.187	1.046E-2
6.490	0.187	9.704E-3
6.506	0.186	9.162E-3
6.523	0.185	8.406E-3
6.540	0.185	7.730E-3
6.557	0.185	7.197E-3
6.573	0.184	6.006E-3
6.590	0.184	4.887E-3
6.607	0.185	4.352E-3
6.623	0.185	3.026E-3
6.640	0.186	2.173E-3
6.657	0.187	1.084E-3
6.673	0.189	-2.726E-4
6.690	0.191	-1.226E-3
6.707	0.192	-2.188E-3
6.723	0.193	-3.461E-3
6.740	0.193	-4.678E-3
6.757	0.194	-5.108E-3
6.773	0.194	-6.001E-3
6.790	0.194	-7.290E-3
6.807	0.194	-7.724E-3
6.823	0.193	-8.481E-3
6.840	0.193	-9.148E-3
6.857	0.192	-1.027E-2
6.874	0.191	-1.105E-2
6.890	0.190	-1.211E-2
6.907	0.190	-1.281E-2
6.924	0.190	-1.385E-2
6.940	0.190	-1.496E-2
6.957	0.191	-1.658E-2
6.974	0.193	-1.737E-2
6.990	0.194	-1.802E-2
7.007	0.196	-1.952E-2
7.024	0.197	-2.075E-2
7.040	0.198	-2.207E-2
7.057	0.199	-2.259E-2
7.074	0.200	-2.352E-2
7.090	0.200	-2.463E-2
7.107	0.200	-2.588E-2
7.124	0.201	-2.641E-2
7.140	0.200	-2.738E-2
7.157	0.199	-2.807E-2
7.174	0.198	-2.928E-2
7.191	0.198	-2.985E-2
7.207	0.198	-3.062E-2
7.224	0.197	-3.146E-2
7.241	0.197	-3.260E-2
7.257	0.197	-3.394E-2
7.274	0.198	-3.535E-2
7.291	0.200	-3.631E-2
7.307	0.201	-3.713E-2
7.324	0.202	-3.840E-2
7.341	0.204	-3.969E-2
7.357	0.205	-4.102E-2
7.374	0.207	-4.178E-2
7.391	0.208	-4.244E-2
7.407	0.208	-4.364E-2
7.424	0.208	-4.468E-2
7.441	0.209	-4.514E-2
7.457	0.208	-4.606E-2
7.474	0.208	-4.684E-2
7.491	0.207	-4.772E-2
